突破ID	有效标志位	星级	灵宠等级要求	消耗道具	消耗数量	战斗属性ID	遣散返还灵宠币数量
[C][S]id	0	[C][S]star	[C][S]needLvl	[C][S]needItem	[C][S]needNum	[C][S]fightAttrID	[S]
100010	1	0	40	410510001	5	991001	0
100020	1	0	40	410510002	5	991001	0
100030	1	0	40	410510003	5	991001	0
100040	1	0	40	410510004	5	991002	0
200010	1	0	40	410520001	5	992001	0
200020	1	0	40	410520002	5	992001	0
200030	1	0	40	410520003	5	992002	0
200040	1	0	40	410520004	5	992002	0
200050	1	0	40	410520005	5	992003	0
200060	1	0	40	410520006	5	992001	0
300010	1	0	40	410530001	5	993001	0
300020	1	0	40	410530002	5	993001	0
300030	1	0	40	410530003	5	993001	0
300040	1	0	40	410530004	5	993002	0
300050	1	0	40	410530005	5	993002	0
300060	1	0	40	410530006	5	993002	0
300070	1	0	40	410530007	5	993003	0
300080	1	0	40	410530008	5	993003	0
300090	1	0	40	410530009	5	993003	0
300100	1	0	40	410530010	5	993003	0
300110	1	0	40	410530011	5	993003	0
300120	1	0	40	410530012	5	993003	0
300130	1	0	40	410530013	5	993003	0
300140	1	0	40	410530014	5	993003	0
300150	1	0	40	410530015	5	993003	0
400010	1	0	60	410540001	10	994011	0
400020	1	0	40	410540002	10	994001	0
400030	1	0	60	410540003	10	994013	0
400040	1	0	60	410540004	10	994012	0
400050	1	0	40	410540005	10	994002	0
400060	1	0	40	410540006	10	994002	0
400070	1	0	40	410540007	10	994002	0
400080	1	0	40	410540008	10	994003	0
400090	1	0	60	410540009	10	994013	0
400100	1	0	40	410540010	10	994001	0
400110	1	0	40	410540011	10	994101	0
400120	1	0	40	410540011	10	994111	0
400130	1	0	60	410540011	20	994121	0
400140	1	0	60	410540011	30	994131	0
400150	1	0	1080	410540011	40	994141	0
400210	1	0	40	410540021	10	994102	0
400220	1	0	40	410540021	10	994112	0
400230	1	0	60	410540021	20	994122	0
400240	1	0	60	410540021	30	994132	0
400250	1	0	1080	410540021	40	994142	0
600010	1	0	1080	410560001	15	996021	0
600020	1	0	40	410560002	15	996001	0
600030	1	0	40	410560003	15	996002	0
600040	1	0	60	410560004	15	996011	0
600050	1	0	60	410560005	15	996012	0
600060	1	0	60	410560006	15	996013	0
600070	1	0	40	410560007	15	996002	0
600080	1	0	60	410560008	15	996011	0
600090	1	0	1080	410560009	15	996022	0
600100	1	0	1080	410560010	15	996023	0
600110	1	0	40	410560011	15	996101	0
600120	1	0	40	410560011	15	996111	0
600130	1	0	60	410560011	15	996121	0
600140	1	0	60	410560011	15	996131	0
600150	1	0	1080	410560011	15	996141	0
600160	1	0	2100	410560011	30	996151	0
600170	1	0	2120	410560011	45	996161	0
600180	1	0	3120	410560011	60	996171	0
600190	1	0	3140	410560011	75	996181	0
600200	1	0	4160	410560011	90	996191	0
100010	1	1	40	410510001	5	991001	5
100020	1	1	40	410510002	5	991001	5
100030	1	1	40	410510003	5	991001	5
100040	1	1	40	410510004	5	991002	5
200010	1	1	40	410520001	5	992001	10
200020	1	1	40	410520002	5	992001	10
200030	1	1	40	410520003	5	992002	10
200040	1	1	40	410520004	5	992002	10
200050	1	1	40	410520005	5	992003	10
200060	1	1	40	410520006	5	992001	10
300010	1	1	40	410530001	5	993001	50
300020	1	1	40	410530002	5	993001	50
300030	1	1	40	410530003	5	993001	50
300040	1	1	40	410530004	5	993002	50
300050	1	1	40	410530005	5	993002	50
300060	1	1	40	410530006	5	993002	50
300070	1	1	40	410530007	5	993003	50
300080	1	1	40	410530008	5	993003	50
300090	1	1	40	410530009	5	993003	50
300100	1	1	40	410530010	5	993003	50
300110	1	1	40	410530011	5	993003	50
300120	1	1	40	410530012	5	993003	50
300130	1	1	40	410530013	5	993003	50
300140	1	1	40	410530014	5	993003	50
300150	1	1	40	410530015	5	993003	50
400010	1	1	80	410540001	10	994011	500
400020	1	1	40	410540002	10	994001	500
400030	1	1	80	410540003	10	994013	500
400040	1	1	80	410540004	10	994012	500
400050	1	1	40	410540005	10	994002	500
400060	1	1	40	410540006	10	994002	500
400070	1	1	40	410540007	10	994002	500
400080	1	1	40	410540008	10	994003	500
400090	1	1	80	410540009	10	994013	500
400100	1	1	40	410540010	10	994001	500
400110	1	1	40	410540011	10	994101	500
400120	1	1	40	410540011	20	994111	500
400130	1	1	80	410540011	30	994121	500
400140	1	1	80	410540011	40	994131	500
400150	1	1	2100	410540011	50	994141	1000
400210	1	1	40	410540021	10	994102	500
400220	1	1	40	410540021	20	994112	500
400230	1	1	80	410540021	30	994122	500
400240	1	1	80	410540021	40	994132	500
400250	1	1	2100	410540021	50	994142	1000
600010	1	1	2100	410560001	15	996021	375
600020	1	1	40	410560002	15	996001	375
600030	1	1	40	410560003	15	996002	375
600040	1	1	80	410560004	15	996011	375
600050	1	1	80	410560005	15	996012	375
600060	1	1	80	410560006	15	996013	375
600070	1	1	40	410560007	15	996002	375
600080	1	1	80	410560008	15	996011	375
600090	1	1	2100	410560009	15	996022	375
600100	1	1	2100	410560010	15	996023	375
600110	1	1	40	410560011	15	996101	375
600120	1	1	40	410560011	15	996111	375
600130	1	1	80	410560011	15	996121	375
600140	1	1	80	410560011	15	996131	375
600150	1	1	2100	410560011	30	996141	375
600160	1	1	2120	410560011	45	996151	375
600170	1	1	3120	410560011	60	996161	375
600180	1	1	3140	410560011	75	996171	375
600190	1	1	4140	410560011	90	996181	375
600200	1	1	4160	410560011	105	996191	375
100010	1	2	60	410510001	10	991001	10
100020	1	2	60	410510002	10	991001	10
100030	1	2	60	410510003	10	991001	10
100040	1	2	60	410510004	10	991002	10
200010	1	2	60	410520001	10	992001	20
200020	1	2	60	410520002	10	992001	20
200030	1	2	60	410520003	10	992002	20
200040	1	2	60	410520004	10	992002	20
200050	1	2	60	410520005	10	992003	20
200060	1	2	60	410520006	10	992001	20
300010	1	2	60	410530001	10	993001	100
300020	1	2	60	410530002	10	993001	100
300030	1	2	60	410530003	10	993001	100
300040	1	2	60	410530004	10	993002	100
300050	1	2	60	410530005	10	993002	100
300060	1	2	60	410530006	10	993002	100
300070	1	2	60	410530007	10	993003	100
300080	1	2	60	410530008	10	993003	100
300090	1	2	60	410530009	10	993003	100
300100	1	2	60	410530010	10	993003	100
300110	1	2	60	410530011	10	993003	100
300120	1	2	60	410530012	10	993003	100
300130	1	2	60	410530013	10	993003	100
300140	1	2	60	410530014	10	993003	100
300150	1	2	60	410530015	10	993003	100
400010	1	2	1080	410540001	20	994011	1000
400020	1	2	60	410540002	20	994001	1000
400030	1	2	1080	410540003	20	994013	1000
400040	1	2	1080	410540004	20	994012	1000
400050	1	2	60	410540005	20	994002	1000
400060	1	2	60	410540006	20	994002	1000
400070	1	2	60	410540007	20	994002	1000
400080	1	2	60	410540008	20	994003	1000
400090	1	2	1080	410540009	20	994013	1000
400100	1	2	60	410540010	20	994001	1000
400110	1	2	60	410540011	20	994101	1000
400120	1	2	60	410540011	30	994111	1000
400130	1	2	1080	410540011	40	994121	1000
400140	1	2	1080	410540011	50	994131	1000
400150	1	2	2120	410540011	60	994141	2000
400210	1	2	60	410540021	20	994102	1000
400220	1	2	60	410540021	30	994112	1000
400230	1	2	1080	410540021	40	994122	1000
400240	1	2	1080	410540021	50	994132	1000
400250	1	2	2120	410540021	60	994142	2000
600010	1	2	2120	410560001	30	996021	750
600020	1	2	60	410560002	30	996001	750
600030	1	2	60	410560003	30	996002	750
600040	1	2	1080	410560004	30	996011	750
600050	1	2	1080	410560005	30	996012	750
600060	1	2	1080	410560006	30	996013	750
600070	1	2	60	410560007	30	996002	750
600080	1	2	1080	410560008	30	996011	750
600090	1	2	2120	410560009	30	996022	750
600100	1	2	2120	410560010	30	996023	750
600110	1	2	60	410560011	30	996101	750
600120	1	2	60	410560011	30	996111	750
600130	1	2	1080	410560011	30	996121	750
600140	1	2	1080	410560011	30	996131	750
600150	1	2	2120	410560011	45	996141	750
600160	1	2	3120	410560011	60	996151	750
600170	1	2	3140	410560011	75	996161	750
600180	1	2	4140	410560011	90	996171	750
600190	1	2	4160	410560011	105	996181	750
600200	1	2	5160	410560011	120	996191	750
100010	1	3	60	410510001	15	991001	20
100020	1	3	60	410510002	15	991001	20
100030	1	3	60	410510003	15	991001	20
100040	1	3	60	410510004	15	991002	20
200010	1	3	60	410520001	15	992001	40
200020	1	3	60	410520002	15	992001	40
200030	1	3	60	410520003	15	992002	40
200040	1	3	60	410520004	15	992002	40
200050	1	3	60	410520005	15	992003	40
200060	1	3	60	410520006	15	992001	40
300010	1	3	60	410530001	15	993001	200
300020	1	3	60	410530002	15	993001	200
300030	1	3	60	410530003	15	993001	200
300040	1	3	60	410530004	15	993002	200
300050	1	3	60	410530005	15	993002	200
300060	1	3	60	410530006	15	993002	200
300070	1	3	60	410530007	15	993003	200
300080	1	3	60	410530008	15	993003	200
300090	1	3	60	410530009	15	993003	200
300100	1	3	60	410530010	15	993003	200
300110	1	3	60	410530011	15	993003	200
300120	1	3	60	410530012	15	993003	200
300130	1	3	60	410530013	15	993003	200
300140	1	3	60	410530014	15	993003	200
300150	1	3	60	410530015	15	993003	200
400010	1	3	1080	410540001	30	994011	2000
400020	1	3	60	410540002	30	994001	2000
400030	1	3	1080	410540003	30	994013	2000
400040	1	3	1080	410540004	30	994012	2000
400050	1	3	60	410540005	30	994002	2000
400060	1	3	60	410540006	30	994002	2000
400070	1	3	60	410540007	30	994002	2000
400080	1	3	60	410540008	30	994003	2000
400090	1	3	1080	410540009	30	994013	2000
400100	1	3	60	410540010	30	994001	2000
400110	1	3	60	410540011	30	994101	2000
400120	1	3	60	410540011	40	994111	2000
400130	1	3	1080	410540011	50	994121	2000
400140	1	3	1080	410540011	60	994131	2000
400150	1	3	3120	410540011	70	994141	4000
400210	1	3	60	410540021	30	994102	2000
400220	1	3	60	410540021	40	994112	2000
400230	1	3	1080	410540021	50	994122	2000
400240	1	3	1080	410540021	60	994132	2000
400250	1	3	3120	410540021	70	994142	4000
600010	1	3	3120	410560001	45	996021	1500
600020	1	3	60	410560002	45	996001	1500
600030	1	3	60	410560003	45	996002	1500
600040	1	3	1080	410560004	45	996011	1500
600050	1	3	1080	410560005	45	996012	1500
600060	1	3	1080	410560006	45	996013	1500
600070	1	3	60	410560007	45	996002	1500
600080	1	3	1080	410560008	45	996011	1500
600090	1	3	3120	410560009	45	996022	1500
600100	1	3	3120	410560010	45	996023	1500
600110	1	3	60	410560011	45	996101	1500
600120	1	3	60	410560011	45	996111	1500
600130	1	3	1080	410560011	45	996121	1500
600140	1	3	1080	410560011	45	996131	1500
600150	1	3	3120	410560011	60	996141	1500
600160	1	3	3140	410560011	75	996151	1500
600170	1	3	4140	410560011	90	996161	1500
600180	1	3	4160	410560011	105	996171	1500
600190	1	3	4160	410560011	120	996181	1500
600200	1	3	6180	410560011	135	996191	1500
100010	1	4	80	410510001	20	991001	35
100020	1	4	80	410510002	20	991001	35
100030	1	4	80	410510003	20	991001	35
100040	1	4	80	410510004	20	991002	35
200010	1	4	80	410520001	20	992001	70
200020	1	4	80	410520002	20	992001	70
200030	1	4	80	410520003	20	992002	70
200040	1	4	80	410520004	20	992002	70
200050	1	4	80	410520005	20	992003	70
200060	1	4	80	410520006	20	992001	70
300010	1	4	80	410530001	20	993001	350
300020	1	4	80	410530002	20	993001	350
300030	1	4	80	410530003	20	993001	350
300040	1	4	80	410530004	20	993002	350
300050	1	4	80	410530005	20	993002	350
300060	1	4	80	410530006	20	993002	350
300070	1	4	80	410530007	20	993003	350
300080	1	4	80	410530008	20	993003	350
300090	1	4	80	410530009	20	993003	350
300100	1	4	80	410530010	20	993003	350
300110	1	4	80	410530011	20	993003	350
300120	1	4	80	410530012	20	993003	350
300130	1	4	80	410530013	20	993003	350
300140	1	4	80	410530014	20	993003	350
300150	1	4	80	410530015	20	993003	350
400010	1	4	1100	410540001	40	994011	3500
400020	1	4	80	410540002	40	994001	3500
400030	1	4	1100	410540003	40	994013	3500
400040	1	4	1100	410540004	40	994012	3500
400050	1	4	80	410540005	40	994002	3500
400060	1	4	80	410540006	40	994002	3500
400070	1	4	80	410540007	40	994002	3500
400080	1	4	80	410540008	40	994003	3500
400090	1	4	1100	410540009	40	994013	3500
400100	1	4	80	410540010	40	994001	3500
400110	1	4	80	410540011	40	994101	3500
400120	1	4	80	410540011	50	994111	3500
400130	1	4	1100	410540011	60	994121	3500
400140	1	4	1100	410540011	70	994131	3500
400150	1	4	3140	410540011	80	994141	7000
400210	1	4	80	410540021	40	994102	3500
400220	1	4	80	410540021	50	994112	3500
400230	1	4	1100	410540021	60	994122	3500
400240	1	4	1100	410540021	70	994132	3500
400250	1	4	3140	410540021	80	994142	7000
600010	1	4	3140	410560001	60	996021	2625
600020	1	4	80	410560002	60	996001	2625
600030	1	4	80	410560003	60	996002	2625
600040	1	4	1100	410560004	60	996011	2625
600050	1	4	1100	410560005	60	996012	2625
600060	1	4	1100	410560006	60	996013	2625
600070	1	4	80	410560007	60	996002	2625
600080	1	4	1100	410560008	60	996011	2625
600090	1	4	3140	410560009	60	996022	2625
600100	1	4	3140	410560010	60	996023	2625
600110	1	4	80	410560011	60	996101	2625
600120	1	4	80	410560011	60	996111	2625
600130	1	4	1100	410560011	60	996121	2625
600140	1	4	1100	410560011	60	996131	2625
600150	1	4	3140	410560011	75	996141	2625
600160	1	4	4140	410560011	90	996151	2625
600170	1	4	4160	410560011	105	996161	2625
600180	1	4	4160	410560011	120	996171	2625
600190	1	4	5160	410560011	135	996181	2625
600200	1	4	6180	410560011	150	996191	2625
100010	1	5	1080	410510001	25	991001	55
100020	1	5	1080	410510002	25	991001	55
100030	1	5	1080	410510003	25	991001	55
100040	1	5	1080	410510004	25	991002	55
200010	1	5	1080	410520001	25	992001	110
200020	1	5	1080	410520002	25	992001	110
200030	1	5	1080	410520003	25	992002	110
200040	1	5	1080	410520004	25	992002	110
200050	1	5	1080	410520005	25	992003	110
200060	1	5	1080	410520006	25	992001	110
300010	1	5	1080	410530001	25	993001	550
300020	1	5	1080	410530002	25	993001	550
300030	1	5	1080	410530003	25	993001	550
300040	1	5	1080	410530004	25	993002	550
300050	1	5	1080	410530005	25	993002	550
300060	1	5	1080	410530006	25	993002	550
300070	1	5	1080	410530007	25	993003	550
300080	1	5	1080	410530008	25	993003	550
300090	1	5	1080	410530009	25	993003	550
300100	1	5	1080	410530010	25	993003	550
300110	1	5	1080	410530011	25	993003	550
300120	1	5	1080	410530012	25	993003	550
300130	1	5	1080	410530013	25	993003	550
300140	1	5	1080	410530014	25	993003	550
300150	1	5	1080	410530015	25	993003	550
400010	1	5	2100	410540001	50	994011	5500
400020	1	5	1080	410540002	50	994001	5500
400030	1	5	2100	410540003	50	994013	5500
400040	1	5	2100	410540004	50	994012	5500
400050	1	5	1080	410540005	50	994002	5500
400060	1	5	1080	410540006	50	994002	5500
400070	1	5	1080	410540007	50	994002	5500
400080	1	5	1080	410540008	50	994003	5500
400090	1	5	2100	410540009	50	994013	5500
400100	1	5	1080	410540010	50	994001	5500
400110	1	5	1080	410540011	50	994101	5500
400120	1	5	1080	410540011	60	994111	5500
400130	1	5	2100	410540011	70	994121	5500
400140	1	5	2100	410540011	80	994131	5500
400150	1	5	4140	410540011	90	994141	11000
400210	1	5	1080	410540021	50	994102	5500
400220	1	5	1080	410540021	60	994112	5500
400230	1	5	2100	410540021	70	994122	5500
400240	1	5	2100	410540021	80	994132	5500
400250	1	5	4140	410540021	90	994142	11000
600010	1	5	4140	410560001	75	996021	4125
600020	1	5	1080	410560002	75	996001	4125
600030	1	5	1080	410560003	75	996002	4125
600040	1	5	2100	410560004	75	996011	4125
600050	1	5	2100	410560005	75	996012	4125
600060	1	5	2100	410560006	75	996013	4125
600070	1	5	1080	410560007	75	996002	4125
600080	1	5	2100	410560008	75	996011	4125
600090	1	5	4140	410560009	75	996022	4125
600100	1	5	4140	410560010	75	996023	4125
600110	1	5	1080	410560011	75	996101	4125
600120	1	5	1080	410560011	75	996111	4125
600130	1	5	2100	410560011	75	996121	4125
600140	1	5	2100	410560011	75	996131	4125
600150	1	5	4140	410560011	90	996141	4125
600160	1	5	4160	410560011	105	996151	4625
600170	1	5	4160	410560011	120	996161	4625
600180	1	5	5160	410560011	135	996171	4625
600190	1	5	6180	410560011	150	996181	4625
600200	1	5	7200	410560011	165	996191	4625
100010	1	6	1100	410510001	30	991001	80
100020	1	6	1100	410510002	30	991001	80
100030	1	6	1100	410510003	30	991001	80
100040	1	6	1100	410510004	30	991002	80
200010	1	6	1100	410520001	30	992001	160
200020	1	6	1100	410520002	30	992001	160
200030	1	6	1100	410520003	30	992002	160
200040	1	6	1100	410520004	30	992002	160
200050	1	6	1100	410520005	30	992003	160
200060	1	6	1100	410520006	30	992001	160
300010	1	6	1100	410530001	30	993001	800
300020	1	6	1100	410530002	30	993001	800
300030	1	6	1100	410530003	30	993001	800
300040	1	6	1100	410530004	30	993002	800
300050	1	6	1100	410530005	30	993002	800
300060	1	6	1100	410530006	30	993002	800
300070	1	6	1100	410530007	30	993003	800
300080	1	6	1100	410530008	30	993003	800
300090	1	6	1100	410530009	30	993003	800
300100	1	6	1100	410530010	30	993003	800
300110	1	6	1100	410530011	30	993003	800
300120	1	6	1100	410530012	30	993003	800
300130	1	6	1100	410530013	30	993003	800
300140	1	6	1100	410530014	30	993003	800
300150	1	6	1100	410530015	30	993003	800
400010	1	6	2120	410540001	60	994011	8000
400020	1	6	1100	410540002	60	994001	8000
400030	1	6	2120	410540003	60	994013	8000
400040	1	6	2120	410540004	60	994012	8000
400050	1	6	1100	410540005	60	994002	8000
400060	1	6	1100	410540006	60	994002	8000
400070	1	6	1100	410540007	60	994002	8000
400080	1	6	1100	410540008	60	994003	8000
400090	1	6	2120	410540009	60	994013	8000
400100	1	6	1100	410540010	60	994001	8000
400110	1	6	1100	410540011	60	994101	8000
400120	1	6	1100	410540011	70	994111	8000
400130	1	6	2120	410540011	80	994121	8000
400140	1	6	2120	410540011	90	994131	8000
400150	1	6	4160	410540011	105	994141	16000
400210	1	6	1100	410540021	60	994102	8000
400220	1	6	1100	410540021	70	994112	8000
400230	1	6	2120	410540021	80	994122	8000
400240	1	6	2120	410540021	90	994132	8000
400250	1	6	4160	410540021	105	994142	16000
600010	1	6	4160	410560001	90	996021	6000
600020	1	6	1100	410560002	90	996001	6000
600030	1	6	1100	410560003	90	996002	6000
600040	1	6	2120	410560004	90	996011	6000
600050	1	6	2120	410560005	90	996012	6000
600060	1	6	2120	410560006	90	996013	6000
600070	1	6	1100	410560007	90	996002	6000
600080	1	6	2120	410560008	90	996011	6000
600090	1	6	4160	410560009	90	996022	6000
600100	1	6	4160	410560010	90	996023	6000
600110	1	6	1100	410560011	90	996101	6000
600120	1	6	1100	410560011	90	996111	6000
600130	1	6	2120	410560011	90	996121	6000
600140	1	6	2120	410560011	90	996131	6000
600150	1	6	4160	410560011	105	996141	6000
600160	1	6	4160	410560011	120	996151	7125
600170	1	6	5160	410560011	135	996161	7125
600180	1	6	6180	410560011	150	996171	7750
600190	1	6	7200	410560011	165	996181	7750
600200	1	6	7200	410560011	180	996191	7750
100010	1	7	2100	410510001	35	991001	110
100020	1	7	2100	410510002	35	991001	110
100030	1	7	2100	410510003	35	991001	110
100040	1	7	2100	410510004	35	991002	110
200010	1	7	2100	410520001	35	992001	220
200020	1	7	2100	410520002	35	992001	220
200030	1	7	2100	410520003	35	992002	220
200040	1	7	2100	410520004	35	992002	220
200050	1	7	2100	410520005	35	992003	220
200060	1	7	2100	410520006	35	992001	220
300010	1	7	2100	410530001	35	993001	1100
300020	1	7	2100	410530002	35	993001	1100
300030	1	7	2100	410530003	35	993001	1100
300040	1	7	2100	410530004	35	993002	1100
300050	1	7	2100	410530005	35	993002	1100
300060	1	7	2100	410530006	35	993002	1100
300070	1	7	2100	410530007	35	993003	1100
300080	1	7	2100	410530008	35	993003	1100
300090	1	7	2100	410530009	35	993003	1100
300100	1	7	2100	410530010	35	993003	1100
300110	1	7	2100	410530011	35	993003	1100
300120	1	7	2100	410530012	35	993003	1100
300130	1	7	2100	410530013	35	993003	1100
300140	1	7	2100	410530014	35	993003	1100
300150	1	7	2100	410530015	35	993003	1100
400010	1	7	3120	410540001	70	994011	11000
400020	1	7	2100	410540002	70	994001	11000
400030	1	7	3120	410540003	70	994013	11000
400040	1	7	3120	410540004	70	994012	11000
400050	1	7	2100	410540005	70	994002	11000
400060	1	7	2100	410540006	70	994002	11000
400070	1	7	2100	410540007	70	994002	11000
400080	1	7	2100	410540008	70	994003	11000
400090	1	7	3120	410540009	70	994013	11000
400100	1	7	2100	410540010	70	994001	11000
400110	1	7	2100	410540011	70	994101	11000
400120	1	7	2100	410540011	80	994111	11000
400130	1	7	3120	410540011	90	994121	11000
400140	1	7	3120	410540011	105	994131	11000
400150	1	7	4160	410540011	120	994141	22000
400210	1	7	2100	410540021	70	994102	11000
400220	1	7	2100	410540021	80	994112	11000
400230	1	7	3120	410540021	90	994122	11000
400240	1	7	3120	410540021	105	994132	11000
400250	1	7	4160	410540021	120	994142	22000
600010	1	7	5160	410560001	105	996021	8250
600020	1	7	2100	410560002	105	996001	8250
600030	1	7	2100	410560003	105	996002	8250
600040	1	7	3120	410560004	105	996011	8250
600050	1	7	3120	410560005	105	996012	8250
600060	1	7	3120	410560006	105	996013	8250
600070	1	7	2100	410560007	105	996002	8250
600080	1	7	3120	410560008	105	996011	8250
600090	1	7	5160	410560009	105	996022	8250
600100	1	7	5160	410560010	105	996023	8250
600110	1	7	2100	410560011	105	996101	8250
600120	1	7	2100	410560011	105	996111	8250
600130	1	7	3120	410560011	105	996121	8250
600140	1	7	3120	410560011	105	996131	8250
600150	1	7	4160	410560011	120	996141	8250
600160	1	7	5160	410560011	135	996151	10125
600170	1	7	5180	410560011	150	996161	10125
600180	1	7	6180	410560011	165	996171	11500
600190	1	7	7200	410560011	180	996181	11500
600200	1	7	7220	410560011	195	996191	12250
100010	1	8	2120	410510001	40	991001	145
100020	1	8	2120	410510002	40	991001	145
100030	1	8	2120	410510003	40	991001	145
100040	1	8	2120	410510004	40	991002	145
200010	1	8	2120	410520001	40	992001	290
200020	1	8	2120	410520002	40	992001	290
200030	1	8	2120	410520003	40	992002	290
200040	1	8	2120	410520004	40	992002	290
200050	1	8	2120	410520005	40	992003	290
200060	1	8	2120	410520006	40	992001	290
300010	1	8	2120	410530001	40	993001	1450
300020	1	8	2120	410530002	40	993001	1450
300030	1	8	2120	410530003	40	993001	1450
300040	1	8	2120	410530004	40	993002	1450
300050	1	8	2120	410530005	40	993002	1450
300060	1	8	2120	410530006	40	993002	1450
300070	1	8	2120	410530007	40	993003	1450
300080	1	8	2120	410530008	40	993003	1450
300090	1	8	2120	410530009	40	993003	1450
300100	1	8	2120	410530010	40	993003	1450
300110	1	8	2120	410530011	40	993003	1450
300120	1	8	2120	410530012	40	993003	1450
300130	1	8	2120	410530013	40	993003	1450
300140	1	8	2120	410530014	40	993003	1450
300150	1	8	2120	410530015	40	993003	1450
400010	1	8	3140	410540001	80	994011	14500
400020	1	8	2120	410540002	80	994001	14500
400030	1	8	3140	410540003	80	994013	14500
400040	1	8	3140	410540004	80	994012	14500
400050	1	8	2120	410540005	80	994002	14500
400060	1	8	2120	410540006	80	994002	14500
400070	1	8	2120	410540007	80	994002	14500
400080	1	8	2120	410540008	80	994003	14500
400090	1	8	3140	410540009	80	994013	14500
400100	1	8	2120	410540010	80	994001	14500
400110	1	8	2100	410540011	80	994101	14500
400120	1	8	2100	410540011	90	994111	14500
400130	1	8	3140	410540011	105	994121	14500
400140	1	8	3140	410540011	120	994131	14500
400150	1	8	5160	410540011	135	994141	29000
400210	1	8	2100	410540021	80	994102	14500
400220	1	8	2100	410540021	90	994112	14500
400230	1	8	3140	410540021	105	994122	14500
400240	1	8	3140	410540021	120	994132	14500
400250	1	8	5160	410540021	135	994142	29000
600010	1	8	5180	410560001	120	996021	10875
600020	1	8	2120	410560002	120	996001	10875
600030	1	8	2120	410560003	120	996002	10875
600040	1	8	3140	410560004	120	996011	10875
600050	1	8	3140	410560005	120	996012	10875
600060	1	8	3140	410560006	120	996013	10875
600070	1	8	2120	410560007	120	996002	10875
600080	1	8	3140	410560008	120	996011	10875
600090	1	8	5180	410560009	120	996022	10875
600100	1	8	5180	410560010	120	996023	10875
600110	1	8	2120	410560011	120	996101	10875
600120	1	8	2120	410560011	120	996111	10875
600130	1	8	3140	410560011	120	996121	10875
600140	1	8	3140	410560011	120	996131	10875
600150	1	8	5160	410560011	135	996141	10875
600160	1	8	5180	410560011	150	996151	13625
600170	1	8	6180	410560011	165	996161	13625
600180	1	8	7200	410560011	180	996171	15875
600190	1	8	7200	410560011	195	996181	15875
600200	1	8	8220	410560011	210	996191	17500
100010	1	9	3120	410510001	45	991001	185
100020	1	9	3120	410510002	45	991001	185
100030	1	9	3120	410510003	45	991001	185
100040	1	9	3120	410510004	45	991002	185
200010	1	9	3120	410520001	45	992001	370
200020	1	9	3120	410520002	45	992001	370
200030	1	9	3120	410520003	45	992002	370
200040	1	9	3120	410520004	45	992002	370
200050	1	9	3120	410520005	45	992003	370
200060	1	9	3120	410520006	45	992001	370
300010	1	9	3120	410530001	45	993001	1850
300020	1	9	3120	410530002	45	993001	1850
300030	1	9	3120	410530003	45	993001	1850
300040	1	9	3120	410530004	45	993002	1850
300050	1	9	3120	410530005	45	993002	1850
300060	1	9	3120	410530006	45	993002	1850
300070	1	9	3120	410530007	45	993003	1850
300080	1	9	3120	410530008	45	993003	1850
300090	1	9	3120	410530009	45	993003	1850
300100	1	9	3120	410530010	45	993003	1850
300110	1	9	3120	410530011	45	993003	1850
300120	1	9	3120	410530012	45	993003	1850
300130	1	9	3120	410530013	45	993003	1850
300140	1	9	3120	410530014	45	993003	1850
300150	1	9	3120	410530015	45	993003	1850
400010	1	9	4140	410540001	90	994011	18500
400020	1	9	3120	410540002	90	994001	18500
400030	1	9	4140	410540003	90	994013	18500
400040	1	9	4140	410540004	90	994012	18500
400050	1	9	3120	410540005	90	994002	18500
400060	1	9	3120	410540006	90	994002	18500
400070	1	9	3120	410540007	90	994002	18500
400080	1	9	3120	410540008	90	994003	18500
400090	1	9	4140	410540009	90	994013	18500
400100	1	9	3120	410540010	90	994001	18500
400110	1	9	3120	410540011	90	994101	18500
400120	1	9	3120	410540011	105	994111	18500
400130	1	9	4140	410540011	120	994121	18500
400140	1	9	4140	410540011	135	994131	18500
400150	1	9	5180	410540011	150	994141	37000
400210	1	9	3120	410540021	90	994102	18500
400220	1	9	3120	410540021	105	994112	18500
400230	1	9	4140	410540021	120	994122	18500
400240	1	9	4140	410540021	135	994132	18500
400250	1	9	5180	410540021	150	994142	37000
600010	1	9	6180	410560001	135	996021	13875
600020	1	9	3120	410560002	135	996001	13875
600030	1	9	3120	410560003	135	996002	13875
600040	1	9	4140	410560004	135	996011	13875
600050	1	9	4140	410560005	135	996012	13875
600060	1	9	4140	410560006	135	996013	13875
600070	1	9	3120	410560007	135	996002	13875
600080	1	9	4140	410560008	135	996011	13875
600090	1	9	6180	410560009	135	996022	13875
600100	1	9	6180	410560010	135	996023	13875
600110	1	9	3120	410560011	135	996101	13875
600120	1	9	3120	410560011	135	996111	13875
600130	1	9	4140	410560011	135	996121	13875
600140	1	9	4140	410560011	135	996131	13875
600150	1	9	5180	410560011	150	996141	13875
600160	1	9	6180	410560011	165	996151	17625
600170	1	9	7200	410560011	180	996161	17625
600180	1	9	7200	410560011	195	996171	20875
600190	1	9	7220	410560011	210	996181	20875
600200	1	9	9240	410560011	225	996191	23500
100010	1	10	3120	0	0	991001	230
100020	1	10	3120	0	0	991001	230
100030	1	10	3120	0	0	991001	230
100040	1	10	3120	0	0	991002	230
200010	1	10	3120	0	0	992001	460
200020	1	10	3120	0	0	992001	460
200030	1	10	3120	0	0	992002	460
200040	1	10	3120	0	0	992002	460
200050	1	10	3120	0	0	992003	460
200060	1	10	3120	0	0	992001	460
300010	1	10	3120	0	0	993001	2300
300020	1	10	3120	0	0	993001	2300
300030	1	10	3120	0	0	993001	2300
300040	1	10	3120	0	0	993002	2300
300050	1	10	3120	0	0	993002	2300
300060	1	10	3120	0	0	993002	2300
300070	1	10	3120	0	0	993003	2300
300080	1	10	3120	0	0	993003	2300
300090	1	10	3120	0	0	993003	2300
300100	1	10	3120	0	0	993003	2300
300110	1	10	3120	0	0	993003	2300
300120	1	10	3120	0	0	993003	2300
300130	1	10	3120	0	0	993003	2300
300140	1	10	3120	0	0	993003	2300
300150	1	10	3120	0	0	993003	2300
400010	1	10	4140	0	0	994011	23000
400020	1	10	3120	0	0	994001	23000
400030	1	10	4140	0	0	994013	23000
400040	1	10	4140	0	0	994012	23000
400050	1	10	3120	0	0	994002	23000
400060	1	10	3120	0	0	994002	23000
400070	1	10	3120	0	0	994002	23000
400080	1	10	3120	0	0	994003	23000
400090	1	10	4140	0	0	994013	23000
400100	1	10	3120	0	0	994001	23000
400110	1	10	3120	0	0	994101	23000
400120	1	10	3120	0	0	994111	23000
400130	1	10	4140	0	0	994121	23000
400140	1	10	4140	0	0	994131	23000
400150	1	10	5180	0	0	994141	46000
400210	1	10	3120	0	0	994102	23000
400220	1	10	3120	0	0	994112	23000
400230	1	10	4140	0	0	994122	23000
400240	1	10	4140	0	0	994132	23000
400250	1	10	5180	0	0	994142	46000
600010	1	10	6180	0	0	996021	17250
600020	1	10	3120	0	0	996001	17250
600030	1	10	3120	0	0	996002	17250
600040	1	10	4140	0	0	996011	17250
600050	1	10	4140	0	0	996012	17250
600060	1	10	4140	0	0	996013	17250
600070	1	10	3120	0	0	996002	17250
600080	1	10	4140	0	0	996011	17250
600090	1	10	6180	0	0	996022	17250
600100	1	10	6180	0	0	996023	17250
600110	1	10	3120	0	0	996101	17250
600120	1	10	3120	0	0	996111	17250
600130	1	10	4140	0	0	996121	17250
600140	1	10	4140	0	0	996131	17250
600150	1	10	5180	0	0	996141	17250
600160	1	10	6180	0	0	996151	22125
600170	1	10	7200	0	0	996161	22125
600180	1	10	7200	0	0	996171	26500
600190	1	10	7220	0	0	996181	26500
600200	1	10	9240	0	0	996191	30250
