#难度等级	#关卡index	#有效值	#地图ID	#该境界下最大关卡数量	#这个关卡固定奖励ID	#这个关卡超级奖励概率万分比	#奖励宝箱ID	#BOSS出生x坐标客户端X坐标	#BOSS出生y坐标客户端Z坐标	#精英1出生x坐标客户端X坐标	#精英1出生y坐标客户端Z坐标	#精英2出生x坐标客户端X坐标	#精英2出生y坐标客户端Z坐标	#精英3出生x坐标客户端X坐标	#精英3出生y坐标客户端Z坐标	#精英4出生x坐标客户端X坐标	#精英4出生y坐标客户端Z坐标	#精英5出生x坐标客户端X坐标	#精英5出生y坐标客户端Z坐标	#光圈X坐标客户端X坐标	#光圈Y坐标客户端Y坐标	#光圈Z坐标客户端Z坐标	#出生点X坐标客户端X坐标	#出生点Y坐标客户端Z坐标	#关卡时间限制，单位秒	#关卡开始事件	#关卡胜利事件	#关卡障碍群组ID	#关卡传送员ID	#是否有BOSS	#BOSS池ID1（关联npc_big_type_pool表池ID）	#BOSS等级1	#BOSS概率1	#BOSS池ID2（关联npc_big_type_pool表池ID）	#BOSS等级2	#BOSS概率2	#BOSS池ID3（关联npc_big_type_pool表池ID）	#BOSS等级3	#BOSS概率3	#BOSS池ID4（关联npc_big_type_pool表池ID）	#BOSS等级4	#BOSS概率4	#BOSS池ID5（关联npc_big_type_pool表池ID）	#BOSS等级5	#BOSS概率5	#精英怪数量	#精英池ID1（关联npc_big_type_pool表池ID）	#精英等级1	#精英概率1	#精英大类型7	#精英的等级7	#精英随机到的概率7	#精英大类型8	#精英的等级8	#精英随机到的概率8	#精英大类型9	#精英的等级9	#精英随机到的概率9	#精英大类型10	#精英的等级10	#精英随机到的概率10	#BUFF数量（指后面池中计入随机的BUFF数量）	#BUFF类型1，1表示恢复角色100%生命，2表示恢复50%角色生命，3表示恢复25%角色生命，其他值表示BUFFID	#BUFF类型1等级	#BUFF随机到的概率1	#BUFF类型2	#BUFF类型2等级	#BUFF随机到的概率2	#BUFF类型3	#BUFF类型3等级	#BUFF随机到的概率3	#BUFF类型4	#BUFF类型4等级	#BUFF随机到的概率4	#BUFF类型5	#BUFF类型5等级	#BUFF随机到的概率5	#BUFF类型6	#BUFF类型6等级	#BUFF随机到的概率6	#BUFF类型7	#BUFF类型7等级	#BUFF随机到的概率7	#BUFF类型8	#BUFF类型8等级	#BUFF随机到的概率8	#BUFF类型9	#BUFF类型9等级	#BUFF随机到的概率9	#BUFF类型10	#BUFF类型10等级	#BUFF随机到的概率10
[K][C][S]jingjie	[K][C][S]tower_index	 valid 	[C][S]map_id	[C][S]total_tower_num	[C][S]reward_id 	[S]super_reward_random	[S]super_item_id	[S]boss_pos_x	[S]boss_pos_y	[S]elite1_pos_x	[S]elite1_pos_y	[S]elite2_pos_x	[S]elite2_pos_y	[S]elite3_pos_x	[S]elite3_pos_y	[S]elite4_pos_x	[S]elite4_pos_y	[S]elite5_pos_x	[S]elite5_pos_y	[C]zhalan_pos_x	[C]zhalan_pos_y	[C]zhalan_pos_z	[S]role_pos_x	[S]role_pos_y	[C][S]time_limit	[S]start_event_id	[S]end_event_id	[S]npc_group_id1	[S]trans_npc_id	[C][S]random_boss_num	[C][S]boss_type_id1	[C][S]boss_level1	[C][S]boss_random1	[C][S]boss_type_id2	[C][S]boss_level2	[C][S]boss_random2	[C][S]boss_type_id3	[C][S]boss_level3	[C][S]boss_random3	[C][S]boss_type_id4	[C][S]boss_level4	[C][S]boss_random4	[C][S]boss_type_id5	[C][S]boss_level5	[C][S]boss_random5	[C][S]random_elite_num	[C][S]type_id5	[C][S]elite_level5	[C][S]elite_random5	[C][S]type_id5	[C][S]elite_level5	[C][S]elite_random5	[C][S]type_id5	[C][S]elite_level5	[C][S]elite_random5	[C][S]type_id5	[C][S]elite_level5	[C][S]elite_random5	[C][S]type_id5	[C][S]elite_level5	[C][S]elite_random5	[C][S]random_buff_num	[C][S]buff_id1	[C][S]buff_level1	[C][S]buff_random1	[C][S]buff_id2	[C][S]buff_level2	[C][S]buff_random2	[C][S]buff_id3	[C][S]buff_level3	[C][S]buff_random3	[C][S]buff_id4	[C][S]buff_level4	[C][S]buff_random4	[C][S]buff_id5	[C][S]buff_level5	[C][S]buff_random5	[C][S]buff_id6	[C][S]buff_level6	[C][S]buff_random6	[C][S]buff_id7	[C][S]buff_level7	[C][S]buff_random7	[C][S]buff_id8	[C][S]buff_level8	[C][S]buff_random8	[C][S]buff_id9	[C][S]buff_level9	[C][S]buff_random9	[C][S]buff_id10	[C][S]buff_level10	[C][S]buff_random10
0	0	1	9001	10	0	0	0	0	0	0	0	0	0	0	0	0	0	0	0	0	0	0	1019	2515	6000	0	0	0	900100001	0	0	0	0	0	0	0	0	0	0	0	0	0	0	0	0	0	0	0	0	0	0	0	0	0	0	0	0	0	0	0	0	0	0	0	0	0	0	0	0	0	0	0	0	0	0	0	0	0	0	0	0	0	0	0	0	0	0	0	0	0	0	0
0	1	1	9001	10	30900101	0	0	1236	2320	0	0	0	0	0	0	0	0	0	0	1069	-46	2467	1131	2403	1800	90010001	90010006	900101001	900101002	1	90011	42	10000	0	0	0	0	0	0	0	0	0	0	0	0	0	0	0	0	0	0	0	0	0	0	0	0	0	0	0	0	0	0	0	0	0	0	0	0	0	0	0	0	0	0	0	0	0	0	0	0	0	0	0	0	0	0	0	0	0	0	0
0	2	1	9001	10	30900102	0	0	1492	2005	0	0	0	0	0	0	0	0	0	0	1362	-12	2183	1443	2118	1800	90010002	90010007	900102001	900102002	1	90012	43	10000	0	0	0	0	0	0	0	0	0	0	0	0	0	0	0	0	0	0	0	0	0	0	0	0	0	0	0	0	0	0	0	0	0	0	0	0	0	0	0	0	0	0	0	0	0	0	0	0	0	0	0	0	0	0	0	0	0	0	0
0	3	1	9001	10	30900103	0	0	2135	2353	0	0	0	0	0	0	0	0	0	0	1881	33	2288	1982	2317	1800	90010003	90010008	900103001	900103002	1	90012	46	10000	0	0	0	0	0	0	0	0	0	0	0	0	0	0	0	0	0	0	0	0	0	0	0	0	0	0	0	0	5	900101	1	2000	900111	1	2000	900121	1	2000	900131	1	2000	3	1	2000	0	0	0	0	0	0	0	0	0	0	0	0	0	0	0
0	4	1	9001	10	30900104	10000	30900201	2506	2099	0	0	0	0	0	0	0	0	0	0	2177	47	2497	2480	2193	1800	90010004	90010009	900104001	900104002	1	90013	47	10000	0	0	0	0	0	0	0	0	0	0	0	0	0	0	0	0	0	0	0	0	0	0	0	0	0	0	0	0	0	0	0	0	0	0	0	0	0	0	0	0	0	0	0	0	0	0	0	0	0	0	0	0	0	0	0	0	0	0	0
0	5	1	9001	10	30900105	0	0	2693	1483	0	0	0	0	0	0	0	0	0	0	2630	331	1680	2645	1603	1800	90010005	90010010	900105001	900105002	1	90013	50	10000	0	0	0	0	0	0	0	0	0	0	0	0	0	0	0	0	0	0	0	0	0	0	0	0	0	0	0	0	0	0	0	0	0	0	0	0	0	0	0	0	0	0	0	0	0	0	0	0	0	0	0	0	0	0	0	0	0	0	0
0	6	1	9001	10	30900106	0	0	2217	755	0	0	0	0	0	0	0	0	0	0	2408	369	927	2339	852	1800	90010011	90010016	900106001	900106002	1	90013	51	10000	0	0	0	0	0	0	0	0	0	0	0	0	0	0	0	0	0	0	0	0	0	0	0	0	0	0	0	0	5	900102	1	2000	900112	1	2000	900122	1	2000	900132	1	2000	3	1	2000	0	0	0	0	0	0	0	0	0	0	0	0	0	0	0
0	7	1	9001	10	30900107	10000	30900202	1782	846	0	0	0	0	0	0	0	0	0	0	1979	400	784	1912	825	1800	90010012	90010017	900107001	900107002	1	90014	52	10000	0	0	0	0	0	0	0	0	0	0	0	0	0	0	0	0	0	0	0	0	0	0	0	0	0	0	0	0	0	0	0	0	0	0	0	0	0	0	0	0	0	0	0	0	0	0	0	0	0	0	0	0	0	0	0	0	0	0	0
0	8	1	9001	10	30900108	0	0	1501	1154	0	0	0	0	0	0	0	0	0	0	1639	433	970	1596	1037	1800	90010013	90010018	900108001	900108002	1	90014	55	10000	0	0	0	0	0	0	0	0	0	0	0	0	0	0	0	0	0	0	0	0	0	0	0	0	0	0	0	0	0	0	0	0	0	0	0	0	0	0	0	0	0	0	0	0	0	0	0	0	0	0	0	0	0	0	0	0	0	0	0
0	9	1	9001	10	30900109	0	0	1281	1434	0	0	0	0	0	0	0	0	0	0	1454	482	1245	1394	1312	1800	90010014	90010019	900109001	900109002	1	90014	56	10000	0	0	0	0	0	0	0	0	0	0	0	0	0	0	0	0	0	0	0	0	0	0	0	0	0	0	0	0	5	900103	1	3333	900113	1	3333	2	1	3334	0	0	0	0	0	0	0	0	0	0	0	0	0	0	0	0	0	0	0	0	0
0	10	1	9001	10	30900110	10000	30900203	2056	1541	0	0	0	0	0	0	0	0	0	0	1188	499	1543	1942	1463	1800	90010015	90010020	900110001	0	1	90014	58	10000	0	0	0	0	0	0	0	0	0	0	0	0	0	0	0	0	0	0	0	0	0	0	0	0	0	0	0	0	0	0	0	0	0	0	0	0	0	0	0	0	0	0	0	0	0	0	0	0	0	0	0	0	0	0	0	0	0	0	0
1	0	1	9002	10	0	0	0	0	0	0	0	0	0	0	0	0	0	0	0	0	0	0	1019	2515	6000	0	0	0	900200001	0	0	0	0	0	0	0	0	0	0	0	0	0	0	0	0	0	0	0	0	0	0	0	0	0	0	0	0	0	0	0	0	0	0	0	0	0	0	0	0	0	0	0	0	0	0	0	0	0	0	0	0	0	0	0	0	0	0	0	0	0	0	0
1	1	1	9002	10	30900101	0	0	1236	2320	0	0	0	0	0	0	0	0	0	0	1069	-46	2467	1131	2403	1800	90020001	90020006	900201001	900201002	1	90011	900101	10000	0	0	0	0	0	0	0	0	0	0	0	0	0	0	0	0	0	0	0	0	0	0	0	0	0	0	0	0	0	0	0	0	0	0	0	0	0	0	0	0	0	0	0	0	0	0	0	0	0	0	0	0	0	0	0	0	0	0	0
1	2	1	9002	10	30900102	0	0	1492	2005	0	0	0	0	0	0	0	0	0	0	1362	-12	2183	1443	2118	1800	90020002	90020007	900202001	900202002	1	90012	900102	10000	0	0	0	0	0	0	0	0	0	0	0	0	0	0	0	0	0	0	0	0	0	0	0	0	0	0	0	0	0	0	0	0	0	0	0	0	0	0	0	0	0	0	0	0	0	0	0	0	0	0	0	0	0	0	0	0	0	0	0
1	3	1	9002	10	30900103	0	0	2135	2353	0	0	0	0	0	0	0	0	0	0	1881	33	2288	1982	2317	1800	90020003	90020008	900203001	900203002	1	90012	900103	10000	0	0	0	0	0	0	0	0	0	0	0	0	0	0	0	0	0	0	0	0	0	0	0	0	0	0	0	0	5	900101	1	2000	900111	1	2000	900121	1	2000	900131	1	2000	3	1	2000	0	0	0	0	0	0	0	0	0	0	0	0	0	0	0
1	4	1	9002	10	30900104	10000	30900201	2506	2099	0	0	0	0	0	0	0	0	0	0	2177	47	2497	2480	2193	1800	90020004	90020009	900204001	900204002	1	90013	900104	10000	0	0	0	0	0	0	0	0	0	0	0	0	0	0	0	0	0	0	0	0	0	0	0	0	0	0	0	0	0	0	0	0	0	0	0	0	0	0	0	0	0	0	0	0	0	0	0	0	0	0	0	0	0	0	0	0	0	0	0
1	5	1	9002	10	30900105	0	0	2693	1483	0	0	0	0	0	0	0	0	0	0	2630	331	1680	2645	1603	1800	90020005	90020010	900205001	900205002	1	90013	900105	10000	0	0	0	0	0	0	0	0	0	0	0	0	0	0	0	0	0	0	0	0	0	0	0	0	0	0	0	0	0	0	0	0	0	0	0	0	0	0	0	0	0	0	0	0	0	0	0	0	0	0	0	0	0	0	0	0	0	0	0
1	6	1	9002	10	30900106	0	0	2217	755	0	0	0	0	0	0	0	0	0	0	2408	369	927	2339	852	1800	90020011	90020016	900206001	900206002	1	90013	900106	10000	0	0	0	0	0	0	0	0	0	0	0	0	0	0	0	0	0	0	0	0	0	0	0	0	0	0	0	0	5	900102	1	2000	900112	1	2000	900122	1	2000	900132	1	2000	3	1	2000	0	0	0	0	0	0	0	0	0	0	0	0	0	0	0
1	7	1	9002	10	30900107	10000	30900202	1782	846	0	0	0	0	0	0	0	0	0	0	1979	400	784	1912	825	1800	90020012	90020017	900207001	900207002	1	90014	900107	10000	0	0	0	0	0	0	0	0	0	0	0	0	0	0	0	0	0	0	0	0	0	0	0	0	0	0	0	0	0	0	0	0	0	0	0	0	0	0	0	0	0	0	0	0	0	0	0	0	0	0	0	0	0	0	0	0	0	0	0
1	8	1	9002	10	30900108	0	0	1501	1154	0	0	0	0	0	0	0	0	0	0	1639	433	970	1596	1037	1800	90020013	90020018	900208001	900208002	1	90014	900108	10000	0	0	0	0	0	0	0	0	0	0	0	0	0	0	0	0	0	0	0	0	0	0	0	0	0	0	0	0	0	0	0	0	0	0	0	0	0	0	0	0	0	0	0	0	0	0	0	0	0	0	0	0	0	0	0	0	0	0	0
1	9	1	9002	10	30900109	0	0	1281	1434	0	0	0	0	0	0	0	0	0	0	1454	482	1245	1394	1312	1800	90020014	90020019	900209001	900209002	1	90014	900109	10000	0	0	0	0	0	0	0	0	0	0	0	0	0	0	0	0	0	0	0	0	0	0	0	0	0	0	0	0	5	900103	1	3333	900113	1	3333	2	1	3334	0	0	0	0	0	0	0	0	0	0	0	0	0	0	0	0	0	0	0	0	0
1	10	1	9002	10	30900110	10000	30900203	2056	1541	0	0	0	0	0	0	0	0	0	0	1188	499	1543	1942	1463	1800	90020015	90020020	900210001	0	1	90014	900110	10000	0	0	0	0	0	0	0	0	0	0	0	0	0	0	0	0	0	0	0	0	0	0	0	0	0	0	0	0	0	0	0	0	0	0	0	0	0	0	0	0	0	0	0	0	0	0	0	0	0	0	0	0	0	0	0	0	0	0	0
2	0	1	9003	10	0	0	0	0	0	0	0	0	0	0	0	0	0	0	0	0	0	0	1019	2515	6000	0	0	0	900300001	0	0	0	0	0	0	0	0	0	0	0	0	0	0	0	0	0	0	0	0	0	0	0	0	0	0	0	0	0	0	0	0	0	0	0	0	0	0	0	0	0	0	0	0	0	0	0	0	0	0	0	0	0	0	0	0	0	0	0	0	0	0	0
2	1	1	9003	10	30900101	0	0	1236	2320	0	0	0	0	0	0	0	0	0	0	1069	-46	2467	1131	2403	1800	90030001	90030006	900301001	900301002	1	90011	900101	10000	0	0	0	0	0	0	0	0	0	0	0	0	0	0	0	0	0	0	0	0	0	0	0	0	0	0	0	0	0	0	0	0	0	0	0	0	0	0	0	0	0	0	0	0	0	0	0	0	0	0	0	0	0	0	0	0	0	0	0
2	2	1	9003	10	30900102	0	0	1492	2005	0	0	0	0	0	0	0	0	0	0	1362	-12	2183	1443	2118	1800	90030002	90030007	900302001	900302002	1	90012	900102	10000	0	0	0	0	0	0	0	0	0	0	0	0	0	0	0	0	0	0	0	0	0	0	0	0	0	0	0	0	0	0	0	0	0	0	0	0	0	0	0	0	0	0	0	0	0	0	0	0	0	0	0	0	0	0	0	0	0	0	0
2	3	1	9003	10	30900103	0	0	2135	2353	0	0	0	0	0	0	0	0	0	0	1881	33	2288	1982	2317	1800	90030003	90030008	900303001	900303002	1	90012	900103	10000	0	0	0	0	0	0	0	0	0	0	0	0	0	0	0	0	0	0	0	0	0	0	0	0	0	0	0	0	5	900101	1	2000	900111	1	2000	900121	1	2000	900131	1	2000	3	1	2000	0	0	0	0	0	0	0	0	0	0	0	0	0	0	0
2	4	1	9003	10	30900104	10000	30900201	2506	2099	0	0	0	0	0	0	0	0	0	0	2177	47	2497	2480	2193	1800	90030004	90030009	900304001	900304002	1	90013	900104	10000	0	0	0	0	0	0	0	0	0	0	0	0	0	0	0	0	0	0	0	0	0	0	0	0	0	0	0	0	0	0	0	0	0	0	0	0	0	0	0	0	0	0	0	0	0	0	0	0	0	0	0	0	0	0	0	0	0	0	0
2	5	1	9003	10	30900105	0	0	2693	1483	0	0	0	0	0	0	0	0	0	0	2630	331	1680	2645	1603	1800	90030005	90030010	900305001	900305002	1	90013	900105	10000	0	0	0	0	0	0	0	0	0	0	0	0	0	0	0	0	0	0	0	0	0	0	0	0	0	0	0	0	0	0	0	0	0	0	0	0	0	0	0	0	0	0	0	0	0	0	0	0	0	0	0	0	0	0	0	0	0	0	0
2	6	1	9003	10	30900106	0	0	2217	755	0	0	0	0	0	0	0	0	0	0	2408	369	927	2339	852	1800	90030011	90030016	900306001	900306002	1	90013	900106	10000	0	0	0	0	0	0	0	0	0	0	0	0	0	0	0	0	0	0	0	0	0	0	0	0	0	0	0	0	5	900102	1	2000	900112	1	2000	900122	1	2000	900132	1	2000	3	1	2000	0	0	0	0	0	0	0	0	0	0	0	0	0	0	0
2	7	1	9003	10	30900107	10000	30900202	1782	846	0	0	0	0	0	0	0	0	0	0	1979	400	784	1912	825	1800	90030012	90030017	900307001	900307002	1	90014	900107	10000	0	0	0	0	0	0	0	0	0	0	0	0	0	0	0	0	0	0	0	0	0	0	0	0	0	0	0	0	0	0	0	0	0	0	0	0	0	0	0	0	0	0	0	0	0	0	0	0	0	0	0	0	0	0	0	0	0	0	0
2	8	1	9003	10	30900108	0	0	1501	1154	0	0	0	0	0	0	0	0	0	0	1639	433	970	1596	1037	1800	90030013	90030018	900308001	900308002	1	90014	900108	10000	0	0	0	0	0	0	0	0	0	0	0	0	0	0	0	0	0	0	0	0	0	0	0	0	0	0	0	0	0	0	0	0	0	0	0	0	0	0	0	0	0	0	0	0	0	0	0	0	0	0	0	0	0	0	0	0	0	0	0
2	9	1	9003	10	30900109	0	0	1281	1434	0	0	0	0	0	0	0	0	0	0	1454	482	1245	1394	1312	1800	90030014	90030019	900309001	900309002	1	90014	900109	10000	0	0	0	0	0	0	0	0	0	0	0	0	0	0	0	0	0	0	0	0	0	0	0	0	0	0	0	0	5	900103	1	3333	900113	1	3333	2	1	3334	0	0	0	0	0	0	0	0	0	0	0	0	0	0	0	0	0	0	0	0	0
2	10	1	9003	10	30900110	10000	30900203	2056	1541	0	0	0	0	0	0	0	0	0	0	1188	499	1543	1942	1463	1800	90030015	90030020	900310001	0	1	90014	900110	10000	0	0	0	0	0	0	0	0	0	0	0	0	0	0	0	0	0	0	0	0	0	0	0	0	0	0	0	0	0	0	0	0	0	0	0	0	0	0	0	0	0	0	0	0	0	0	0	0	0	0	0	0	0	0	0	0	0	0	0
3	0	1	9004	10	0	0	0	0	0	0	0	0	0	0	0	0	0	0	0	0	0	0	1019	2515	6000	0	0	0	900400001	0	0	0	0	0	0	0	0	0	0	0	0	0	0	0	0	0	0	0	0	0	0	0	0	0	0	0	0	0	0	0	0	0	0	0	0	0	0	0	0	0	0	0	0	0	0	0	0	0	0	0	0	0	0	0	0	0	0	0	0	0	0	0
3	1	1	9004	10	30900101	0	0	1236	2320	0	0	0	0	0	0	0	0	0	0	1069	-46	2467	1131	2403	1800	90040001	90040006	900401001	900401002	1	90011	900101	10000	0	0	0	0	0	0	0	0	0	0	0	0	0	0	0	0	0	0	0	0	0	0	0	0	0	0	0	0	0	0	0	0	0	0	0	0	0	0	0	0	0	0	0	0	0	0	0	0	0	0	0	0	0	0	0	0	0	0	0
3	2	1	9004	10	30900102	0	0	1492	2005	0	0	0	0	0	0	0	0	0	0	1362	-12	2183	1443	2118	1800	90040002	90040007	900402001	900402002	1	90012	900102	10000	0	0	0	0	0	0	0	0	0	0	0	0	0	0	0	0	0	0	0	0	0	0	0	0	0	0	0	0	0	0	0	0	0	0	0	0	0	0	0	0	0	0	0	0	0	0	0	0	0	0	0	0	0	0	0	0	0	0	0
3	3	1	9004	10	30900103	0	0	2135	2353	0	0	0	0	0	0	0	0	0	0	1881	33	2288	1982	2317	1800	90040003	90040008	900403001	900403002	1	90012	900103	10000	0	0	0	0	0	0	0	0	0	0	0	0	0	0	0	0	0	0	0	0	0	0	0	0	0	0	0	0	5	900101	1	2000	900111	1	2000	900121	1	2000	900131	1	2000	3	1	2000	0	0	0	0	0	0	0	0	0	0	0	0	0	0	0
3	4	1	9004	10	30900104	10000	30900201	2506	2099	0	0	0	0	0	0	0	0	0	0	2177	47	2497	2480	2193	1800	90040004	90040009	900404001	900404002	1	90013	900104	10000	0	0	0	0	0	0	0	0	0	0	0	0	0	0	0	0	0	0	0	0	0	0	0	0	0	0	0	0	0	0	0	0	0	0	0	0	0	0	0	0	0	0	0	0	0	0	0	0	0	0	0	0	0	0	0	0	0	0	0
3	5	1	9004	10	30900105	0	0	2693	1483	0	0	0	0	0	0	0	0	0	0	2630	331	1680	2645	1603	1800	90040005	90040010	900405001	900405002	1	90013	900105	10000	0	0	0	0	0	0	0	0	0	0	0	0	0	0	0	0	0	0	0	0	0	0	0	0	0	0	0	0	0	0	0	0	0	0	0	0	0	0	0	0	0	0	0	0	0	0	0	0	0	0	0	0	0	0	0	0	0	0	0
3	6	1	9004	10	30900106	0	0	2217	755	0	0	0	0	0	0	0	0	0	0	2408	369	927	2339	852	1800	90040011	90040016	900406001	900406002	1	90013	900106	10000	0	0	0	0	0	0	0	0	0	0	0	0	0	0	0	0	0	0	0	0	0	0	0	0	0	0	0	0	5	900102	1	2000	900112	1	2000	900122	1	2000	900132	1	2000	3	1	2000	0	0	0	0	0	0	0	0	0	0	0	0	0	0	0
3	7	1	9004	10	30900107	10000	30900202	1782	846	0	0	0	0	0	0	0	0	0	0	1979	400	784	1912	825	1800	90040012	90040017	900407001	900407002	1	90014	900107	10000	0	0	0	0	0	0	0	0	0	0	0	0	0	0	0	0	0	0	0	0	0	0	0	0	0	0	0	0	0	0	0	0	0	0	0	0	0	0	0	0	0	0	0	0	0	0	0	0	0	0	0	0	0	0	0	0	0	0	0
3	8	1	9004	10	30900108	0	0	1501	1154	0	0	0	0	0	0	0	0	0	0	1639	433	970	1596	1037	1800	90040013	90040018	900408001	900408002	1	90014	900108	10000	0	0	0	0	0	0	0	0	0	0	0	0	0	0	0	0	0	0	0	0	0	0	0	0	0	0	0	0	0	0	0	0	0	0	0	0	0	0	0	0	0	0	0	0	0	0	0	0	0	0	0	0	0	0	0	0	0	0	0
3	9	1	9004	10	30900109	0	0	1281	1434	0	0	0	0	0	0	0	0	0	0	1454	482	1245	1394	1312	1800	90040014	90040019	900409001	900409002	1	90014	900109	10000	0	0	0	0	0	0	0	0	0	0	0	0	0	0	0	0	0	0	0	0	0	0	0	0	0	0	0	0	5	900103	1	3333	900113	1	3333	2	1	3334	0	0	0	0	0	0	0	0	0	0	0	0	0	0	0	0	0	0	0	0	0
3	10	1	9004	10	30900110	10000	30900203	2056	1541	0	0	0	0	0	0	0	0	0	0	1188	499	1543	1942	1463	1800	90040015	90040020	900410001	0	1	90014	900110	10000	0	0	0	0	0	0	0	0	0	0	0	0	0	0	0	0	0	0	0	0	0	0	0	0	0	0	0	0	0	0	0	0	0	0	0	0	0	0	0	0	0	0	0	0	0	0	0	0	0	0	0	0	0	0	0	0	0	0	0
4	0	1	9005	10	0	0	0	0	0	0	0	0	0	0	0	0	0	0	0	0	0	0	1019	2515	6000	0	0	0	900500001	0	0	0	0	0	0	0	0	0	0	0	0	0	0	0	0	0	0	0	0	0	0	0	0	0	0	0	0	0	0	0	0	0	0	0	0	0	0	0	0	0	0	0	0	0	0	0	0	0	0	0	0	0	0	0	0	0	0	0	0	0	0	0
4	1	1	9005	10	30900101	0	0	1236	2320	0	0	0	0	0	0	0	0	0	0	1069	-46	2467	1131	2403	1800	90050001	90050006	900501001	900501002	1	90011	900201	10000	0	0	0	0	0	0	0	0	0	0	0	0	0	0	0	0	0	0	0	0	0	0	0	0	0	0	0	0	0	0	0	0	0	0	0	0	0	0	0	0	0	0	0	0	0	0	0	0	0	0	0	0	0	0	0	0	0	0	0
4	2	1	9005	10	30900102	0	0	1492	2005	0	0	0	0	0	0	0	0	0	0	1362	-12	2183	1443	2118	1800	90050002	90050007	900502001	900502002	1	90012	900202	10000	0	0	0	0	0	0	0	0	0	0	0	0	0	0	0	0	0	0	0	0	0	0	0	0	0	0	0	0	0	0	0	0	0	0	0	0	0	0	0	0	0	0	0	0	0	0	0	0	0	0	0	0	0	0	0	0	0	0	0
4	3	1	9005	10	30900103	0	0	2135	2353	0	0	0	0	0	0	0	0	0	0	1881	33	2288	1982	2317	1800	90050003	90050008	900503001	900503002	1	90012	900203	10000	0	0	0	0	0	0	0	0	0	0	0	0	0	0	0	0	0	0	0	0	0	0	0	0	0	0	0	0	5	900101	1	2000	900111	1	2000	900121	1	2000	900131	1	2000	3	1	2000	0	0	0	0	0	0	0	0	0	0	0	0	0	0	0
4	4	1	9005	10	30900104	10000	30900201	2506	2099	0	0	0	0	0	0	0	0	0	0	2177	47	2497	2480	2193	1800	90050004	90050009	900504001	900504002	1	90013	900204	10000	0	0	0	0	0	0	0	0	0	0	0	0	0	0	0	0	0	0	0	0	0	0	0	0	0	0	0	0	0	0	0	0	0	0	0	0	0	0	0	0	0	0	0	0	0	0	0	0	0	0	0	0	0	0	0	0	0	0	0
4	5	1	9005	10	30900105	0	0	2693	1483	0	0	0	0	0	0	0	0	0	0	2630	331	1680	2645	1603	1800	90050005	90050010	900505001	900505002	1	90013	900205	10000	0	0	0	0	0	0	0	0	0	0	0	0	0	0	0	0	0	0	0	0	0	0	0	0	0	0	0	0	0	0	0	0	0	0	0	0	0	0	0	0	0	0	0	0	0	0	0	0	0	0	0	0	0	0	0	0	0	0	0
4	6	1	9005	10	30900106	0	0	2217	755	0	0	0	0	0	0	0	0	0	0	2408	369	927	2339	852	1800	90050011	90050016	900506001	900506002	1	90013	900206	10000	0	0	0	0	0	0	0	0	0	0	0	0	0	0	0	0	0	0	0	0	0	0	0	0	0	0	0	0	5	900102	1	2000	900112	1	2000	900122	1	2000	900132	1	2000	3	1	2000	0	0	0	0	0	0	0	0	0	0	0	0	0	0	0
4	7	1	9005	10	30900107	10000	30900202	1782	846	0	0	0	0	0	0	0	0	0	0	1979	400	784	1912	825	1800	90050012	90050017	900507001	900507002	1	90014	900207	10000	0	0	0	0	0	0	0	0	0	0	0	0	0	0	0	0	0	0	0	0	0	0	0	0	0	0	0	0	0	0	0	0	0	0	0	0	0	0	0	0	0	0	0	0	0	0	0	0	0	0	0	0	0	0	0	0	0	0	0
4	8	1	9005	10	30900108	0	0	1501	1154	0	0	0	0	0	0	0	0	0	0	1639	433	970	1596	1037	1800	90050013	90050018	900508001	900508002	1	90014	900208	10000	0	0	0	0	0	0	0	0	0	0	0	0	0	0	0	0	0	0	0	0	0	0	0	0	0	0	0	0	0	0	0	0	0	0	0	0	0	0	0	0	0	0	0	0	0	0	0	0	0	0	0	0	0	0	0	0	0	0	0
4	9	1	9005	10	30900109	0	0	1281	1434	0	0	0	0	0	0	0	0	0	0	1454	482	1245	1394	1312	1800	90050014	90050019	900509001	900509002	1	90014	900209	10000	0	0	0	0	0	0	0	0	0	0	0	0	0	0	0	0	0	0	0	0	0	0	0	0	0	0	0	0	5	900103	1	3333	900113	1	3333	2	1	3334	0	0	0	0	0	0	0	0	0	0	0	0	0	0	0	0	0	0	0	0	0
4	10	1	9005	10	30900110	10000	30900203	2056	1541	0	0	0	0	0	0	0	0	0	0	1188	499	1543	1942	1463	1800	90050015	90050020	900510001	0	1	90014	900210	10000	0	0	0	0	0	0	0	0	0	0	0	0	0	0	0	0	0	0	0	0	0	0	0	0	0	0	0	0	0	0	0	0	0	0	0	0	0	0	0	0	0	0	0	0	0	0	0	0	0	0	0	0	0	0	0	0	0	0	0
5	0	1	9006	10	0	0	0	0	0	0	0	0	0	0	0	0	0	0	0	0	0	0	1019	2515	6000	0	0	0	900600001	0	0	0	0	0	0	0	0	0	0	0	0	0	0	0	0	0	0	0	0	0	0	0	0	0	0	0	0	0	0	0	0	0	0	0	0	0	0	0	0	0	0	0	0	0	0	0	0	0	0	0	0	0	0	0	0	0	0	0	0	0	0	0
5	1	1	9006	10	30900101	0	0	1236	2320	0	0	0	0	0	0	0	0	0	0	1069	-46	2467	1131	2403	1800	90060001	90060006	900601001	900601002	1	90011	900201	10000	0	0	0	0	0	0	0	0	0	0	0	0	0	0	0	0	0	0	0	0	0	0	0	0	0	0	0	0	0	0	0	0	0	0	0	0	0	0	0	0	0	0	0	0	0	0	0	0	0	0	0	0	0	0	0	0	0	0	0
5	2	1	9006	10	30900102	0	0	1492	2005	0	0	0	0	0	0	0	0	0	0	1362	-12	2183	1443	2118	1800	90060002	90060007	900602001	900602002	1	90011	900202	10000	0	0	0	0	0	0	0	0	0	0	0	0	0	0	0	0	0	0	0	0	0	0	0	0	0	0	0	0	0	0	0	0	0	0	0	0	0	0	0	0	0	0	0	0	0	0	0	0	0	0	0	0	0	0	0	0	0	0	0
5	3	1	9006	10	30900103	0	0	2135	2353	0	0	0	0	0	0	0	0	0	0	1881	33	2288	1982	2317	1800	90060003	90060008	900603001	900603002	1	90011	900203	10000	0	0	0	0	0	0	0	0	0	0	0	0	0	0	0	0	0	0	0	0	0	0	0	0	0	0	0	0	5	900101	1	2000	900111	1	2000	900121	1	2000	900131	1	2000	3	1	2000	0	0	0	0	0	0	0	0	0	0	0	0	0	0	0
5	4	1	9006	10	30900104	10000	30900201	2506	2099	0	0	0	0	0	0	0	0	0	0	2177	47	2497	2480	2193	1800	90060004	90060009	900604001	900604002	1	90012	900204	10000	0	0	0	0	0	0	0	0	0	0	0	0	0	0	0	0	0	0	0	0	0	0	0	0	0	0	0	0	0	0	0	0	0	0	0	0	0	0	0	0	0	0	0	0	0	0	0	0	0	0	0	0	0	0	0	0	0	0	0
5	5	1	9006	10	30900105	0	0	2693	1483	0	0	0	0	0	0	0	0	0	0	2630	331	1680	2645	1603	1800	90060005	90060010	900605001	900605002	1	90012	900205	10000	0	0	0	0	0	0	0	0	0	0	0	0	0	0	0	0	0	0	0	0	0	0	0	0	0	0	0	0	0	0	0	0	0	0	0	0	0	0	0	0	0	0	0	0	0	0	0	0	0	0	0	0	0	0	0	0	0	0	0
5	6	1	9006	10	30900106	0	0	2217	755	0	0	0	0	0	0	0	0	0	0	2408	369	927	2339	852	1800	90060011	90060016	900606001	900606002	1	90013	900206	10000	0	0	0	0	0	0	0	0	0	0	0	0	0	0	0	0	0	0	0	0	0	0	0	0	0	0	0	0	5	900102	1	2000	900112	1	2000	900122	1	2000	900132	1	2000	3	1	2000	0	0	0	0	0	0	0	0	0	0	0	0	0	0	0
5	7	1	9006	10	30900107	10000	30900202	1782	846	0	0	0	0	0	0	0	0	0	0	1979	400	784	1912	825	1800	90060012	90060017	900607001	900607002	1	90013	900207	10000	0	0	0	0	0	0	0	0	0	0	0	0	0	0	0	0	0	0	0	0	0	0	0	0	0	0	0	0	0	0	0	0	0	0	0	0	0	0	0	0	0	0	0	0	0	0	0	0	0	0	0	0	0	0	0	0	0	0	0
5	8	1	9006	10	30900108	0	0	1501	1154	0	0	0	0	0	0	0	0	0	0	1639	433	970	1596	1037	1800	90060013	90060018	900608001	900608002	1	90013	900208	10000	0	0	0	0	0	0	0	0	0	0	0	0	0	0	0	0	0	0	0	0	0	0	0	0	0	0	0	0	0	0	0	0	0	0	0	0	0	0	0	0	0	0	0	0	0	0	0	0	0	0	0	0	0	0	0	0	0	0	0
5	9	1	9006	10	30900109	0	0	1281	1434	0	0	0	0	0	0	0	0	0	0	1454	482	1245	1394	1312	1800	90060014	90060019	900609001	900609002	1	90013	900209	10000	0	0	0	0	0	0	0	0	0	0	0	0	0	0	0	0	0	0	0	0	0	0	0	0	0	0	0	0	5	900103	1	3333	900113	1	3333	2	1	3334	0	0	0	0	0	0	0	0	0	0	0	0	0	0	0	0	0	0	0	0	0
5	10	1	9006	10	30900110	10000	30900203	2056	1541	0	0	0	0	0	0	0	0	0	0	1188	499	1543	1942	1463	1800	90060015	90060020	900610001	0	1	90013	900210	10000	0	0	0	0	0	0	0	0	0	0	0	0	0	0	0	0	0	0	0	0	0	0	0	0	0	0	0	0	0	0	0	0	0	0	0	0	0	0	0	0	0	0	0	0	0	0	0	0	0	0	0	0	0	0	0	0	0	0	0
6	0	1	9007	10	0	0	0	0	0	0	0	0	0	0	0	0	0	0	0	0	0	0	1019	2515	6000	0	0	0	900700001	0	0	0	0	0	0	0	0	0	0	0	0	0	0	0	0	0	0	0	0	0	0	0	0	0	0	0	0	0	0	0	0	0	0	0	0	0	0	0	0	0	0	0	0	0	0	0	0	0	0	0	0	0	0	0	0	0	0	0	0	0	0	0
6	1	1	9007	10	30900101	0	0	1236	2320	0	0	0	0	0	0	0	0	0	0	1069	-46	2467	1131	2403	1800	90070001	90070006	900701001	900701002	1	90011	900201	10000	0	0	0	0	0	0	0	0	0	0	0	0	0	0	0	0	0	0	0	0	0	0	0	0	0	0	0	0	0	0	0	0	0	0	0	0	0	0	0	0	0	0	0	0	0	0	0	0	0	0	0	0	0	0	0	0	0	0	0
6	2	1	9007	10	30900102	0	0	1492	2005	0	0	0	0	0	0	0	0	0	0	1362	-12	2183	1443	2118	1800	90070002	90070007	900702001	900702002	1	90011	900202	10000	0	0	0	0	0	0	0	0	0	0	0	0	0	0	0	0	0	0	0	0	0	0	0	0	0	0	0	0	0	0	0	0	0	0	0	0	0	0	0	0	0	0	0	0	0	0	0	0	0	0	0	0	0	0	0	0	0	0	0
6	3	1	9007	10	30900103	0	0	2135	2353	0	0	0	0	0	0	0	0	0	0	1881	33	2288	1982	2317	1800	90070003	90070008	900703001	900703002	1	90011	900203	10000	0	0	0	0	0	0	0	0	0	0	0	0	0	0	0	0	0	0	0	0	0	0	0	0	0	0	0	0	5	900101	1	2000	900111	1	2000	900121	1	2000	900131	1	2000	3	1	2000	0	0	0	0	0	0	0	0	0	0	0	0	0	0	0
6	4	1	9007	10	30900104	10000	30900201	2506	2099	0	0	0	0	0	0	0	0	0	0	2177	47	2497	2480	2193	1800	90070004	90070009	900704001	900704002	1	90012	900204	10000	0	0	0	0	0	0	0	0	0	0	0	0	0	0	0	0	0	0	0	0	0	0	0	0	0	0	0	0	0	0	0	0	0	0	0	0	0	0	0	0	0	0	0	0	0	0	0	0	0	0	0	0	0	0	0	0	0	0	0
6	5	1	9007	10	30900105	0	0	2693	1483	0	0	0	0	0	0	0	0	0	0	2630	331	1680	2645	1603	1800	90070005	90070010	900705001	900705002	1	90012	900205	10000	0	0	0	0	0	0	0	0	0	0	0	0	0	0	0	0	0	0	0	0	0	0	0	0	0	0	0	0	0	0	0	0	0	0	0	0	0	0	0	0	0	0	0	0	0	0	0	0	0	0	0	0	0	0	0	0	0	0	0
6	6	1	9007	10	30900106	0	0	2217	755	0	0	0	0	0	0	0	0	0	0	2408	369	927	2339	852	1800	90070011	90070016	900706001	900706002	1	90013	900206	10000	0	0	0	0	0	0	0	0	0	0	0	0	0	0	0	0	0	0	0	0	0	0	0	0	0	0	0	0	5	900102	1	2000	900112	1	2000	900122	1	2000	900132	1	2000	3	1	2000	0	0	0	0	0	0	0	0	0	0	0	0	0	0	0
6	7	1	9007	10	30900107	10000	30900202	1782	846	0	0	0	0	0	0	0	0	0	0	1979	400	784	1912	825	1800	90070012	90070017	900707001	900707002	1	90013	900207	10000	0	0	0	0	0	0	0	0	0	0	0	0	0	0	0	0	0	0	0	0	0	0	0	0	0	0	0	0	0	0	0	0	0	0	0	0	0	0	0	0	0	0	0	0	0	0	0	0	0	0	0	0	0	0	0	0	0	0	0
6	8	1	9007	10	30900108	0	0	1501	1154	0	0	0	0	0	0	0	0	0	0	1639	433	970	1596	1037	1800	90070013	90070018	900708001	900708002	1	90013	900208	10000	0	0	0	0	0	0	0	0	0	0	0	0	0	0	0	0	0	0	0	0	0	0	0	0	0	0	0	0	0	0	0	0	0	0	0	0	0	0	0	0	0	0	0	0	0	0	0	0	0	0	0	0	0	0	0	0	0	0	0
6	9	1	9007	10	30900109	0	0	1281	1434	0	0	0	0	0	0	0	0	0	0	1454	482	1245	1394	1312	1800	90070014	90070019	900709001	900709002	1	90013	900209	10000	0	0	0	0	0	0	0	0	0	0	0	0	0	0	0	0	0	0	0	0	0	0	0	0	0	0	0	0	5	900103	1	3333	900113	1	3333	2	1	3334	0	0	0	0	0	0	0	0	0	0	0	0	0	0	0	0	0	0	0	0	0
6	10	1	9007	10	30900110	10000	30900203	2056	1541	0	0	0	0	0	0	0	0	0	0	1188	499	1543	1942	1463	1800	90070015	90070020	900710001	0	1	90013	900210	10000	0	0	0	0	0	0	0	0	0	0	0	0	0	0	0	0	0	0	0	0	0	0	0	0	0	0	0	0	0	0	0	0	0	0	0	0	0	0	0	0	0	0	0	0	0	0	0	0	0	0	0	0	0	0	0	0	0	0	0
7	0	1	9008	10	0	0	0	0	0	0	0	0	0	0	0	0	0	0	0	0	0	0	1019	2515	6000	0	0	0	900800001	0	0	0	0	0	0	0	0	0	0	0	0	0	0	0	0	0	0	0	0	0	0	0	0	0	0	0	0	0	0	0	0	0	0	0	0	0	0	0	0	0	0	0	0	0	0	0	0	0	0	0	0	0	0	0	0	0	0	0	0	0	0	0
7	1	1	9008	10	30900101	0	0	1236	2320	0	0	0	0	0	0	0	0	0	0	1069	-46	2467	1131	2403	1800	90080001	90080006	900801001	900801002	1	90011	900201	10000	0	0	0	0	0	0	0	0	0	0	0	0	0	0	0	0	0	0	0	0	0	0	0	0	0	0	0	0	0	0	0	0	0	0	0	0	0	0	0	0	0	0	0	0	0	0	0	0	0	0	0	0	0	0	0	0	0	0	0
7	2	1	9008	10	30900102	0	0	1492	2005	0	0	0	0	0	0	0	0	0	0	1362	-12	2183	1443	2118	1800	90080002	90080007	900802001	900802002	1	90011	900202	10000	0	0	0	0	0	0	0	0	0	0	0	0	0	0	0	0	0	0	0	0	0	0	0	0	0	0	0	0	0	0	0	0	0	0	0	0	0	0	0	0	0	0	0	0	0	0	0	0	0	0	0	0	0	0	0	0	0	0	0
7	3	1	9008	10	30900103	0	0	2135	2353	0	0	0	0	0	0	0	0	0	0	1881	33	2288	1982	2317	1800	90080003	90080008	900803001	900803002	1	90011	900203	10000	0	0	0	0	0	0	0	0	0	0	0	0	0	0	0	0	0	0	0	0	0	0	0	0	0	0	0	0	5	900101	1	2000	900111	1	2000	900121	1	2000	900131	1	2000	3	1	2000	0	0	0	0	0	0	0	0	0	0	0	0	0	0	0
7	4	1	9008	10	30900104	10000	30900201	2506	2099	0	0	0	0	0	0	0	0	0	0	2177	47	2497	2480	2193	1800	90080004	90080009	900804001	900804002	1	90012	900204	10000	0	0	0	0	0	0	0	0	0	0	0	0	0	0	0	0	0	0	0	0	0	0	0	0	0	0	0	0	0	0	0	0	0	0	0	0	0	0	0	0	0	0	0	0	0	0	0	0	0	0	0	0	0	0	0	0	0	0	0
7	5	1	9008	10	30900105	0	0	2693	1483	0	0	0	0	0	0	0	0	0	0	2630	331	1680	2645	1603	1800	90080005	90080010	900805001	900805002	1	90012	900205	10000	0	0	0	0	0	0	0	0	0	0	0	0	0	0	0	0	0	0	0	0	0	0	0	0	0	0	0	0	0	0	0	0	0	0	0	0	0	0	0	0	0	0	0	0	0	0	0	0	0	0	0	0	0	0	0	0	0	0	0
7	6	1	9008	10	30900106	0	0	2217	755	0	0	0	0	0	0	0	0	0	0	2408	369	927	2339	852	1800	90080011	90080016	900806001	900806002	1	90013	900206	10000	0	0	0	0	0	0	0	0	0	0	0	0	0	0	0	0	0	0	0	0	0	0	0	0	0	0	0	0	5	900102	1	2000	900112	1	2000	900122	1	2000	900132	1	2000	3	1	2000	0	0	0	0	0	0	0	0	0	0	0	0	0	0	0
7	7	1	9008	10	30900107	10000	30900202	1782	846	0	0	0	0	0	0	0	0	0	0	1979	400	784	1912	825	1800	90080012	90080017	900807001	900807002	1	90013	900207	10000	0	0	0	0	0	0	0	0	0	0	0	0	0	0	0	0	0	0	0	0	0	0	0	0	0	0	0	0	0	0	0	0	0	0	0	0	0	0	0	0	0	0	0	0	0	0	0	0	0	0	0	0	0	0	0	0	0	0	0
7	8	1	9008	10	30900108	0	0	1501	1154	0	0	0	0	0	0	0	0	0	0	1639	433	970	1596	1037	1800	90080013	90080018	900808001	900808002	1	90013	900208	10000	0	0	0	0	0	0	0	0	0	0	0	0	0	0	0	0	0	0	0	0	0	0	0	0	0	0	0	0	0	0	0	0	0	0	0	0	0	0	0	0	0	0	0	0	0	0	0	0	0	0	0	0	0	0	0	0	0	0	0
7	9	1	9008	10	30900109	0	0	1281	1434	0	0	0	0	0	0	0	0	0	0	1454	482	1245	1394	1312	1800	90080014	90080019	900809001	900809002	1	90013	900209	10000	0	0	0	0	0	0	0	0	0	0	0	0	0	0	0	0	0	0	0	0	0	0	0	0	0	0	0	0	5	900103	1	3333	900113	1	3333	2	1	3334	0	0	0	0	0	0	0	0	0	0	0	0	0	0	0	0	0	0	0	0	0
7	10	1	9008	10	30900110	10000	30900203	2056	1541	0	0	0	0	0	0	0	0	0	0	1188	499	1543	1942	1463	1800	90080015	90080020	900810001	0	1	90013	900210	10000	0	0	0	0	0	0	0	0	0	0	0	0	0	0	0	0	0	0	0	0	0	0	0	0	0	0	0	0	0	0	0	0	0	0	0	0	0	0	0	0	0	0	0	0	0	0	0	0	0	0	0	0	0	0	0	0	0	0	0
8	0	1	9009	10	0	0	0	0	0	0	0	0	0	0	0	0	0	0	0	0	0	0	1019	2515	6000	0	0	0	900900001	0	0	0	0	0	0	0	0	0	0	0	0	0	0	0	0	0	0	0	0	0	0	0	0	0	0	0	0	0	0	0	0	0	0	0	0	0	0	0	0	0	0	0	0	0	0	0	0	0	0	0	0	0	0	0	0	0	0	0	0	0	0	0
8	1	1	9009	10	30900101	0	0	1236	2320	0	0	0	0	0	0	0	0	0	0	1069	-46	2467	1131	2403	1800	90090001	90090006	900901001	900901002	1	90011	900201	10000	0	0	0	0	0	0	0	0	0	0	0	0	0	0	0	0	0	0	0	0	0	0	0	0	0	0	0	0	0	0	0	0	0	0	0	0	0	0	0	0	0	0	0	0	0	0	0	0	0	0	0	0	0	0	0	0	0	0	0
8	2	1	9009	10	30900102	0	0	1492	2005	0	0	0	0	0	0	0	0	0	0	1362	-12	2183	1443	2118	1800	90090002	90090007	900902001	900902002	1	90011	900202	10000	0	0	0	0	0	0	0	0	0	0	0	0	0	0	0	0	0	0	0	0	0	0	0	0	0	0	0	0	0	0	0	0	0	0	0	0	0	0	0	0	0	0	0	0	0	0	0	0	0	0	0	0	0	0	0	0	0	0	0
8	3	1	9009	10	30900103	0	0	2135	2353	0	0	0	0	0	0	0	0	0	0	1881	33	2288	1982	2317	1800	90090003	90090008	900903001	900903002	1	90011	900203	10000	0	0	0	0	0	0	0	0	0	0	0	0	0	0	0	0	0	0	0	0	0	0	0	0	0	0	0	0	5	900101	1	2000	900111	1	2000	900121	1	2000	900131	1	2000	3	1	2000	0	0	0	0	0	0	0	0	0	0	0	0	0	0	0
8	4	1	9009	10	30900104	10000	30900201	2506	2099	0	0	0	0	0	0	0	0	0	0	2177	47	2497	2480	2193	1800	90090004	90090009	900904001	900904002	1	90012	900204	10000	0	0	0	0	0	0	0	0	0	0	0	0	0	0	0	0	0	0	0	0	0	0	0	0	0	0	0	0	0	0	0	0	0	0	0	0	0	0	0	0	0	0	0	0	0	0	0	0	0	0	0	0	0	0	0	0	0	0	0
8	5	1	9009	10	30900105	0	0	2693	1483	0	0	0	0	0	0	0	0	0	0	2630	331	1680	2645	1603	1800	90090005	90090010	900905001	900905002	1	90012	900205	10000	0	0	0	0	0	0	0	0	0	0	0	0	0	0	0	0	0	0	0	0	0	0	0	0	0	0	0	0	0	0	0	0	0	0	0	0	0	0	0	0	0	0	0	0	0	0	0	0	0	0	0	0	0	0	0	0	0	0	0
8	6	1	9009	10	30900106	0	0	2217	755	0	0	0	0	0	0	0	0	0	0	2408	369	927	2339	852	1800	90090011	90090016	900906001	900906002	1	90013	900206	10000	0	0	0	0	0	0	0	0	0	0	0	0	0	0	0	0	0	0	0	0	0	0	0	0	0	0	0	0	5	900102	1	2000	900112	1	2000	900122	1	2000	900132	1	2000	3	1	2000	0	0	0	0	0	0	0	0	0	0	0	0	0	0	0
8	7	1	9009	10	30900107	10000	30900202	1782	846	0	0	0	0	0	0	0	0	0	0	1979	400	784	1912	825	1800	90090012	90090017	900907001	900907002	1	90013	900207	10000	0	0	0	0	0	0	0	0	0	0	0	0	0	0	0	0	0	0	0	0	0	0	0	0	0	0	0	0	0	0	0	0	0	0	0	0	0	0	0	0	0	0	0	0	0	0	0	0	0	0	0	0	0	0	0	0	0	0	0
8	8	1	9009	10	30900108	0	0	1501	1154	0	0	0	0	0	0	0	0	0	0	1639	433	970	1596	1037	1800	90090013	90090018	900908001	900908002	1	90013	900208	10000	0	0	0	0	0	0	0	0	0	0	0	0	0	0	0	0	0	0	0	0	0	0	0	0	0	0	0	0	0	0	0	0	0	0	0	0	0	0	0	0	0	0	0	0	0	0	0	0	0	0	0	0	0	0	0	0	0	0	0
8	9	1	9009	10	30900109	0	0	1281	1434	0	0	0	0	0	0	0	0	0	0	1454	482	1245	1394	1312	1800	90090014	90090019	900909001	900909002	1	90013	900209	10000	0	0	0	0	0	0	0	0	0	0	0	0	0	0	0	0	0	0	0	0	0	0	0	0	0	0	0	0	5	900103	1	3333	900113	1	3333	2	1	3334	0	0	0	0	0	0	0	0	0	0	0	0	0	0	0	0	0	0	0	0	0
8	10	1	9009	10	30900110	10000	30900203	2056	1541	0	0	0	0	0	0	0	0	0	0	1188	499	1543	1942	1463	1800	90090015	90090020	900910001	0	1	90013	900210	10000	0	0	0	0	0	0	0	0	0	0	0	0	0	0	0	0	0	0	0	0	0	0	0	0	0	0	0	0	0	0	0	0	0	0	0	0	0	0	0	0	0	0	0	0	0	0	0	0	0	0	0	0	0	0	0	0	0	0	0
9	0	1	9010	10	0	0	0	0	0	0	0	0	0	0	0	0	0	0	0	0	0	0	1019	2515	6000	0	0	0	901000001	0	0	0	0	0	0	0	0	0	0	0	0	0	0	0	0	0	0	0	0	0	0	0	0	0	0	0	0	0	0	0	0	0	0	0	0	0	0	0	0	0	0	0	0	0	0	0	0	0	0	0	0	0	0	0	0	0	0	0	0	0	0	0
9	1	1	9010	10	30900101	0	0	1236	2320	0	0	0	0	0	0	0	0	0	0	1069	-46	2467	1131	2403	1800	90100001	90100006	901001001	901001002	1	90011	900201	10000	0	0	0	0	0	0	0	0	0	0	0	0	0	0	0	0	0	0	0	0	0	0	0	0	0	0	0	0	0	0	0	0	0	0	0	0	0	0	0	0	0	0	0	0	0	0	0	0	0	0	0	0	0	0	0	0	0	0	0
9	2	1	9010	10	30900102	0	0	1492	2005	0	0	0	0	0	0	0	0	0	0	1362	-12	2183	1443	2118	1800	90100002	90100007	901002001	901002002	1	90011	900202	10000	0	0	0	0	0	0	0	0	0	0	0	0	0	0	0	0	0	0	0	0	0	0	0	0	0	0	0	0	0	0	0	0	0	0	0	0	0	0	0	0	0	0	0	0	0	0	0	0	0	0	0	0	0	0	0	0	0	0	0
9	3	1	9010	10	30900103	0	0	2135	2353	0	0	0	0	0	0	0	0	0	0	1881	33	2288	1982	2317	1800	90100003	90100008	901003001	901003002	1	90011	900203	10000	0	0	0	0	0	0	0	0	0	0	0	0	0	0	0	0	0	0	0	0	0	0	0	0	0	0	0	0	5	900101	1	2000	900111	1	2000	900121	1	2000	900131	1	2000	3	1	2000	0	0	0	0	0	0	0	0	0	0	0	0	0	0	0
9	4	1	9010	10	30900104	10000	30900201	2506	2099	0	0	0	0	0	0	0	0	0	0	2177	47	2497	2480	2193	1800	90100004	90100009	901004001	901004002	1	90012	900204	10000	0	0	0	0	0	0	0	0	0	0	0	0	0	0	0	0	0	0	0	0	0	0	0	0	0	0	0	0	0	0	0	0	0	0	0	0	0	0	0	0	0	0	0	0	0	0	0	0	0	0	0	0	0	0	0	0	0	0	0
9	5	1	9010	10	30900105	0	0	2693	1483	0	0	0	0	0	0	0	0	0	0	2630	331	1680	2645	1603	1800	90100005	90100010	901005001	901005002	1	90012	900205	10000	0	0	0	0	0	0	0	0	0	0	0	0	0	0	0	0	0	0	0	0	0	0	0	0	0	0	0	0	0	0	0	0	0	0	0	0	0	0	0	0	0	0	0	0	0	0	0	0	0	0	0	0	0	0	0	0	0	0	0
9	6	1	9010	10	30900106	0	0	2217	755	0	0	0	0	0	0	0	0	0	0	2408	369	927	2339	852	1800	90100011	90100016	901006001	901006002	1	90013	900206	10000	0	0	0	0	0	0	0	0	0	0	0	0	0	0	0	0	0	0	0	0	0	0	0	0	0	0	0	0	5	900102	1	2000	900112	1	2000	900122	1	2000	900132	1	2000	3	1	2000	0	0	0	0	0	0	0	0	0	0	0	0	0	0	0
9	7	1	9010	10	30900107	10000	30900202	1782	846	0	0	0	0	0	0	0	0	0	0	1979	400	784	1912	825	1800	90100012	90100017	901007001	901007002	1	90013	900207	10000	0	0	0	0	0	0	0	0	0	0	0	0	0	0	0	0	0	0	0	0	0	0	0	0	0	0	0	0	0	0	0	0	0	0	0	0	0	0	0	0	0	0	0	0	0	0	0	0	0	0	0	0	0	0	0	0	0	0	0
9	8	1	9010	10	30900108	0	0	1501	1154	0	0	0	0	0	0	0	0	0	0	1639	433	970	1596	1037	1800	90100013	90100018	901008001	901008002	1	90013	900208	10000	0	0	0	0	0	0	0	0	0	0	0	0	0	0	0	0	0	0	0	0	0	0	0	0	0	0	0	0	0	0	0	0	0	0	0	0	0	0	0	0	0	0	0	0	0	0	0	0	0	0	0	0	0	0	0	0	0	0	0
9	9	1	9010	10	30900109	0	0	1281	1434	0	0	0	0	0	0	0	0	0	0	1454	482	1245	1394	1312	1800	90100014	90100019	901009001	901009002	1	90013	900209	10000	0	0	0	0	0	0	0	0	0	0	0	0	0	0	0	0	0	0	0	0	0	0	0	0	0	0	0	0	5	900103	1	3333	900113	1	3333	2	1	3334	0	0	0	0	0	0	0	0	0	0	0	0	0	0	0	0	0	0	0	0	0
9	10	1	9010	10	30900110	10000	30900203	2056	1541	0	0	0	0	0	0	0	0	0	0	1188	499	1543	1942	1463	1800	90100015	90100020	901010001	0	1	90013	900210	10000	0	0	0	0	0	0	0	0	0	0	0	0	0	0	0	0	0	0	0	0	0	0	0	0	0	0	0	0	0	0	0	0	0	0	0	0	0	0	0	0	0	0	0	0	0	0	0	0	0	0	0	0	0	0	0	0	0	0	0
10	0	1	9011	10	0	0	0	0	0	0	0	0	0	0	0	0	0	0	0	0	0	0	1019	2515	6000	0	0	0	901100001	0	0	0	0	0	0	0	0	0	0	0	0	0	0	0	0	0	0	0	0	0	0	0	0	0	0	0	0	0	0	0	0	0	0	0	0	0	0	0	0	0	0	0	0	0	0	0	0	0	0	0	0	0	0	0	0	0	0	0	0	0	0	0
10	1	1	9011	10	30900101	0	0	1236	2320	0	0	0	0	0	0	0	0	0	0	1069	-46	2467	1131	2403	1800	90110001	90110006	901101001	901101002	1	90011	900201	10000	0	0	0	0	0	0	0	0	0	0	0	0	0	0	0	0	0	0	0	0	0	0	0	0	0	0	0	0	0	0	0	0	0	0	0	0	0	0	0	0	0	0	0	0	0	0	0	0	0	0	0	0	0	0	0	0	0	0	0
10	2	1	9011	10	30900102	0	0	1492	2005	0	0	0	0	0	0	0	0	0	0	1362	-12	2183	1443	2118	1800	90110002	90110007	901102001	901102002	1	90011	900202	10000	0	0	0	0	0	0	0	0	0	0	0	0	0	0	0	0	0	0	0	0	0	0	0	0	0	0	0	0	0	0	0	0	0	0	0	0	0	0	0	0	0	0	0	0	0	0	0	0	0	0	0	0	0	0	0	0	0	0	0
10	3	1	9011	10	30900103	0	0	2135	2353	0	0	0	0	0	0	0	0	0	0	1881	33	2288	1982	2317	1800	90110003	90110008	901103001	901103002	1	90011	900203	10000	0	0	0	0	0	0	0	0	0	0	0	0	0	0	0	0	0	0	0	0	0	0	0	0	0	0	0	0	5	900101	1	2000	900111	1	2000	900121	1	2000	900131	1	2000	3	1	2000	0	0	0	0	0	0	0	0	0	0	0	0	0	0	0
10	4	1	9011	10	30900104	10000	30900201	2506	2099	0	0	0	0	0	0	0	0	0	0	2177	47	2497	2480	2193	1800	90110004	90110009	901104001	901104002	1	90012	900204	10000	0	0	0	0	0	0	0	0	0	0	0	0	0	0	0	0	0	0	0	0	0	0	0	0	0	0	0	0	0	0	0	0	0	0	0	0	0	0	0	0	0	0	0	0	0	0	0	0	0	0	0	0	0	0	0	0	0	0	0
10	5	1	9011	10	30900105	0	0	2693	1483	0	0	0	0	0	0	0	0	0	0	2630	331	1680	2645	1603	1800	90110005	90110010	901105001	901105002	1	90012	900205	10000	0	0	0	0	0	0	0	0	0	0	0	0	0	0	0	0	0	0	0	0	0	0	0	0	0	0	0	0	0	0	0	0	0	0	0	0	0	0	0	0	0	0	0	0	0	0	0	0	0	0	0	0	0	0	0	0	0	0	0
10	6	1	9011	10	30900106	0	0	2217	755	0	0	0	0	0	0	0	0	0	0	2408	369	927	2339	852	1800	90110011	90110016	901106001	901106002	1	90013	900206	10000	0	0	0	0	0	0	0	0	0	0	0	0	0	0	0	0	0	0	0	0	0	0	0	0	0	0	0	0	5	900102	1	2000	900112	1	2000	900122	1	2000	900132	1	2000	3	1	2000	0	0	0	0	0	0	0	0	0	0	0	0	0	0	0
10	7	1	9011	10	30900107	10000	30900202	1782	846	0	0	0	0	0	0	0	0	0	0	1979	400	784	1912	825	1800	90110012	90110017	901107001	901107002	1	90013	900207	10000	0	0	0	0	0	0	0	0	0	0	0	0	0	0	0	0	0	0	0	0	0	0	0	0	0	0	0	0	0	0	0	0	0	0	0	0	0	0	0	0	0	0	0	0	0	0	0	0	0	0	0	0	0	0	0	0	0	0	0
10	8	1	9011	10	30900108	0	0	1501	1154	0	0	0	0	0	0	0	0	0	0	1639	433	970	1596	1037	1800	90110013	90110018	901108001	901108002	1	90013	900208	10000	0	0	0	0	0	0	0	0	0	0	0	0	0	0	0	0	0	0	0	0	0	0	0	0	0	0	0	0	0	0	0	0	0	0	0	0	0	0	0	0	0	0	0	0	0	0	0	0	0	0	0	0	0	0	0	0	0	0	0
10	9	1	9011	10	30900109	0	0	1281	1434	0	0	0	0	0	0	0	0	0	0	1454	482	1245	1394	1312	1800	90110014	90110019	901109001	901109002	1	90013	900209	10000	0	0	0	0	0	0	0	0	0	0	0	0	0	0	0	0	0	0	0	0	0	0	0	0	0	0	0	0	5	900103	1	3333	900113	1	3333	2	1	3334	0	0	0	0	0	0	0	0	0	0	0	0	0	0	0	0	0	0	0	0	0
10	10	1	9011	10	30900110	10000	30900203	2056	1541	0	0	0	0	0	0	0	0	0	0	1188	499	1543	1942	1463	1800	90110015	90110020	901110001	0	1	90013	900210	10000	0	0	0	0	0	0	0	0	0	0	0	0	0	0	0	0	0	0	0	0	0	0	0	0	0	0	0	0	0	0	0	0	0	0	0	0	0	0	0	0	0	0	0	0	0	0	0	0	0	0	0	0	0	0	0	0	0	0	0
11	0	1	9012	10	0	0	0	0	0	0	0	0	0	0	0	0	0	0	0	0	0	0	1019	2515	6000	0	0	0	901200001	0	0	0	0	0	0	0	0	0	0	0	0	0	0	0	0	0	0	0	0	0	0	0	0	0	0	0	0	0	0	0	0	0	0	0	0	0	0	0	0	0	0	0	0	0	0	0	0	0	0	0	0	0	0	0	0	0	0	0	0	0	0	0
11	1	1	9012	10	30900101	0	0	1236	2320	0	0	0	0	0	0	0	0	0	0	1069	-46	2467	1131	2403	1800	90120001	90120006	901201001	901201002	1	90011	900201	10000	0	0	0	0	0	0	0	0	0	0	0	0	0	0	0	0	0	0	0	0	0	0	0	0	0	0	0	0	0	0	0	0	0	0	0	0	0	0	0	0	0	0	0	0	0	0	0	0	0	0	0	0	0	0	0	0	0	0	0
11	2	1	9012	10	30900102	0	0	1492	2005	0	0	0	0	0	0	0	0	0	0	1362	-12	2183	1443	2118	1800	90120002	90120007	901202001	901202002	1	90011	900202	10000	0	0	0	0	0	0	0	0	0	0	0	0	0	0	0	0	0	0	0	0	0	0	0	0	0	0	0	0	0	0	0	0	0	0	0	0	0	0	0	0	0	0	0	0	0	0	0	0	0	0	0	0	0	0	0	0	0	0	0
11	3	1	9012	10	30900103	0	0	2135	2353	0	0	0	0	0	0	0	0	0	0	1881	33	2288	1982	2317	1800	90120003	90120008	901203001	901203002	1	90011	900203	10000	0	0	0	0	0	0	0	0	0	0	0	0	0	0	0	0	0	0	0	0	0	0	0	0	0	0	0	0	5	900101	1	2000	900111	1	2000	900121	1	2000	900131	1	2000	3	1	2000	0	0	0	0	0	0	0	0	0	0	0	0	0	0	0
11	4	1	9012	10	30900104	10000	30900201	2506	2099	0	0	0	0	0	0	0	0	0	0	2177	47	2497	2480	2193	1800	90120004	90120009	901204001	901204002	1	90012	900204	10000	0	0	0	0	0	0	0	0	0	0	0	0	0	0	0	0	0	0	0	0	0	0	0	0	0	0	0	0	0	0	0	0	0	0	0	0	0	0	0	0	0	0	0	0	0	0	0	0	0	0	0	0	0	0	0	0	0	0	0
11	5	1	9012	10	30900105	0	0	2693	1483	0	0	0	0	0	0	0	0	0	0	2630	331	1680	2645	1603	1800	90120005	90120010	901205001	901205002	1	90012	900205	10000	0	0	0	0	0	0	0	0	0	0	0	0	0	0	0	0	0	0	0	0	0	0	0	0	0	0	0	0	0	0	0	0	0	0	0	0	0	0	0	0	0	0	0	0	0	0	0	0	0	0	0	0	0	0	0	0	0	0	0
11	6	1	9012	10	30900106	0	0	2217	755	0	0	0	0	0	0	0	0	0	0	2408	369	927	2339	852	1800	90120011	90120016	901206001	901206002	1	90013	900206	10000	0	0	0	0	0	0	0	0	0	0	0	0	0	0	0	0	0	0	0	0	0	0	0	0	0	0	0	0	5	900102	1	2000	900112	1	2000	900122	1	2000	900132	1	2000	3	1	2000	0	0	0	0	0	0	0	0	0	0	0	0	0	0	0
11	7	1	9012	10	30900107	10000	30900202	1782	846	0	0	0	0	0	0	0	0	0	0	1979	400	784	1912	825	1800	90120012	90120017	901207001	901207002	1	90013	900207	10000	0	0	0	0	0	0	0	0	0	0	0	0	0	0	0	0	0	0	0	0	0	0	0	0	0	0	0	0	0	0	0	0	0	0	0	0	0	0	0	0	0	0	0	0	0	0	0	0	0	0	0	0	0	0	0	0	0	0	0
11	8	1	9012	10	30900108	0	0	1501	1154	0	0	0	0	0	0	0	0	0	0	1639	433	970	1596	1037	1800	90120013	90120018	901208001	901208002	1	90013	900208	10000	0	0	0	0	0	0	0	0	0	0	0	0	0	0	0	0	0	0	0	0	0	0	0	0	0	0	0	0	0	0	0	0	0	0	0	0	0	0	0	0	0	0	0	0	0	0	0	0	0	0	0	0	0	0	0	0	0	0	0
11	9	1	9012	10	30900109	0	0	1281	1434	0	0	0	0	0	0	0	0	0	0	1454	482	1245	1394	1312	1800	90120014	90120019	901209001	901209002	1	90013	900209	10000	0	0	0	0	0	0	0	0	0	0	0	0	0	0	0	0	0	0	0	0	0	0	0	0	0	0	0	0	5	900103	1	3333	900113	1	3333	2	1	3334	0	0	0	0	0	0	0	0	0	0	0	0	0	0	0	0	0	0	0	0	0
11	10	1	9012	10	30900110	10000	30900203	2056	1541	0	0	0	0	0	0	0	0	0	0	1188	499	1543	1942	1463	1800	90120015	90120020	901210001	0	1	90013	900210	10000	0	0	0	0	0	0	0	0	0	0	0	0	0	0	0	0	0	0	0	0	0	0	0	0	0	0	0	0	0	0	0	0	0	0	0	0	0	0	0	0	0	0	0	0	0	0	0	0	0	0	0	0	0	0	0	0	0	0	0
12	0	1	9013	10	0	0	0	0	0	0	0	0	0	0	0	0	0	0	0	0	0	0	1019	2515	6000	0	0	0	901300001	0	0	0	0	0	0	0	0	0	0	0	0	0	0	0	0	0	0	0	0	0	0	0	0	0	0	0	0	0	0	0	0	0	0	0	0	0	0	0	0	0	0	0	0	0	0	0	0	0	0	0	0	0	0	0	0	0	0	0	0	0	0	0
12	1	1	9013	10	30900101	0	0	1236	2320	0	0	0	0	0	0	0	0	0	0	1069	-46	2467	1131	2403	1800	90130001	90130006	901301001	901301002	1	90011	900201	10000	0	0	0	0	0	0	0	0	0	0	0	0	0	0	0	0	0	0	0	0	0	0	0	0	0	0	0	0	0	0	0	0	0	0	0	0	0	0	0	0	0	0	0	0	0	0	0	0	0	0	0	0	0	0	0	0	0	0	0
12	2	1	9013	10	30900102	0	0	1492	2005	0	0	0	0	0	0	0	0	0	0	1362	-12	2183	1443	2118	1800	90130002	90130007	901302001	901302002	1	90011	900202	10000	0	0	0	0	0	0	0	0	0	0	0	0	0	0	0	0	0	0	0	0	0	0	0	0	0	0	0	0	0	0	0	0	0	0	0	0	0	0	0	0	0	0	0	0	0	0	0	0	0	0	0	0	0	0	0	0	0	0	0
12	3	1	9013	10	30900103	0	0	2135	2353	0	0	0	0	0	0	0	0	0	0	1881	33	2288	1982	2317	1800	90130003	90130008	901303001	901303002	1	90011	900203	10000	0	0	0	0	0	0	0	0	0	0	0	0	0	0	0	0	0	0	0	0	0	0	0	0	0	0	0	0	5	900101	1	2000	900111	1	2000	900121	1	2000	900131	1	2000	3	1	2000	0	0	0	0	0	0	0	0	0	0	0	0	0	0	0
12	4	1	9013	10	30900104	10000	30900201	2506	2099	0	0	0	0	0	0	0	0	0	0	2177	47	2497	2480	2193	1800	90130004	90130009	901304001	901304002	1	90012	900204	10000	0	0	0	0	0	0	0	0	0	0	0	0	0	0	0	0	0	0	0	0	0	0	0	0	0	0	0	0	0	0	0	0	0	0	0	0	0	0	0	0	0	0	0	0	0	0	0	0	0	0	0	0	0	0	0	0	0	0	0
12	5	1	9013	10	30900105	0	0	2693	1483	0	0	0	0	0	0	0	0	0	0	2630	331	1680	2645	1603	1800	90130005	90130010	901305001	901305002	1	90012	900205	10000	0	0	0	0	0	0	0	0	0	0	0	0	0	0	0	0	0	0	0	0	0	0	0	0	0	0	0	0	0	0	0	0	0	0	0	0	0	0	0	0	0	0	0	0	0	0	0	0	0	0	0	0	0	0	0	0	0	0	0
12	6	1	9013	10	30900106	0	0	2217	755	0	0	0	0	0	0	0	0	0	0	2408	369	927	2339	852	1800	90130011	90130016	901306001	901306002	1	90013	900206	10000	0	0	0	0	0	0	0	0	0	0	0	0	0	0	0	0	0	0	0	0	0	0	0	0	0	0	0	0	5	900102	1	2000	900112	1	2000	900122	1	2000	900132	1	2000	3	1	2000	0	0	0	0	0	0	0	0	0	0	0	0	0	0	0
12	7	1	9013	10	30900107	10000	30900202	1782	846	0	0	0	0	0	0	0	0	0	0	1979	400	784	1912	825	1800	90130012	90130017	901307001	901307002	1	90013	900207	10000	0	0	0	0	0	0	0	0	0	0	0	0	0	0	0	0	0	0	0	0	0	0	0	0	0	0	0	0	0	0	0	0	0	0	0	0	0	0	0	0	0	0	0	0	0	0	0	0	0	0	0	0	0	0	0	0	0	0	0
12	8	1	9013	10	30900108	0	0	1501	1154	0	0	0	0	0	0	0	0	0	0	1639	433	970	1596	1037	1800	90130013	90130018	901308001	901308002	1	90013	900208	10000	0	0	0	0	0	0	0	0	0	0	0	0	0	0	0	0	0	0	0	0	0	0	0	0	0	0	0	0	0	0	0	0	0	0	0	0	0	0	0	0	0	0	0	0	0	0	0	0	0	0	0	0	0	0	0	0	0	0	0
12	9	1	9013	10	30900109	0	0	1281	1434	0	0	0	0	0	0	0	0	0	0	1454	482	1245	1394	1312	1800	90130014	90130019	901309001	901309002	1	90013	900209	10000	0	0	0	0	0	0	0	0	0	0	0	0	0	0	0	0	0	0	0	0	0	0	0	0	0	0	0	0	5	900103	1	3333	900113	1	3333	2	1	3334	0	0	0	0	0	0	0	0	0	0	0	0	0	0	0	0	0	0	0	0	0
12	10	1	9013	10	30900110	10000	30900203	2056	1541	0	0	0	0	0	0	0	0	0	0	1188	499	1543	1942	1463	1800	90130015	90130020	901310001	0	1	90013	900210	10000	0	0	0	0	0	0	0	0	0	0	0	0	0	0	0	0	0	0	0	0	0	0	0	0	0	0	0	0	0	0	0	0	0	0	0	0	0	0	0	0	0	0	0	0	0	0	0	0	0	0	0	0	0	0	0	0	0	0	0
13	0	1	9014	10	0	0	0	0	0	0	0	0	0	0	0	0	0	0	0	0	0	0	1019	2515	6000	0	0	0	901400001	0	0	0	0	0	0	0	0	0	0	0	0	0	0	0	0	0	0	0	0	0	0	0	0	0	0	0	0	0	0	0	0	0	0	0	0	0	0	0	0	0	0	0	0	0	0	0	0	0	0	0	0	0	0	0	0	0	0	0	0	0	0	0
13	1	1	9014	10	30900101	0	0	1236	2320	0	0	0	0	0	0	0	0	0	0	1069	-46	2467	1131	2403	1800	90140001	90140006	901401001	901401002	1	90011	900201	10000	0	0	0	0	0	0	0	0	0	0	0	0	0	0	0	0	0	0	0	0	0	0	0	0	0	0	0	0	0	0	0	0	0	0	0	0	0	0	0	0	0	0	0	0	0	0	0	0	0	0	0	0	0	0	0	0	0	0	0
13	2	1	9014	10	30900102	0	0	1492	2005	0	0	0	0	0	0	0	0	0	0	1362	-12	2183	1443	2118	1800	90140002	90140007	901402001	901402002	1	90011	900202	10000	0	0	0	0	0	0	0	0	0	0	0	0	0	0	0	0	0	0	0	0	0	0	0	0	0	0	0	0	0	0	0	0	0	0	0	0	0	0	0	0	0	0	0	0	0	0	0	0	0	0	0	0	0	0	0	0	0	0	0
13	3	1	9014	10	30900103	0	0	2135	2353	0	0	0	0	0	0	0	0	0	0	1881	33	2288	1982	2317	1800	90140003	90140008	901403001	901403002	1	90011	900203	10000	0	0	0	0	0	0	0	0	0	0	0	0	0	0	0	0	0	0	0	0	0	0	0	0	0	0	0	0	5	900101	1	2000	900111	1	2000	900121	1	2000	900131	1	2000	3	1	2000	0	0	0	0	0	0	0	0	0	0	0	0	0	0	0
13	4	1	9014	10	30900104	10000	30900201	2506	2099	0	0	0	0	0	0	0	0	0	0	2177	47	2497	2480	2193	1800	90140004	90140009	901404001	901404002	1	90012	900204	10000	0	0	0	0	0	0	0	0	0	0	0	0	0	0	0	0	0	0	0	0	0	0	0	0	0	0	0	0	0	0	0	0	0	0	0	0	0	0	0	0	0	0	0	0	0	0	0	0	0	0	0	0	0	0	0	0	0	0	0
13	5	1	9014	10	30900105	0	0	2693	1483	0	0	0	0	0	0	0	0	0	0	2630	331	1680	2645	1603	1800	90140005	90140010	901405001	901405002	1	90012	900205	10000	0	0	0	0	0	0	0	0	0	0	0	0	0	0	0	0	0	0	0	0	0	0	0	0	0	0	0	0	0	0	0	0	0	0	0	0	0	0	0	0	0	0	0	0	0	0	0	0	0	0	0	0	0	0	0	0	0	0	0
13	6	1	9014	10	30900106	0	0	2217	755	0	0	0	0	0	0	0	0	0	0	2408	369	927	2339	852	1800	90140011	90140016	901406001	901406002	1	90013	900206	10000	0	0	0	0	0	0	0	0	0	0	0	0	0	0	0	0	0	0	0	0	0	0	0	0	0	0	0	0	5	900102	1	2000	900112	1	2000	900122	1	2000	900132	1	2000	3	1	2000	0	0	0	0	0	0	0	0	0	0	0	0	0	0	0
13	7	1	9014	10	30900107	10000	30900202	1782	846	0	0	0	0	0	0	0	0	0	0	1979	400	784	1912	825	1800	90140012	90140017	901407001	901407002	1	90013	900207	10000	0	0	0	0	0	0	0	0	0	0	0	0	0	0	0	0	0	0	0	0	0	0	0	0	0	0	0	0	0	0	0	0	0	0	0	0	0	0	0	0	0	0	0	0	0	0	0	0	0	0	0	0	0	0	0	0	0	0	0
13	8	1	9014	10	30900108	0	0	1501	1154	0	0	0	0	0	0	0	0	0	0	1639	433	970	1596	1037	1800	90140013	90140018	901408001	901408002	1	90013	900208	10000	0	0	0	0	0	0	0	0	0	0	0	0	0	0	0	0	0	0	0	0	0	0	0	0	0	0	0	0	0	0	0	0	0	0	0	0	0	0	0	0	0	0	0	0	0	0	0	0	0	0	0	0	0	0	0	0	0	0	0
13	9	1	9014	10	30900109	0	0	1281	1434	0	0	0	0	0	0	0	0	0	0	1454	482	1245	1394	1312	1800	90140014	90140019	901409001	901409002	1	90013	900209	10000	0	0	0	0	0	0	0	0	0	0	0	0	0	0	0	0	0	0	0	0	0	0	0	0	0	0	0	0	5	900103	1	3333	900113	1	3333	2	1	3334	0	0	0	0	0	0	0	0	0	0	0	0	0	0	0	0	0	0	0	0	0
13	10	1	9014	10	30900110	10000	30900203	2056	1541	0	0	0	0	0	0	0	0	0	0	1188	499	1543	1942	1463	1800	90140015	90140020	901410001	0	1	90013	900210	10000	0	0	0	0	0	0	0	0	0	0	0	0	0	0	0	0	0	0	0	0	0	0	0	0	0	0	0	0	0	0	0	0	0	0	0	0	0	0	0	0	0	0	0	0	0	0	0	0	0	0	0	0	0	0	0	0	0	0	0
14	0	1	9015	10	0	0	0	0	0	0	0	0	0	0	0	0	0	0	0	0	0	0	1019	2515	6000	0	0	0	901500001	0	0	0	0	0	0	0	0	0	0	0	0	0	0	0	0	0	0	0	0	0	0	0	0	0	0	0	0	0	0	0	0	0	0	0	0	0	0	0	0	0	0	0	0	0	0	0	0	0	0	0	0	0	0	0	0	0	0	0	0	0	0	0
14	1	1	9015	10	30900101	0	0	1236	2320	0	0	0	0	0	0	0	0	0	0	1069	-46	2467	1131	2403	1800	90150001	90150006	901501001	901501002	1	90011	900201	10000	0	0	0	0	0	0	0	0	0	0	0	0	0	0	0	0	0	0	0	0	0	0	0	0	0	0	0	0	0	0	0	0	0	0	0	0	0	0	0	0	0	0	0	0	0	0	0	0	0	0	0	0	0	0	0	0	0	0	0
14	2	1	9015	10	30900102	0	0	1492	2005	0	0	0	0	0	0	0	0	0	0	1362	-12	2183	1443	2118	1800	90150002	90150007	901502001	901502002	1	90011	900202	10000	0	0	0	0	0	0	0	0	0	0	0	0	0	0	0	0	0	0	0	0	0	0	0	0	0	0	0	0	0	0	0	0	0	0	0	0	0	0	0	0	0	0	0	0	0	0	0	0	0	0	0	0	0	0	0	0	0	0	0
14	3	1	9015	10	30900103	0	0	2135	2353	0	0	0	0	0	0	0	0	0	0	1881	33	2288	1982	2317	1800	90150003	90150008	901503001	901503002	1	90011	900203	10000	0	0	0	0	0	0	0	0	0	0	0	0	0	0	0	0	0	0	0	0	0	0	0	0	0	0	0	0	5	900101	1	2000	900111	1	2000	900121	1	2000	900131	1	2000	3	1	2000	0	0	0	0	0	0	0	0	0	0	0	0	0	0	0
14	4	1	9015	10	30900104	10000	30900201	2506	2099	0	0	0	0	0	0	0	0	0	0	2177	47	2497	2480	2193	1800	90150004	90150009	901504001	901504002	1	90012	900204	10000	0	0	0	0	0	0	0	0	0	0	0	0	0	0	0	0	0	0	0	0	0	0	0	0	0	0	0	0	0	0	0	0	0	0	0	0	0	0	0	0	0	0	0	0	0	0	0	0	0	0	0	0	0	0	0	0	0	0	0
14	5	1	9015	10	30900105	0	0	2693	1483	0	0	0	0	0	0	0	0	0	0	2630	331	1680	2645	1603	1800	90150005	90150010	901505001	901505002	1	90012	900205	10000	0	0	0	0	0	0	0	0	0	0	0	0	0	0	0	0	0	0	0	0	0	0	0	0	0	0	0	0	0	0	0	0	0	0	0	0	0	0	0	0	0	0	0	0	0	0	0	0	0	0	0	0	0	0	0	0	0	0	0
14	6	1	9015	10	30900106	0	0	2217	755	0	0	0	0	0	0	0	0	0	0	2408	369	927	2339	852	1800	90150011	90150016	901506001	901506002	1	90013	900206	10000	0	0	0	0	0	0	0	0	0	0	0	0	0	0	0	0	0	0	0	0	0	0	0	0	0	0	0	0	5	900102	1	2000	900112	1	2000	900122	1	2000	900132	1	2000	3	1	2000	0	0	0	0	0	0	0	0	0	0	0	0	0	0	0
14	7	1	9015	10	30900107	10000	30900202	1782	846	0	0	0	0	0	0	0	0	0	0	1979	400	784	1912	825	1800	90150012	90150017	901507001	901507002	1	90013	900207	10000	0	0	0	0	0	0	0	0	0	0	0	0	0	0	0	0	0	0	0	0	0	0	0	0	0	0	0	0	0	0	0	0	0	0	0	0	0	0	0	0	0	0	0	0	0	0	0	0	0	0	0	0	0	0	0	0	0	0	0
14	8	1	9015	10	30900108	0	0	1501	1154	0	0	0	0	0	0	0	0	0	0	1639	433	970	1596	1037	1800	90150013	90150018	901508001	901508002	1	90013	900208	10000	0	0	0	0	0	0	0	0	0	0	0	0	0	0	0	0	0	0	0	0	0	0	0	0	0	0	0	0	0	0	0	0	0	0	0	0	0	0	0	0	0	0	0	0	0	0	0	0	0	0	0	0	0	0	0	0	0	0	0
14	9	1	9015	10	30900109	0	0	1281	1434	0	0	0	0	0	0	0	0	0	0	1454	482	1245	1394	1312	1800	90150014	90150019	901509001	901509002	1	90013	900209	10000	0	0	0	0	0	0	0	0	0	0	0	0	0	0	0	0	0	0	0	0	0	0	0	0	0	0	0	0	5	900103	1	3333	900113	1	3333	2	1	3334	0	0	0	0	0	0	0	0	0	0	0	0	0	0	0	0	0	0	0	0	0
14	10	1	9015	10	30900110	10000	30900203	2056	1541	0	0	0	0	0	0	0	0	0	0	1188	499	1543	1942	1463	1800	90150015	90150020	901510001	0	1	90013	900210	10000	0	0	0	0	0	0	0	0	0	0	0	0	0	0	0	0	0	0	0	0	0	0	0	0	0	0	0	0	0	0	0	0	0	0	0	0	0	0	0	0	0	0	0	0	0	0	0	0	0	0	0	0	0	0	0	0	0	0	0
15	0	1	9016	10	0	0	0	0	0	0	0	0	0	0	0	0	0	0	0	0	0	0	1019	2515	6000	0	0	0	901600001	0	0	0	0	0	0	0	0	0	0	0	0	0	0	0	0	0	0	0	0	0	0	0	0	0	0	0	0	0	0	0	0	0	0	0	0	0	0	0	0	0	0	0	0	0	0	0	0	0	0	0	0	0	0	0	0	0	0	0	0	0	0	0
15	1	1	9016	10	30900101	0	0	1236	2320	0	0	0	0	0	0	0	0	0	0	1069	-46	2467	1131	2403	1800	90160001	90160006	901601001	901601002	1	90011	900201	10000	0	0	0	0	0	0	0	0	0	0	0	0	0	0	0	0	0	0	0	0	0	0	0	0	0	0	0	0	0	0	0	0	0	0	0	0	0	0	0	0	0	0	0	0	0	0	0	0	0	0	0	0	0	0	0	0	0	0	0
15	2	1	9016	10	30900102	0	0	1492	2005	0	0	0	0	0	0	0	0	0	0	1362	-12	2183	1443	2118	1800	90160002	90160007	901602001	901602002	1	90011	900202	10000	0	0	0	0	0	0	0	0	0	0	0	0	0	0	0	0	0	0	0	0	0	0	0	0	0	0	0	0	0	0	0	0	0	0	0	0	0	0	0	0	0	0	0	0	0	0	0	0	0	0	0	0	0	0	0	0	0	0	0
15	3	1	9016	10	30900103	0	0	2135	2353	0	0	0	0	0	0	0	0	0	0	1881	33	2288	1982	2317	1800	90160003	90160008	901603001	901603002	1	90011	900203	10000	0	0	0	0	0	0	0	0	0	0	0	0	0	0	0	0	0	0	0	0	0	0	0	0	0	0	0	0	5	900101	1	2000	900111	1	2000	900121	1	2000	900131	1	2000	3	1	2000	0	0	0	0	0	0	0	0	0	0	0	0	0	0	0
15	4	1	9016	10	30900104	10000	30900201	2506	2099	0	0	0	0	0	0	0	0	0	0	2177	47	2497	2480	2193	1800	90160004	90160009	901604001	901604002	1	90012	900204	10000	0	0	0	0	0	0	0	0	0	0	0	0	0	0	0	0	0	0	0	0	0	0	0	0	0	0	0	0	0	0	0	0	0	0	0	0	0	0	0	0	0	0	0	0	0	0	0	0	0	0	0	0	0	0	0	0	0	0	0
15	5	1	9016	10	30900105	0	0	2693	1483	0	0	0	0	0	0	0	0	0	0	2630	331	1680	2645	1603	1800	90160005	90160010	901605001	901605002	1	90012	900205	10000	0	0	0	0	0	0	0	0	0	0	0	0	0	0	0	0	0	0	0	0	0	0	0	0	0	0	0	0	0	0	0	0	0	0	0	0	0	0	0	0	0	0	0	0	0	0	0	0	0	0	0	0	0	0	0	0	0	0	0
15	6	1	9016	10	30900106	0	0	2217	755	0	0	0	0	0	0	0	0	0	0	2408	369	927	2339	852	1800	90160011	90160016	901606001	901606002	1	90013	900206	10000	0	0	0	0	0	0	0	0	0	0	0	0	0	0	0	0	0	0	0	0	0	0	0	0	0	0	0	0	5	900102	1	2000	900112	1	2000	900122	1	2000	900132	1	2000	3	1	2000	0	0	0	0	0	0	0	0	0	0	0	0	0	0	0
15	7	1	9016	10	30900107	10000	30900202	1782	846	0	0	0	0	0	0	0	0	0	0	1979	400	784	1912	825	1800	90160012	90160017	901607001	901607002	1	90013	900207	10000	0	0	0	0	0	0	0	0	0	0	0	0	0	0	0	0	0	0	0	0	0	0	0	0	0	0	0	0	0	0	0	0	0	0	0	0	0	0	0	0	0	0	0	0	0	0	0	0	0	0	0	0	0	0	0	0	0	0	0
15	8	1	9016	10	30900108	0	0	1501	1154	0	0	0	0	0	0	0	0	0	0	1639	433	970	1596	1037	1800	90160013	90160018	901608001	901608002	1	90013	900208	10000	0	0	0	0	0	0	0	0	0	0	0	0	0	0	0	0	0	0	0	0	0	0	0	0	0	0	0	0	0	0	0	0	0	0	0	0	0	0	0	0	0	0	0	0	0	0	0	0	0	0	0	0	0	0	0	0	0	0	0
15	9	1	9016	10	30900109	0	0	1281	1434	0	0	0	0	0	0	0	0	0	0	1454	482	1245	1394	1312	1800	90160014	90160019	901609001	901609002	1	90013	900209	10000	0	0	0	0	0	0	0	0	0	0	0	0	0	0	0	0	0	0	0	0	0	0	0	0	0	0	0	0	5	900103	1	3333	900113	1	3333	2	1	3334	0	0	0	0	0	0	0	0	0	0	0	0	0	0	0	0	0	0	0	0	0
15	10	1	9016	10	30900110	10000	30900203	2056	1541	0	0	0	0	0	0	0	0	0	0	1188	499	1543	1942	1463	1800	90160015	90160020	901610001	0	1	90013	900210	10000	0	0	0	0	0	0	0	0	0	0	0	0	0	0	0	0	0	0	0	0	0	0	0	0	0	0	0	0	0	0	0	0	0	0	0	0	0	0	0	0	0	0	0	0	0	0	0	0	0	0	0	0	0	0	0	0	0	0	0
16	0	1	9017	10	0	0	0	0	0	0	0	0	0	0	0	0	0	0	0	0	0	0	1019	2515	6000	0	0	0	901700001	0	0	0	0	0	0	0	0	0	0	0	0	0	0	0	0	0	0	0	0	0	0	0	0	0	0	0	0	0	0	0	0	0	0	0	0	0	0	0	0	0	0	0	0	0	0	0	0	0	0	0	0	0	0	0	0	0	0	0	0	0	0	0
16	1	1	9017	10	30900101	0	0	1236	2320	0	0	0	0	0	0	0	0	0	0	1069	-46	2467	1131	2403	1800	90170001	90170006	901701001	901701002	1	90011	900201	10000	0	0	0	0	0	0	0	0	0	0	0	0	0	0	0	0	0	0	0	0	0	0	0	0	0	0	0	0	0	0	0	0	0	0	0	0	0	0	0	0	0	0	0	0	0	0	0	0	0	0	0	0	0	0	0	0	0	0	0
16	2	1	9017	10	30900102	0	0	1492	2005	0	0	0	0	0	0	0	0	0	0	1362	-12	2183	1443	2118	1800	90170002	90170007	901702001	901702002	1	90011	900202	10000	0	0	0	0	0	0	0	0	0	0	0	0	0	0	0	0	0	0	0	0	0	0	0	0	0	0	0	0	0	0	0	0	0	0	0	0	0	0	0	0	0	0	0	0	0	0	0	0	0	0	0	0	0	0	0	0	0	0	0
16	3	1	9017	10	30900103	0	0	2135	2353	0	0	0	0	0	0	0	0	0	0	1881	33	2288	1982	2317	1800	90170003	90170008	901703001	901703002	1	90011	900203	10000	0	0	0	0	0	0	0	0	0	0	0	0	0	0	0	0	0	0	0	0	0	0	0	0	0	0	0	0	5	900101	1	2000	900111	1	2000	900121	1	2000	900131	1	2000	3	1	2000	0	0	0	0	0	0	0	0	0	0	0	0	0	0	0
16	4	1	9017	10	30900104	10000	30900201	2506	2099	0	0	0	0	0	0	0	0	0	0	2177	47	2497	2480	2193	1800	90170004	90170009	901704001	901704002	1	90012	900204	10000	0	0	0	0	0	0	0	0	0	0	0	0	0	0	0	0	0	0	0	0	0	0	0	0	0	0	0	0	0	0	0	0	0	0	0	0	0	0	0	0	0	0	0	0	0	0	0	0	0	0	0	0	0	0	0	0	0	0	0
16	5	1	9017	10	30900105	0	0	2693	1483	0	0	0	0	0	0	0	0	0	0	2630	331	1680	2645	1603	1800	90170005	90170010	901705001	901705002	1	90012	900205	10000	0	0	0	0	0	0	0	0	0	0	0	0	0	0	0	0	0	0	0	0	0	0	0	0	0	0	0	0	0	0	0	0	0	0	0	0	0	0	0	0	0	0	0	0	0	0	0	0	0	0	0	0	0	0	0	0	0	0	0
16	6	1	9017	10	30900106	0	0	2217	755	0	0	0	0	0	0	0	0	0	0	2408	369	927	2339	852	1800	90170011	90170016	901706001	901706002	1	90013	900206	10000	0	0	0	0	0	0	0	0	0	0	0	0	0	0	0	0	0	0	0	0	0	0	0	0	0	0	0	0	5	900102	1	2000	900112	1	2000	900122	1	2000	900132	1	2000	3	1	2000	0	0	0	0	0	0	0	0	0	0	0	0	0	0	0
16	7	1	9017	10	30900107	10000	30900202	1782	846	0	0	0	0	0	0	0	0	0	0	1979	400	784	1912	825	1800	90170012	90170017	901707001	901707002	1	90013	900207	10000	0	0	0	0	0	0	0	0	0	0	0	0	0	0	0	0	0	0	0	0	0	0	0	0	0	0	0	0	0	0	0	0	0	0	0	0	0	0	0	0	0	0	0	0	0	0	0	0	0	0	0	0	0	0	0	0	0	0	0
16	8	1	9017	10	30900108	0	0	1501	1154	0	0	0	0	0	0	0	0	0	0	1639	433	970	1596	1037	1800	90170013	90170018	901708001	901708002	1	90013	900208	10000	0	0	0	0	0	0	0	0	0	0	0	0	0	0	0	0	0	0	0	0	0	0	0	0	0	0	0	0	0	0	0	0	0	0	0	0	0	0	0	0	0	0	0	0	0	0	0	0	0	0	0	0	0	0	0	0	0	0	0
16	9	1	9017	10	30900109	0	0	1281	1434	0	0	0	0	0	0	0	0	0	0	1454	482	1245	1394	1312	1800	90170014	90170019	901709001	901709002	1	90013	900209	10000	0	0	0	0	0	0	0	0	0	0	0	0	0	0	0	0	0	0	0	0	0	0	0	0	0	0	0	0	5	900103	1	3333	900113	1	3333	2	1	3334	0	0	0	0	0	0	0	0	0	0	0	0	0	0	0	0	0	0	0	0	0
16	10	1	9017	10	30900110	10000	30900203	2056	1541	0	0	0	0	0	0	0	0	0	0	1188	499	1543	1942	1463	1800	90170015	90170020	901710001	0	1	90013	900210	10000	0	0	0	0	0	0	0	0	0	0	0	0	0	0	0	0	0	0	0	0	0	0	0	0	0	0	0	0	0	0	0	0	0	0	0	0	0	0	0	0	0	0	0	0	0	0	0	0	0	0	0	0	0	0	0	0	0	0	0
17	0	1	9018	10	0	0	0	0	0	0	0	0	0	0	0	0	0	0	0	0	0	0	1019	2515	6000	0	0	0	901800001	0	0	0	0	0	0	0	0	0	0	0	0	0	0	0	0	0	0	0	0	0	0	0	0	0	0	0	0	0	0	0	0	0	0	0	0	0	0	0	0	0	0	0	0	0	0	0	0	0	0	0	0	0	0	0	0	0	0	0	0	0	0	0
17	1	1	9018	10	30900101	0	0	1236	2320	0	0	0	0	0	0	0	0	0	0	1069	-46	2467	1131	2403	1800	90180001	90180006	901801001	901801002	1	90011	900201	10000	0	0	0	0	0	0	0	0	0	0	0	0	0	0	0	0	0	0	0	0	0	0	0	0	0	0	0	0	0	0	0	0	0	0	0	0	0	0	0	0	0	0	0	0	0	0	0	0	0	0	0	0	0	0	0	0	0	0	0
17	2	1	9018	10	30900102	0	0	1492	2005	0	0	0	0	0	0	0	0	0	0	1362	-12	2183	1443	2118	1800	90180002	90180007	901802001	901802002	1	90011	900202	10000	0	0	0	0	0	0	0	0	0	0	0	0	0	0	0	0	0	0	0	0	0	0	0	0	0	0	0	0	0	0	0	0	0	0	0	0	0	0	0	0	0	0	0	0	0	0	0	0	0	0	0	0	0	0	0	0	0	0	0
17	3	1	9018	10	30900103	0	0	2135	2353	0	0	0	0	0	0	0	0	0	0	1881	33	2288	1982	2317	1800	90180003	90180008	901803001	901803002	1	90011	900203	10000	0	0	0	0	0	0	0	0	0	0	0	0	0	0	0	0	0	0	0	0	0	0	0	0	0	0	0	0	5	900101	1	2000	900111	1	2000	900121	1	2000	900131	1	2000	3	1	2000	0	0	0	0	0	0	0	0	0	0	0	0	0	0	0
17	4	1	9018	10	30900104	10000	30900201	2506	2099	0	0	0	0	0	0	0	0	0	0	2177	47	2497	2480	2193	1800	90180004	90180009	901804001	901804002	1	90012	900204	10000	0	0	0	0	0	0	0	0	0	0	0	0	0	0	0	0	0	0	0	0	0	0	0	0	0	0	0	0	0	0	0	0	0	0	0	0	0	0	0	0	0	0	0	0	0	0	0	0	0	0	0	0	0	0	0	0	0	0	0
17	5	1	9018	10	30900105	0	0	2693	1483	0	0	0	0	0	0	0	0	0	0	2630	331	1680	2645	1603	1800	90180005	90180010	901805001	901805002	1	90012	900205	10000	0	0	0	0	0	0	0	0	0	0	0	0	0	0	0	0	0	0	0	0	0	0	0	0	0	0	0	0	0	0	0	0	0	0	0	0	0	0	0	0	0	0	0	0	0	0	0	0	0	0	0	0	0	0	0	0	0	0	0
17	6	1	9018	10	30900106	0	0	2217	755	0	0	0	0	0	0	0	0	0	0	2408	369	927	2339	852	1800	90180011	90180016	901806001	901806002	1	90013	900206	10000	0	0	0	0	0	0	0	0	0	0	0	0	0	0	0	0	0	0	0	0	0	0	0	0	0	0	0	0	5	900102	1	2000	900112	1	2000	900122	1	2000	900132	1	2000	3	1	2000	0	0	0	0	0	0	0	0	0	0	0	0	0	0	0
17	7	1	9018	10	30900107	10000	30900202	1782	846	0	0	0	0	0	0	0	0	0	0	1979	400	784	1912	825	1800	90180012	90180017	901807001	901807002	1	90013	900207	10000	0	0	0	0	0	0	0	0	0	0	0	0	0	0	0	0	0	0	0	0	0	0	0	0	0	0	0	0	0	0	0	0	0	0	0	0	0	0	0	0	0	0	0	0	0	0	0	0	0	0	0	0	0	0	0	0	0	0	0
17	8	1	9018	10	30900108	0	0	1501	1154	0	0	0	0	0	0	0	0	0	0	1639	433	970	1596	1037	1800	90180013	90180018	901808001	901808002	1	90013	900208	10000	0	0	0	0	0	0	0	0	0	0	0	0	0	0	0	0	0	0	0	0	0	0	0	0	0	0	0	0	0	0	0	0	0	0	0	0	0	0	0	0	0	0	0	0	0	0	0	0	0	0	0	0	0	0	0	0	0	0	0
17	9	1	9018	10	30900109	0	0	1281	1434	0	0	0	0	0	0	0	0	0	0	1454	482	1245	1394	1312	1800	90180014	90180019	901809001	901809002	1	90013	900209	10000	0	0	0	0	0	0	0	0	0	0	0	0	0	0	0	0	0	0	0	0	0	0	0	0	0	0	0	0	5	900103	1	3333	900113	1	3333	2	1	3334	0	0	0	0	0	0	0	0	0	0	0	0	0	0	0	0	0	0	0	0	0
17	10	1	9018	10	30900110	10000	30900203	2056	1541	0	0	0	0	0	0	0	0	0	0	1188	499	1543	1942	1463	1800	90180015	90180020	901810001	0	1	90013	900210	10000	0	0	0	0	0	0	0	0	0	0	0	0	0	0	0	0	0	0	0	0	0	0	0	0	0	0	0	0	0	0	0	0	0	0	0	0	0	0	0	0	0	0	0	0	0	0	0	0	0	0	0	0	0	0	0	0	0	0	0
18	0	1	9019	10	0	0	0	0	0	0	0	0	0	0	0	0	0	0	0	0	0	0	1019	2515	6000	0	0	0	901900001	0	0	0	0	0	0	0	0	0	0	0	0	0	0	0	0	0	0	0	0	0	0	0	0	0	0	0	0	0	0	0	0	0	0	0	0	0	0	0	0	0	0	0	0	0	0	0	0	0	0	0	0	0	0	0	0	0	0	0	0	0	0	0
18	1	1	9019	10	30900101	0	0	1236	2320	0	0	0	0	0	0	0	0	0	0	1069	-46	2467	1131	2403	1800	90190001	90190006	901901001	901901002	1	90011	900201	10000	0	0	0	0	0	0	0	0	0	0	0	0	0	0	0	0	0	0	0	0	0	0	0	0	0	0	0	0	0	0	0	0	0	0	0	0	0	0	0	0	0	0	0	0	0	0	0	0	0	0	0	0	0	0	0	0	0	0	0
18	2	1	9019	10	30900102	0	0	1492	2005	0	0	0	0	0	0	0	0	0	0	1362	-12	2183	1443	2118	1800	90190002	90190007	901902001	901902002	1	90011	900202	10000	0	0	0	0	0	0	0	0	0	0	0	0	0	0	0	0	0	0	0	0	0	0	0	0	0	0	0	0	0	0	0	0	0	0	0	0	0	0	0	0	0	0	0	0	0	0	0	0	0	0	0	0	0	0	0	0	0	0	0
18	3	1	9019	10	30900103	0	0	2135	2353	0	0	0	0	0	0	0	0	0	0	1881	33	2288	1982	2317	1800	90190003	90190008	901903001	901903002	1	90011	900203	10000	0	0	0	0	0	0	0	0	0	0	0	0	0	0	0	0	0	0	0	0	0	0	0	0	0	0	0	0	5	900101	1	2000	900111	1	2000	900121	1	2000	900131	1	2000	3	1	2000	0	0	0	0	0	0	0	0	0	0	0	0	0	0	0
18	4	1	9019	10	30900104	10000	30900201	2506	2099	0	0	0	0	0	0	0	0	0	0	2177	47	2497	2480	2193	1800	90190004	90190009	901904001	901904002	1	90012	900204	10000	0	0	0	0	0	0	0	0	0	0	0	0	0	0	0	0	0	0	0	0	0	0	0	0	0	0	0	0	0	0	0	0	0	0	0	0	0	0	0	0	0	0	0	0	0	0	0	0	0	0	0	0	0	0	0	0	0	0	0
18	5	1	9019	10	30900105	0	0	2693	1483	0	0	0	0	0	0	0	0	0	0	2630	331	1680	2645	1603	1800	90190005	90190010	901905001	901905002	1	90012	900205	10000	0	0	0	0	0	0	0	0	0	0	0	0	0	0	0	0	0	0	0	0	0	0	0	0	0	0	0	0	0	0	0	0	0	0	0	0	0	0	0	0	0	0	0	0	0	0	0	0	0	0	0	0	0	0	0	0	0	0	0
18	6	1	9019	10	30900106	0	0	2217	755	0	0	0	0	0	0	0	0	0	0	2408	369	927	2339	852	1800	90190011	90190016	901906001	901906002	1	90013	900206	10000	0	0	0	0	0	0	0	0	0	0	0	0	0	0	0	0	0	0	0	0	0	0	0	0	0	0	0	0	5	900102	1	2000	900112	1	2000	900122	1	2000	900132	1	2000	3	1	2000	0	0	0	0	0	0	0	0	0	0	0	0	0	0	0
18	7	1	9019	10	30900107	10000	30900202	1782	846	0	0	0	0	0	0	0	0	0	0	1979	400	784	1912	825	1800	90190012	90190017	901907001	901907002	1	90013	900207	10000	0	0	0	0	0	0	0	0	0	0	0	0	0	0	0	0	0	0	0	0	0	0	0	0	0	0	0	0	0	0	0	0	0	0	0	0	0	0	0	0	0	0	0	0	0	0	0	0	0	0	0	0	0	0	0	0	0	0	0
18	8	1	9019	10	30900108	0	0	1501	1154	0	0	0	0	0	0	0	0	0	0	1639	433	970	1596	1037	1800	90190013	90190018	901908001	901908002	1	90013	900208	10000	0	0	0	0	0	0	0	0	0	0	0	0	0	0	0	0	0	0	0	0	0	0	0	0	0	0	0	0	0	0	0	0	0	0	0	0	0	0	0	0	0	0	0	0	0	0	0	0	0	0	0	0	0	0	0	0	0	0	0
18	9	1	9019	10	30900109	0	0	1281	1434	0	0	0	0	0	0	0	0	0	0	1454	482	1245	1394	1312	1800	90190014	90190019	901909001	901909002	1	90013	900209	10000	0	0	0	0	0	0	0	0	0	0	0	0	0	0	0	0	0	0	0	0	0	0	0	0	0	0	0	0	5	900103	1	3333	900113	1	3333	2	1	3334	0	0	0	0	0	0	0	0	0	0	0	0	0	0	0	0	0	0	0	0	0
18	10	1	9019	10	30900110	10000	30900203	2056	1541	0	0	0	0	0	0	0	0	0	0	1188	499	1543	1942	1463	1800	90190015	90190020	901910001	0	1	90013	900210	10000	0	0	0	0	0	0	0	0	0	0	0	0	0	0	0	0	0	0	0	0	0	0	0	0	0	0	0	0	0	0	0	0	0	0	0	0	0	0	0	0	0	0	0	0	0	0	0	0	0	0	0	0	0	0	0	0	0	0	0
19	0	1	9020	10	0	0	0	0	0	0	0	0	0	0	0	0	0	0	0	0	0	0	1019	2515	6000	0	0	0	902000001	0	0	0	0	0	0	0	0	0	0	0	0	0	0	0	0	0	0	0	0	0	0	0	0	0	0	0	0	0	0	0	0	0	0	0	0	0	0	0	0	0	0	0	0	0	0	0	0	0	0	0	0	0	0	0	0	0	0	0	0	0	0	0
19	1	1	9020	10	30900101	0	0	1236	2320	0	0	0	0	0	0	0	0	0	0	1069	-46	2467	1131	2403	1800	90200001	90200006	902001001	902001002	1	90011	900201	10000	0	0	0	0	0	0	0	0	0	0	0	0	0	0	0	0	0	0	0	0	0	0	0	0	0	0	0	0	0	0	0	0	0	0	0	0	0	0	0	0	0	0	0	0	0	0	0	0	0	0	0	0	0	0	0	0	0	0	0
19	2	1	9020	10	30900102	0	0	1492	2005	0	0	0	0	0	0	0	0	0	0	1362	-12	2183	1443	2118	1800	90200002	90200007	902002001	902002002	1	90011	900202	10000	0	0	0	0	0	0	0	0	0	0	0	0	0	0	0	0	0	0	0	0	0	0	0	0	0	0	0	0	0	0	0	0	0	0	0	0	0	0	0	0	0	0	0	0	0	0	0	0	0	0	0	0	0	0	0	0	0	0	0
19	3	1	9020	10	30900103	0	0	2135	2353	0	0	0	0	0	0	0	0	0	0	1881	33	2288	1982	2317	1800	90200003	90200008	902003001	902003002	1	90011	900203	10000	0	0	0	0	0	0	0	0	0	0	0	0	0	0	0	0	0	0	0	0	0	0	0	0	0	0	0	0	5	900101	1	2000	900111	1	2000	900121	1	2000	900131	1	2000	3	1	2000	0	0	0	0	0	0	0	0	0	0	0	0	0	0	0
19	4	1	9020	10	30900104	10000	30900201	2506	2099	0	0	0	0	0	0	0	0	0	0	2177	47	2497	2480	2193	1800	90200004	90200009	902004001	902004002	1	90012	900204	10000	0	0	0	0	0	0	0	0	0	0	0	0	0	0	0	0	0	0	0	0	0	0	0	0	0	0	0	0	0	0	0	0	0	0	0	0	0	0	0	0	0	0	0	0	0	0	0	0	0	0	0	0	0	0	0	0	0	0	0
19	5	1	9020	10	30900105	0	0	2693	1483	0	0	0	0	0	0	0	0	0	0	2630	331	1680	2645	1603	1800	90200005	90200010	902005001	902005002	1	90012	900205	10000	0	0	0	0	0	0	0	0	0	0	0	0	0	0	0	0	0	0	0	0	0	0	0	0	0	0	0	0	0	0	0	0	0	0	0	0	0	0	0	0	0	0	0	0	0	0	0	0	0	0	0	0	0	0	0	0	0	0	0
19	6	1	9020	10	30900106	0	0	2217	755	0	0	0	0	0	0	0	0	0	0	2408	369	927	2339	852	1800	90200011	90200016	902006001	902006002	1	90013	900206	10000	0	0	0	0	0	0	0	0	0	0	0	0	0	0	0	0	0	0	0	0	0	0	0	0	0	0	0	0	5	900102	1	2000	900112	1	2000	900122	1	2000	900132	1	2000	3	1	2000	0	0	0	0	0	0	0	0	0	0	0	0	0	0	0
19	7	1	9020	10	30900107	10000	30900202	1782	846	0	0	0	0	0	0	0	0	0	0	1979	400	784	1912	825	1800	90200012	90200017	902007001	902007002	1	90013	900207	10000	0	0	0	0	0	0	0	0	0	0	0	0	0	0	0	0	0	0	0	0	0	0	0	0	0	0	0	0	0	0	0	0	0	0	0	0	0	0	0	0	0	0	0	0	0	0	0	0	0	0	0	0	0	0	0	0	0	0	0
19	8	1	9020	10	30900108	0	0	1501	1154	0	0	0	0	0	0	0	0	0	0	1639	433	970	1596	1037	1800	90200013	90200018	902008001	902008002	1	90013	900208	10000	0	0	0	0	0	0	0	0	0	0	0	0	0	0	0	0	0	0	0	0	0	0	0	0	0	0	0	0	0	0	0	0	0	0	0	0	0	0	0	0	0	0	0	0	0	0	0	0	0	0	0	0	0	0	0	0	0	0	0
19	9	1	9020	10	30900109	0	0	1281	1434	0	0	0	0	0	0	0	0	0	0	1454	482	1245	1394	1312	1800	90200014	90200019	902009001	902009002	1	90013	900209	10000	0	0	0	0	0	0	0	0	0	0	0	0	0	0	0	0	0	0	0	0	0	0	0	0	0	0	0	0	5	900103	1	3333	900113	1	3333	2	1	3334	0	0	0	0	0	0	0	0	0	0	0	0	0	0	0	0	0	0	0	0	0
19	10	1	9020	10	30900110	10000	30900203	2056	1541	0	0	0	0	0	0	0	0	0	0	1188	499	1543	1942	1463	1800	90200015	90200020	902010001	0	1	90013	900210	10000	0	0	0	0	0	0	0	0	0	0	0	0	0	0	0	0	0	0	0	0	0	0	0	0	0	0	0	0	0	0	0	0	0	0	0	0	0	0	0	0	0	0	0	0	0	0	0	0	0	0	0	0	0	0	0	0	0	0	0
