品质主ID	副ID（0普通生成用，1免费重铸用，2付费重铸用……10~19各种掉落用，20~29各种制造用）	有效标志位	品质0出现几率	品质1出现几率	品质2出现几率	品质3出现几率	品质4出现几率	品质5出现几率	品质6出现几率	品质7出现几率	品质8出现几率	品质9出现几率	品质0步数	品质1步数	品质2步数	品质3步数	品质4步数	品质5步数	品质6步数	品质7步数	品质8步数	品质9步数	品质0升级成功率	品质1升级成功率	品质2升级成功率	品质3升级成功率	品质4升级成功率	品质5升级成功率	品质6升级成功率	品质7升级成功率	品质8升级成功率	品质9升级成功率	品质0暴击成功率	品质1暴击成功率	品质2暴击成功率	品质3暴击成功率	品质4暴击成功率	品质5暴击成功率	品质6暴击成功率	品质7暴击成功率	品质8暴击成功率	品质9暴击成功率
[C][S]	[C][S]	0	[C][S]	[C][S]	[C][S]	[C][S]	[C][S]	[C][S]	[C][S]	[C][S]	[C][S]	[C][S]	[C][S]	[C][S]	[C][S]	[C][S]	[C][S]	[C][S]	[C][S]	[C][S]	[C][S]	[C][S]	[C][S]	[C][S]	[C][S]	[C][S]	[C][S]	[C][S]	[C][S]	[C][S]	[C][S]	[C][S]	[C][S]	[C][S]	[C][S]	[C][S]	[C][S]	[C][S]	[C][S]	[C][S]	[C][S]	[C][S]
1	0	1	4600	5000	400	0	0	0	0	0	0	0	10000	0	0	0	0	0	0	0	0	0	10000	10000	10000	10000	10000	10000	10000	3000	3000	1000	0	0	0	0	0	0	0	0	0	0
2	0	1	0	0	0	0	0	10000	0	0	0	0	10000	0	0	0	0	0	0	0	0	0	10000	10000	10000	10000	10000	10000	10000	3000	3000	1000	0	0	0	0	0	0	0	0	0	0
3	0	1	0	0	0	0	0	10000	0	0	0	0	1	1	2	1	1	2	1	1	5	5	10000	10000	10000	10000	10000	10000	10000	3000	3000	1000	0	0	0	0	0	0	0	0	0	0
101	0	1	1500	500	6000	2000	0	0	0	0	0	0	0	0	0	0	0	0	0	0	0	0	10000	10000	10000	10000	10000	10000	10000	3000	3000	1000	0	0	0	0	0	0	0	0	0	0
101	1	1	10000	0	0	0	0	0	0	0	0	0	10000	0	0	1	1	1	2	2	4	8	10000	10000	10000	10000	10000	10000	10000	3000	3000	1000	0	0	0	0	0	0	0	0	0	0
101	2	1	10000	0	0	0	0	0	0	0	0	0	10000	0	0	1	1	1	1	1	2	8	10000	10000	10000	10000	10000	10000	10000	3000	3000	1000	0	0	0	0	0	0	0	0	0	0
101	8	1	0	0	0	0	0	0	0	0	0	10000	10000	0	0	1	1	1	1	1	2	8	10000	10000	10000	10000	10000	10000	10000	3000	3000	1000	0	0	0	0	0	0	0	0	0	0
101	10	1	7500	2500	0	0	0	0	0	0	0	0	0	0	0	0	0	0	0	0	0	0	10000	10000	10000	10000	10000	10000	10000	3000	3000	1000	0	0	0	0	0	0	0	0	0	0
101	11	1	0	0	7500	2500	0	0	0	0	0	0	0	0	0	0	0	0	0	0	0	0	10000	10000	10000	10000	10000	10000	10000	3000	3000	1000	0	0	0	0	0	0	0	0	0	0
101	12	1	0	0	0	0	7500	1900	600	0	0	0	0	0	0	0	0	0	0	0	0	0	10000	10000	10000	10000	10000	10000	10000	3000	3000	1000	0	0	0	0	0	0	0	0	0	0
101	13	1	0	0	0	0	0	0	0	7500	1900	600	0	0	0	0	0	0	0	0	0	0	10000	10000	10000	10000	10000	10000	10000	3000	3000	1000	0	0	0	0	0	0	0	0	0	0
101	14	1	3750	1250	3750	1250	0	0	0	0	0	0	0	0	0	0	0	0	0	0	0	0	10000	10000	10000	10000	10000	10000	10000	3000	3000	1000	0	0	0	0	0	0	0	0	0	0
111	0	1	10000	0	0	0	0	0	0	0	0	0	0	0	0	0	0	0	0	0	0	0	10000	10000	10000	10000	10000	10000	10000	10000	10000	10000	0	0	0	0	0	0	0	0	0	0
111	1	1	10000	0	0	0	0	0	0	0	0	0	1	1	1	1	1	1	1	4	6	10	10000	10000	10000	10000	10000	10000	10000	10000	10000	2500	0	0	0	0	0	0	0	0	0	0
111	2	1	10000	0	0	0	0	0	0	0	0	0	1	1	1	1	1	1	1	4	6	10	10000	10000	10000	10000	10000	10000	10000	10000	10000	2500	8000	8000	8000	8000	8000	8000	8000	4000	4000	0
201	0	1	3750	1250	3750	1250	0	0	0	0	0	0	0	0	0	0	0	0	0	0	0	0	10000	10000	10000	10000	10000	10000	10000	3000	3000	1000	3000	3000	3000	3000	3000	3000	3000	1000	1000	10
201	1	1	10000	0	0	0	0	0	0	0	0	0	10000	0	0	2	2	4	3	7	14	28	10000	10000	10000	10000	10000	10000	10000	3000	3000	1000	3000	3000	3000	3000	3000	3000	3000	1000	1000	10
201	2	1	10000	0	0	0	0	0	0	0	0	0	10000	0	0	1	1	2	2	4	7	28	10000	10000	10000	10000	10000	10000	10000	3000	3000	1000	3000	3000	3000	3000	3000	3000	3000	1000	1000	10
201	8	1	0	0	0	0	0	0	0	0	0	10000	10000	0	0	1	1	1	1	1	2	8	10000	10000	10000	10000	10000	10000	10000	3000	3000	1000	0	0	0	0	0	0	0	0	0	0
201	10	1	7500	2500	0	0	0	0	0	0	0	0	0	0	0	0	0	0	0	0	0	0	10000	10000	10000	10000	10000	10000	10000	3000	3000	1000	3000	3000	3000	3000	3000	3000	3000	1000	1000	10
201	11	1	0	0	7500	2500	0	0	0	0	0	0	0	0	0	0	0	0	0	0	0	0	10000	10000	10000	10000	10000	10000	10000	3000	3000	1000	3000	3000	3000	3000	3000	3000	3000	1000	1000	10
201	12	1	0	0	0	0	7500	1900	600	0	0	0	0	0	0	0	0	0	0	0	0	0	10000	10000	10000	10000	10000	10000	10000	3000	3000	1000	3000	3000	3000	3000	3000	3000	3000	1000	1000	10
201	13	1	0	0	0	0	0	0	0	7500	1900	600	0	0	0	0	0	0	0	0	0	0	10000	10000	10000	10000	10000	10000	10000	3000	3000	1000	3000	3000	3000	3000	3000	3000	3000	1000	1000	10
201	14	1	3750	1250	3750	1250	0	0	0	0	0	0	0	0	0	0	0	0	0	0	0	0	10000	10000	10000	10000	10000	10000	10000	3000	3000	1000	3000	3000	3000	3000	3000	3000	3000	1000	1000	10
201	20	1	4480	3200	320	1600	320	80	0	0	0	0	0	0	0	0	0	0	0	0	0	0	10000	10000	10000	10000	10000	10000	10000	3000	3000	1000	3000	3000	3000	3000	3000	3000	3000	1000	1000	10
201	21	1	0	0	0	1600	320	80	6000	1600	320	80	0	0	0	0	0	0	0	0	0	0	10000	10000	10000	10000	10000	10000	10000	3000	3000	1000	3000	3000	3000	3000	3000	3000	3000	1000	1000	10
201	22	1	3360	2400	240	3120	624	156	75	20	4	1	0	0	0	0	0	0	0	0	0	0	10000	10000	10000	10000	10000	10000	10000	3000	3000	1000	3000	3000	3000	3000	3000	3000	3000	1000	1000	10
201	23	1	0	0	0	1600	320	80	6000	1600	320	80	0	0	0	0	0	0	0	0	0	0	10000	10000	10000	10000	10000	10000	10000	3000	3000	1000	3000	3000	3000	3000	3000	3000	3000	1000	1000	10
211	0	1	10000	0	0	0	0	0	0	0	0	0	0	0	0	0	0	0	0	0	0	0	10000	10000	10000	10000	10000	10000	10000	3000	3000	1000	2000	2000	2000	2000	2000	2000	2000	0	0	0
211	1	1	10000	0	0	0	0	0	0	0	0	0	3	2	3	2	3	3	4	16	24	40	10000	10000	10000	10000	10000	10000	10000	8000	8000	2500	2000	2000	2000	2000	2000	2000	2000	0	0	0
211	2	1	10000	0	0	0	0	0	0	0	0	0	3	2	3	2	3	3	4	16	24	40	10000	10000	10000	10000	10000	10000	10000	8000	8000	2500	8000	8000	8000	8000	8000	8000	8000	4000	4000	0
221	0	1	10000	0	0	0	0	0	0	0	0	0	0	0	0	0	0	0	0	0	0	0	10000	10000	10000	10000	10000	10000	10000	3000	3000	1000	2000	2000	2000	2000	2000	2000	2000	0	0	0
221	1	1	10000	0	0	0	0	0	0	0	0	0	4	3	4	3	4	4	6	11	12	45	9000	9000	9000	9000	9000	9000	9000	1917	1917	1875	100	100	100	100	100	100	100	0	0	0
221	2	1	10000	0	0	0	0	0	0	0	0	0	4	3	4	3	4	4	6	11	12	45	9000	9000	9000	9000	9000	9000	9000	1917	1917	1875	8000	8000	8000	8000	8000	8000	8000	4000	4000	0
231	0	1	10000	0	0	0	0	0	0	0	0	0	0	0	0	0	0	0	0	0	0	0	10000	10000	10000	10000	10000	10000	10000	3000	3000	1000	2000	2000	2000	2000	2000	2000	2000	0	0	0
231	1	1	10000	0	0	0	0	0	0	0	0	0	6	4	6	4	6	6	8	26	27	80	6000	6000	6000	6000	6000	6000	6000	2319	2319	2000	100	100	100	100	100	100	100	0	0	0
231	2	1	10000	0	0	0	0	0	0	0	0	0	6	4	6	4	6	6	8	26	27	80	6000	6000	6000	6000	6000	6000	6000	2319	2319	2000	8000	8000	8000	8000	8000	8000	8000	4000	4000	0
301	0	1	3750	1250	3750	1250	0	0	0	0	0	0	0	0	0	0	0	0	0	0	0	0	10000	10000	10000	10000	10000	10000	10000	3000	3000	1000	3000	3000	3000	3000	3000	3000	3000	1000	1000	10
301	1	1	10000	0	0	0	0	0	0	0	0	0	10000	0	0	2	6	4	9	7	14	28	10000	10000	10000	10000	10000	10000	10000	3000	3000	1000	3000	3000	3000	3000	3000	3000	3000	1000	1000	10
301	2	1	10000	0	0	0	0	0	0	0	0	0	10000	0	0	1	3	2	5	4	7	28	10000	10000	10000	10000	10000	10000	10000	3000	3000	1000	3000	3000	3000	3000	3000	3000	3000	1000	1000	10
301	8	1	0	0	0	0	0	0	0	0	0	10000	10000	0	0	1	1	1	1	1	2	8	10000	10000	10000	10000	10000	10000	10000	3000	3000	1000	0	0	0	0	0	0	0	0	0	0
301	10	1	7500	2500	0	0	0	0	0	0	0	0	0	0	0	0	0	0	0	0	0	0	10000	10000	10000	10000	10000	10000	10000	3000	3000	1000	3000	3000	3000	3000	3000	3000	3000	1000	1000	10
301	11	1	0	0	7500	2500	0	0	0	0	0	0	0	0	0	0	0	0	0	0	0	0	10000	10000	10000	10000	10000	10000	10000	3000	3000	1000	3000	3000	3000	3000	3000	3000	3000	1000	1000	10
301	12	1	0	0	0	0	7500	1900	600	0	0	0	0	0	0	0	0	0	0	0	0	0	10000	10000	10000	10000	10000	10000	10000	3000	3000	1000	3000	3000	3000	3000	3000	3000	3000	1000	1000	10
301	13	1	0	0	0	0	0	0	0	7500	1900	600	0	0	0	0	0	0	0	0	0	0	10000	10000	10000	10000	10000	10000	10000	3000	3000	1000	3000	3000	3000	3000	3000	3000	3000	1000	1000	10
301	14	1	3750	1250	3750	1250	0	0	0	0	0	0	0	0	0	0	0	0	0	0	0	0	10000	10000	10000	10000	10000	10000	10000	3000	3000	1000	3000	3000	3000	3000	3000	3000	3000	1000	1000	10
301	20	1	4480	3200	320	1600	320	80	0	0	0	0	0	0	0	0	0	0	0	0	0	0	10000	10000	10000	10000	10000	10000	10000	3000	3000	1000	3000	3000	3000	3000	3000	3000	3000	1000	1000	10
301	21	1	0	0	0	1600	320	80	6000	1600	320	80	0	0	0	0	0	0	0	0	0	0	10000	10000	10000	10000	10000	10000	10000	3000	3000	1000	3000	3000	3000	3000	3000	3000	3000	1000	1000	10
301	22	1	3360	2400	240	3120	624	156	75	20	4	1	0	0	0	0	0	0	0	0	0	0	10000	10000	10000	10000	10000	10000	10000	3000	3000	1000	3000	3000	3000	3000	3000	3000	3000	1000	1000	10
301	23	1	0	0	0	1600	320	80	6000	1600	320	80	0	0	0	0	0	0	0	0	0	0	10000	10000	10000	10000	10000	10000	10000	3000	3000	1000	3000	3000	3000	3000	3000	3000	3000	1000	1000	10
311	0	1	10000	0	0	0	0	0	0	0	0	0	0	0	0	0	0	0	0	0	0	0	10000	10000	10000	10000	10000	10000	10000	3000	3000	1000	2000	2000	2000	2000	2000	2000	2000	0	0	0
311	1	1	10000	0	0	0	0	0	0	0	0	0	4	4	5	4	5	5	6	24	36	60	10000	10000	10000	10000	10000	10000	10000	8000	8000	2500	2000	2000	2000	2000	2000	2000	2000	0	0	0
311	2	1	10000	0	0	0	0	0	0	0	0	0	3	3	4	3	4	4	5	20	30	50	10000	10000	10000	10000	10000	10000	10000	8000	8000	2500	8000	8000	8000	8000	8000	8000	8000	4000	4000	0
321	0	1	10000	0	0	0	0	0	0	0	0	0	0	0	0	0	0	0	0	0	0	0	10000	10000	10000	10000	10000	10000	10000	3000	3000	1000	2000	2000	2000	2000	2000	2000	2000	0	0	0
321	1	1	10000	0	0	0	0	0	0	0	0	0	6	6	7	6	7	7	8	15	15	60	9000	9000	9000	9000	9000	9000	9000	1875	1875	1875	100	100	100	100	100	100	100	0	0	0
321	2	1	10000	0	0	0	0	0	0	0	0	0	5	5	6	5	6	6	7	13	13	50	9000	9000	9000	9000	9000	9000	9000	1875	1875	1875	8000	8000	8000	8000	8000	8000	8000	4000	4000	0
331	0	1	10000	0	0	0	0	0	0	0	0	0	0	0	0	0	0	0	0	0	0	0	10000	10000	10000	10000	10000	10000	10000	3000	3000	1000	2000	2000	2000	2000	2000	2000	2000	0	0	0
331	1	1	10000	0	0	0	0	0	0	0	0	0	8	8	10	8	10	10	11	32	33	110	6000	6000	6000	6000	6000	6000	6000	2068	2068	2000	100	100	100	100	100	100	100	0	0	0
331	2	1	10000	0	0	0	0	0	0	0	0	0	7	7	8	7	8	8	9	27	28	92	6000	6000	6000	6000	6000	6000	6000	2068	2068	2000	8000	8000	8000	8000	8000	8000	8000	4000	4000	0
401	0	1	3750	1250	3750	1250	0	0	0	0	0	0	0	0	0	0	0	0	0	0	0	0	10000	10000	10000	10000	10000	10000	10000	3000	3000	1000	3000	3000	3000	3000	3000	3000	3000	1000	1000	10
401	1	1	10000	0	0	0	0	0	0	0	0	0	10000	0	0	4	6	6	9	11	22	44	10000	10000	10000	10000	10000	10000	10000	3000	3000	1000	3000	3000	3000	3000	3000	3000	3000	1000	1000	10
401	2	1	10000	0	0	0	0	0	0	0	0	0	10000	0	0	2	3	3	5	6	11	44	10000	10000	10000	10000	10000	10000	10000	3000	3000	1000	3000	3000	3000	3000	3000	3000	3000	1000	1000	10
401	8	1	0	0	0	0	0	0	0	0	0	10000	10000	0	0	1	1	1	1	1	2	8	10000	10000	10000	10000	10000	10000	10000	3000	3000	1000	0	0	0	0	0	0	0	0	0	0
401	10	1	7500	2500	0	0	0	0	0	0	0	0	0	0	0	0	0	0	0	0	0	0	10000	10000	10000	10000	10000	10000	10000	3000	3000	1000	3000	3000	3000	3000	3000	3000	3000	1000	1000	10
401	11	1	0	0	7500	2500	0	0	0	0	0	0	0	0	0	0	0	0	0	0	0	0	10000	10000	10000	10000	10000	10000	10000	3000	3000	1000	3000	3000	3000	3000	3000	3000	3000	1000	1000	10
401	12	1	0	0	0	0	7500	1900	600	0	0	0	0	0	0	0	0	0	0	0	0	0	10000	10000	10000	10000	10000	10000	10000	3000	3000	1000	3000	3000	3000	3000	3000	3000	3000	1000	1000	10
401	13	1	0	0	0	0	0	0	0	7500	1900	600	0	0	0	0	0	0	0	0	0	0	10000	10000	10000	10000	10000	10000	10000	3000	3000	1000	3000	3000	3000	3000	3000	3000	3000	1000	1000	10
401	14	1	3750	1250	3750	1250	0	0	0	0	0	0	0	0	0	0	0	0	0	0	0	0	10000	10000	10000	10000	10000	10000	10000	3000	3000	1000	3000	3000	3000	3000	3000	3000	3000	1000	1000	10
401	20	1	4480	3200	320	1600	320	80	0	0	0	0	0	0	0	0	0	0	0	0	0	0	10000	10000	10000	10000	10000	10000	10000	3000	3000	1000	3000	3000	3000	3000	3000	3000	3000	1000	1000	10
401	21	1	0	0	0	1600	320	80	6000	1600	320	80	0	0	0	0	0	0	0	0	0	0	10000	10000	10000	10000	10000	10000	10000	3000	3000	1000	3000	3000	3000	3000	3000	3000	3000	1000	1000	10
401	22	1	3360	2400	240	3120	624	156	75	20	4	1	0	0	0	0	0	0	0	0	0	0	10000	10000	10000	10000	10000	10000	10000	3000	3000	1000	3000	3000	3000	3000	3000	3000	3000	1000	1000	10
401	23	1	0	0	0	1600	320	80	6000	1600	320	80	0	0	0	0	0	0	0	0	0	0	10000	10000	10000	10000	10000	10000	10000	3000	3000	1000	3000	3000	3000	3000	3000	3000	3000	1000	1000	10
411	0	1	10000	0	0	0	0	0	0	0	0	0	0	0	0	0	0	0	0	0	0	0	10000	10000	10000	10000	10000	10000	10000	3000	3000	1000	2000	2000	2000	2000	2000	2000	2000	0	0	0
411	1	1	10000	0	0	0	0	0	0	0	0	0	4	4	5	4	5	5	6	24	36	60	10000	10000	10000	10000	10000	10000	10000	8000	8000	2500	2000	2000	2000	2000	2000	2000	2000	0	0	0
411	2	1	10000	0	0	0	0	0	0	0	0	0	2	2	3	2	3	3	3	13	19	32	10000	10000	10000	10000	10000	10000	10000	8000	8000	2500	8000	8000	8000	8000	8000	8000	8000	4000	4000	0
421	0	1	10000	0	0	0	0	0	0	0	0	0	0	0	0	0	0	0	0	0	0	0	10000	10000	10000	10000	10000	10000	10000	3000	3000	1000	2000	2000	2000	2000	2000	2000	2000	0	0	0
421	1	1	10000	0	0	0	0	0	0	0	0	0	6	6	7	6	7	7	8	30	36	80	9000	9000	9000	9000	9000	9000	9000	4125	4125	2500	100	100	100	100	100	100	100	0	0	0
421	2	1	10000	0	0	0	0	0	0	0	0	0	3	3	4	3	4	4	4	16	19	42	9000	9000	9000	9000	9000	9000	9000	4125	4125	2500	8000	8000	8000	8000	8000	8000	8000	4000	4000	0
431	0	1	10000	0	0	0	0	0	0	0	0	0	0	0	0	0	0	0	0	0	0	0	10000	10000	10000	10000	10000	10000	10000	3000	3000	1000	2000	2000	2000	2000	2000	2000	2000	0	0	0
431	1	1	10000	0	0	0	0	0	0	0	0	0	8	8	10	8	10	10	11	47	55	110	6000	6000	6000	6000	6000	6000	6000	3245	3245	2000	100	100	100	100	100	100	100	0	0	0
431	2	1	10000	0	0	0	0	0	0	0	0	0	4	4	5	4	5	5	6	25	29	58	6000	6000	6000	6000	6000	6000	6000	3245	3245	2000	8000	8000	8000	8000	8000	8000	8000	4000	4000	0
501	0	1	3750	1250	3750	1250	0	0	0	0	0	0	0	0	0	0	0	0	0	0	0	0	10000	10000	10000	10000	10000	10000	10000	3000	3000	1000	3000	3000	3000	3000	3000	3000	3000	1000	1000	10
501	1	1	10000	0	0	0	0	0	0	0	0	0	10000	0	0	4	6	10	9	18	36	72	10000	10000	10000	10000	10000	10000	10000	3000	3000	1000	3000	3000	3000	3000	3000	3000	3000	1000	1000	10
501	2	1	10000	0	0	0	0	0	0	0	0	0	10000	0	0	2	3	5	5	9	18	72	10000	10000	10000	10000	10000	10000	10000	3000	3000	1000	3000	3000	3000	3000	3000	3000	3000	1000	1000	10
501	8	1	0	0	0	0	0	0	0	0	0	10000	10000	0	0	1	1	1	1	1	2	8	10000	10000	10000	10000	10000	10000	10000	3000	3000	1000	0	0	0	0	0	0	0	0	0	0
501	10	1	7500	2500	0	0	0	0	0	0	0	0	0	0	0	0	0	0	0	0	0	0	10000	10000	10000	10000	10000	10000	10000	3000	3000	1000	3000	3000	3000	3000	3000	3000	3000	1000	1000	10
501	11	1	0	0	7500	2500	0	0	0	0	0	0	0	0	0	0	0	0	0	0	0	0	10000	10000	10000	10000	10000	10000	10000	3000	3000	1000	3000	3000	3000	3000	3000	3000	3000	1000	1000	10
501	12	1	0	0	0	0	7500	1900	600	0	0	0	0	0	0	0	0	0	0	0	0	0	10000	10000	10000	10000	10000	10000	10000	3000	3000	1000	3000	3000	3000	3000	3000	3000	3000	1000	1000	10
501	13	1	0	0	0	0	0	0	0	7500	1900	600	0	0	0	0	0	0	0	0	0	0	10000	10000	10000	10000	10000	10000	10000	3000	3000	1000	3000	3000	3000	3000	3000	3000	3000	1000	1000	10
501	14	1	3750	1250	3750	1250	0	0	0	0	0	0	0	0	0	0	0	0	0	0	0	0	10000	10000	10000	10000	10000	10000	10000	3000	3000	1000	3000	3000	3000	3000	3000	3000	3000	1000	1000	10
501	20	1	4480	3200	320	1600	320	80	0	0	0	0	0	0	0	0	0	0	0	0	0	0	10000	10000	10000	10000	10000	10000	10000	3000	3000	1000	3000	3000	3000	3000	3000	3000	3000	1000	1000	10
501	21	1	0	0	0	1600	320	80	6000	1600	320	80	0	0	0	0	0	0	0	0	0	0	10000	10000	10000	10000	10000	10000	10000	3000	3000	1000	3000	3000	3000	3000	3000	3000	3000	1000	1000	10
501	22	1	3360	2400	240	3120	624	156	75	20	4	1	0	0	0	0	0	0	0	0	0	0	10000	10000	10000	10000	10000	10000	10000	3000	3000	1000	3000	3000	3000	3000	3000	3000	3000	1000	1000	10
501	23	1	0	0	0	1600	320	80	6000	1600	320	80	0	0	0	0	0	0	0	0	0	0	10000	10000	10000	10000	10000	10000	10000	3000	3000	1000	3000	3000	3000	3000	3000	3000	3000	1000	1000	10
511	0	1	10000	0	0	0	0	0	0	0	0	0	0	0	0	0	0	0	0	0	0	0	10000	10000	10000	10000	10000	10000	10000	3000	3000	1000	2000	2000	2000	2000	2000	2000	2000	0	0	0
511	1	1	10000	0	0	0	0	0	0	0	0	0	5	5	5	6	5	6	7	28	42	70	10000	10000	10000	10000	10000	10000	10000	8000	8000	2500	2000	2000	2000	2000	2000	2000	2000	0	0	0
511	2	1	10000	0	0	0	0	0	0	0	0	0	3	3	3	3	3	3	4	15	22	37	10000	10000	10000	10000	10000	10000	10000	8000	8000	2500	8000	8000	8000	8000	8000	8000	8000	4000	4000	0
521	0	1	10000	0	0	0	0	0	0	0	0	0	0	0	0	0	0	0	0	0	0	0	10000	10000	10000	10000	10000	10000	10000	3000	3000	1000	2000	2000	2000	2000	2000	2000	2000	0	0	0
521	1	1	10000	0	0	0	0	0	0	0	0	0	7	7	7	8	7	8	10	39	38	100	9000	9000	9000	9000	9000	9000	9000	3850	3850	2500	100	100	100	100	100	100	100	0	0	0
521	2	1	10000	0	0	0	0	0	0	0	0	0	4	4	4	4	4	4	5	21	20	53	9000	9000	9000	9000	9000	9000	9000	3850	3850	2500	8000	8000	8000	8000	8000	8000	8000	4000	4000	0
531	0	1	10000	0	0	0	0	0	0	0	0	0	0	0	0	0	0	0	0	0	0	0	10000	10000	10000	10000	10000	10000	10000	3000	3000	1000	2000	2000	2000	2000	2000	2000	2000	0	0	0
531	1	1	10000	0	0	0	0	0	0	0	0	0	10	10	10	11	10	11	14	54	53	140	6000	6000	6000	6000	6000	6000	6000	2675	2675	2000	100	100	100	100	100	100	100	0	0	0
531	2	1	10000	0	0	0	0	0	0	0	0	0	5	5	5	6	5	6	7	28	28	74	6000	6000	6000	6000	6000	6000	6000	2675	2675	2000	8000	8000	8000	8000	8000	8000	8000	4000	4000	0
601	0	1	3750	1250	3750	1250	0	0	0	0	0	0	0	0	0	0	0	0	0	0	0	0	10000	10000	10000	10000	10000	10000	10000	3000	3000	1000	3000	3000	3000	3000	3000	3000	3000	1000	1000	10
601	1	1	10000	0	0	0	0	0	0	0	0	0	10000	0	0	4	6	12	9	22	44	88	10000	10000	10000	10000	10000	10000	10000	3000	3000	1000	3000	3000	3000	3000	3000	3000	3000	1000	1000	10
601	2	1	10000	0	0	0	0	0	0	0	0	0	10000	0	0	2	3	6	5	11	22	88	10000	10000	10000	10000	10000	10000	10000	3000	3000	1000	3000	3000	3000	3000	3000	3000	3000	1000	1000	10
601	8	1	0	0	0	0	0	0	0	0	0	10000	10000	0	0	1	1	1	1	1	2	8	10000	10000	10000	10000	10000	10000	10000	3000	3000	1000	0	0	0	0	0	0	0	0	0	0
601	10	1	7500	2500	0	0	0	0	0	0	0	0	0	0	0	0	0	0	0	0	0	0	10000	10000	10000	10000	10000	10000	10000	3000	3000	1000	3000	3000	3000	3000	3000	3000	3000	1000	1000	10
601	11	1	0	0	7500	2500	0	0	0	0	0	0	0	0	0	0	0	0	0	0	0	0	10000	10000	10000	10000	10000	10000	10000	3000	3000	1000	3000	3000	3000	3000	3000	3000	3000	1000	1000	10
601	12	1	0	0	0	0	7500	1900	600	0	0	0	0	0	0	0	0	0	0	0	0	0	10000	10000	10000	10000	10000	10000	10000	3000	3000	1000	3000	3000	3000	3000	3000	3000	3000	1000	1000	10
601	13	1	0	0	0	0	0	0	0	7500	1900	600	0	0	0	0	0	0	0	0	0	0	10000	10000	10000	10000	10000	10000	10000	3000	3000	1000	3000	3000	3000	3000	3000	3000	3000	1000	1000	10
601	14	1	3750	1250	3750	1250	0	0	0	0	0	0	0	0	0	0	0	0	0	0	0	0	10000	10000	10000	10000	10000	10000	10000	3000	3000	1000	3000	3000	3000	3000	3000	3000	3000	1000	1000	10
601	20	1	4480	3200	320	1600	320	80	0	0	0	0	0	0	0	0	0	0	0	0	0	0	10000	10000	10000	10000	10000	10000	10000	3000	3000	1000	3000	3000	3000	3000	3000	3000	3000	1000	1000	10
601	21	1	0	0	0	1600	320	80	6000	1600	320	80	0	0	0	0	0	0	0	0	0	0	10000	10000	10000	10000	10000	10000	10000	3000	3000	1000	3000	3000	3000	3000	3000	3000	3000	1000	1000	10
601	22	1	3360	2400	240	3120	624	156	75	20	4	1	0	0	0	0	0	0	0	0	0	0	10000	10000	10000	10000	10000	10000	10000	3000	3000	1000	3000	3000	3000	3000	3000	3000	3000	1000	1000	10
601	23	1	0	0	0	1600	320	80	6000	1600	320	80	0	0	0	0	0	0	0	0	0	0	10000	10000	10000	10000	10000	10000	10000	3000	3000	1000	3000	3000	3000	3000	3000	3000	3000	1000	1000	10
611	0	1	10000	0	0	0	0	0	0	0	0	0	0	0	0	0	0	0	0	0	0	0	10000	10000	10000	10000	10000	10000	10000	3000	3000	1000	2000	2000	2000	2000	2000	2000	2000	0	0	0
611	1	1	10000	0	0	0	0	0	0	0	0	0	8	8	8	7	8	8	9	36	54	90	10000	10000	10000	10000	10000	10000	10000	8000	8000	2500	2000	2000	2000	2000	2000	2000	2000	0	0	0
611	2	1	10000	0	0	0	0	0	0	0	0	0	4	4	4	3	4	4	4	16	25	41	10000	10000	10000	10000	10000	10000	10000	8000	8000	2500	8000	8000	8000	8000	8000	8000	8000	4000	4000	0
621	0	1	10000	0	0	0	0	0	0	0	0	0	0	0	0	0	0	0	0	0	0	0	10000	10000	10000	10000	10000	10000	10000	3000	3000	1000	2000	2000	2000	2000	2000	2000	2000	0	0	0
621	1	1	10000	0	0	0	0	0	0	0	0	0	11	11	11	10	11	11	13	57	57	130	9000	9000	9000	9000	9000	9000	9000	4385	4385	2500	100	100	100	100	100	100	100	0	0	0
621	2	1	10000	0	0	0	0	0	0	0	0	0	5	5	5	5	5	5	6	26	26	59	9000	9000	9000	9000	9000	9000	9000	4385	4385	2500	8000	8000	8000	8000	8000	8000	8000	4000	4000	0
631	0	1	10000	0	0	0	0	0	0	0	0	0	0	0	0	0	0	0	0	0	0	0	10000	10000	10000	10000	10000	10000	10000	3000	3000	1000	2000	2000	2000	2000	2000	2000	2000	0	0	0
631	1	1	10000	0	0	0	0	0	0	0	0	0	15	15	15	14	15	15	18	72	72	180	6000	6000	6000	6000	6000	6000	6000	2800	2800	2000	100	100	100	100	100	100	100	0	0	0
631	2	1	10000	0	0	0	0	0	0	0	0	0	7	7	7	6	7	7	8	33	33	82	6000	6000	6000	6000	6000	6000	6000	2800	2800	2000	8000	8000	8000	8000	8000	8000	8000	4000	4000	0
701	0	1	3750	1250	3750	1250	0	0	0	0	0	0	0	0	0	0	0	0	0	0	0	0	10000	10000	10000	10000	10000	10000	10000	3000	3000	1000	3000	3000	3000	3000	3000	3000	3000	1000	1000	10
701	1	1	10000	0	0	0	0	0	0	0	0	0	10000	0	0	4	6	6	9	11	22	44	10000	10000	10000	10000	10000	10000	10000	3000	3000	1000	3000	3000	3000	3000	3000	3000	3000	1000	1000	10
701	2	1	10000	0	0	0	0	0	0	0	0	0	10000	0	0	2	3	3	5	6	11	44	10000	10000	10000	10000	10000	10000	10000	3000	3000	1000	3000	3000	3000	3000	3000	3000	3000	1000	1000	10
701	8	1	0	0	0	0	0	0	0	0	0	10000	10000	0	0	1	1	1	1	1	2	8	10000	10000	10000	10000	10000	10000	10000	3000	3000	1000	0	0	0	0	0	0	0	0	0	0
701	10	1	7500	2500	0	0	0	0	0	0	0	0	0	0	0	0	0	0	0	0	0	0	10000	10000	10000	10000	10000	10000	10000	3000	3000	1000	3000	3000	3000	3000	3000	3000	3000	1000	1000	10
701	11	1	0	0	7500	2500	0	0	0	0	0	0	0	0	0	0	0	0	0	0	0	0	10000	10000	10000	10000	10000	10000	10000	3000	3000	1000	3000	3000	3000	3000	3000	3000	3000	1000	1000	10
701	12	1	0	0	0	0	7500	1900	600	0	0	0	0	0	0	0	0	0	0	0	0	0	10000	10000	10000	10000	10000	10000	10000	3000	3000	1000	3000	3000	3000	3000	3000	3000	3000	1000	1000	10
701	13	1	0	0	0	0	0	0	0	7500	1900	600	0	0	0	0	0	0	0	0	0	0	10000	10000	10000	10000	10000	10000	10000	3000	3000	1000	3000	3000	3000	3000	3000	3000	3000	1000	1000	10
701	14	1	3750	1250	3750	1250	0	0	0	0	0	0	0	0	0	0	0	0	0	0	0	0	10000	10000	10000	10000	10000	10000	10000	3000	3000	1000	3000	3000	3000	3000	3000	3000	3000	1000	1000	10
701	20	1	4480	3200	320	1600	320	80	0	0	0	0	0	0	0	0	0	0	0	0	0	0	10000	10000	10000	10000	10000	10000	10000	3000	3000	1000	3000	3000	3000	3000	3000	3000	3000	1000	1000	10
701	21	1	0	0	0	1600	320	80	6000	1600	320	80	0	0	0	0	0	0	0	0	0	0	10000	10000	10000	10000	10000	10000	10000	3000	3000	1000	3000	3000	3000	3000	3000	3000	3000	1000	1000	10
701	22	1	3360	2400	240	3120	624	156	75	20	4	1	0	0	0	0	0	0	0	0	0	0	10000	10000	10000	10000	10000	10000	10000	3000	3000	1000	3000	3000	3000	3000	3000	3000	3000	1000	1000	10
701	23	1	0	0	0	1600	320	80	6000	1600	320	80	0	0	0	0	0	0	0	0	0	0	10000	10000	10000	10000	10000	10000	10000	3000	3000	1000	3000	3000	3000	3000	3000	3000	3000	1000	1000	10
711	0	1	10000	0	0	0	0	0	0	0	0	0	0	0	0	0	0	0	0	0	0	0	10000	10000	10000	10000	10000	10000	10000	3000	3000	1000	2000	2000	2000	2000	2000	2000	2000	0	0	0
711	1	1	10000	0	0	0	0	0	0	0	0	0	4	4	5	4	5	5	6	24	36	60	10000	10000	10000	10000	10000	10000	10000	8000	8000	2500	2000	2000	2000	2000	2000	2000	2000	0	0	0
711	2	1	10000	0	0	0	0	0	0	0	0	0	2	2	3	2	3	3	3	13	19	32	10000	10000	10000	10000	10000	10000	10000	8000	8000	2500	8000	8000	8000	8000	8000	8000	8000	4000	4000	0
721	0	1	10000	0	0	0	0	0	0	0	0	0	0	0	0	0	0	0	0	0	0	0	10000	10000	10000	10000	10000	10000	10000	3000	3000	1000	2000	2000	2000	2000	2000	2000	2000	0	0	0
721	1	1	10000	0	0	0	0	0	0	0	0	0	6	6	7	6	7	7	8	40	40	80	9000	9000	9000	9000	9000	9000	9000	5000	5000	2500	100	100	100	100	100	100	100	0	0	0
721	2	1	10000	0	0	0	0	0	0	0	0	0	3	3	4	3	4	4	4	21	21	42	9000	9000	9000	9000	9000	9000	9000	5000	5000	2500	8000	8000	8000	8000	8000	8000	8000	4000	4000	0
731	0	1	10000	0	0	0	0	0	0	0	0	0	0	0	0	0	0	0	0	0	0	0	10000	10000	10000	10000	10000	10000	10000	3000	3000	1000	2000	2000	2000	2000	2000	2000	2000	0	0	0
731	1	1	10000	0	0	0	0	0	0	0	0	0	8	8	10	8	10	10	11	55	55	110	6000	6000	6000	6000	6000	6000	6000	3500	3500	2000	100	100	100	100	100	100	100	0	0	0
731	2	1	10000	0	0	0	0	0	0	0	0	0	4	4	5	4	5	5	6	29	29	58	6000	6000	6000	6000	6000	6000	6000	3500	3500	2000	8000	8000	8000	8000	8000	8000	8000	4000	4000	0
801	0	1	3750	1250	3750	1250	0	0	0	0	0	0	0	0	0	0	0	0	0	0	0	0	10000	10000	10000	10000	10000	10000	10000	3000	3000	1000	3000	3000	3000	3000	3000	3000	3000	1000	1000	10
801	1	1	10000	0	0	0	0	0	0	0	0	0	10000	0	0	4	6	10	9	18	36	72	10000	10000	10000	10000	10000	10000	10000	3000	3000	1000	3000	3000	3000	3000	3000	3000	3000	1000	1000	10
801	2	1	10000	0	0	0	0	0	0	0	0	0	10000	0	0	2	3	5	5	9	18	72	10000	10000	10000	10000	10000	10000	10000	3000	3000	1000	3000	3000	3000	3000	3000	3000	3000	1000	1000	10
801	8	1	0	0	0	0	0	0	0	0	0	10000	10000	0	0	1	1	1	1	1	2	8	10000	10000	10000	10000	10000	10000	10000	3000	3000	1000	0	0	0	0	0	0	0	0	0	0
801	10	1	7500	2500	0	0	0	0	0	0	0	0	0	0	0	0	0	0	0	0	0	0	10000	10000	10000	10000	10000	10000	10000	3000	3000	1000	3000	3000	3000	3000	3000	3000	3000	1000	1000	10
801	11	1	0	0	7500	2500	0	0	0	0	0	0	0	0	0	0	0	0	0	0	0	0	10000	10000	10000	10000	10000	10000	10000	3000	3000	1000	3000	3000	3000	3000	3000	3000	3000	1000	1000	10
801	12	1	0	0	0	0	7500	1900	600	0	0	0	0	0	0	0	0	0	0	0	0	0	10000	10000	10000	10000	10000	10000	10000	3000	3000	1000	3000	3000	3000	3000	3000	3000	3000	1000	1000	10
801	13	1	0	0	0	0	0	0	0	7500	1900	600	0	0	0	0	0	0	0	0	0	0	10000	10000	10000	10000	10000	10000	10000	3000	3000	1000	3000	3000	3000	3000	3000	3000	3000	1000	1000	10
801	14	1	3750	1250	3750	1250	0	0	0	0	0	0	0	0	0	0	0	0	0	0	0	0	10000	10000	10000	10000	10000	10000	10000	3000	3000	1000	3000	3000	3000	3000	3000	3000	3000	1000	1000	10
801	20	1	4480	3200	320	1600	320	80	0	0	0	0	0	0	0	0	0	0	0	0	0	0	10000	10000	10000	10000	10000	10000	10000	3000	3000	1000	3000	3000	3000	3000	3000	3000	3000	1000	1000	10
801	21	1	0	0	0	1600	320	80	6000	1600	320	80	0	0	0	0	0	0	0	0	0	0	10000	10000	10000	10000	10000	10000	10000	3000	3000	1000	3000	3000	3000	3000	3000	3000	3000	1000	1000	10
801	22	1	3360	2400	240	3120	624	156	75	20	4	1	0	0	0	0	0	0	0	0	0	0	10000	10000	10000	10000	10000	10000	10000	3000	3000	1000	3000	3000	3000	3000	3000	3000	3000	1000	1000	10
801	23	1	0	0	0	1600	320	80	6000	1600	320	80	0	0	0	0	0	0	0	0	0	0	10000	10000	10000	10000	10000	10000	10000	3000	3000	1000	3000	3000	3000	3000	3000	3000	3000	1000	1000	10
811	0	1	10000	0	0	0	0	0	0	0	0	0	0	0	0	0	0	0	0	0	0	0	10000	10000	10000	10000	10000	10000	10000	3000	3000	1000	2000	2000	2000	2000	2000	2000	2000	0	0	0
811	1	1	10000	0	0	0	0	0	0	0	0	0	5	5	5	6	5	6	7	28	42	70	10000	10000	10000	10000	10000	10000	10000	8000	8000	2500	2000	2000	2000	2000	2000	2000	2000	0	0	0
811	2	1	10000	0	0	0	0	0	0	0	0	0	3	3	3	3	3	3	4	15	22	37	10000	10000	10000	10000	10000	10000	10000	8000	8000	2500	8000	8000	8000	8000	8000	8000	8000	4000	4000	0
821	0	1	10000	0	0	0	0	0	0	0	0	0	0	0	0	0	0	0	0	0	0	0	10000	10000	10000	10000	10000	10000	10000	3000	3000	1000	2000	2000	2000	2000	2000	2000	2000	0	0	0
821	1	1	10000	0	0	0	0	0	0	0	0	0	7	7	7	8	7	8	10	50	50	100	9000	9000	9000	9000	9000	9000	9000	5000	5000	2500	100	100	100	100	100	100	100	0	0	0
821	2	1	10000	0	0	0	0	0	0	0	0	0	4	4	4	4	4	4	5	26	26	53	9000	9000	9000	9000	9000	9000	9000	5000	5000	2500	8000	8000	8000	8000	8000	8000	8000	4000	4000	0
831	0	1	10000	0	0	0	0	0	0	0	0	0	0	0	0	0	0	0	0	0	0	0	10000	10000	10000	10000	10000	10000	10000	3000	3000	1000	2000	2000	2000	2000	2000	2000	2000	0	0	0
831	1	1	10000	0	0	0	0	0	0	0	0	0	10	10	10	11	10	11	14	70	70	140	6000	6000	6000	6000	6000	6000	6000	3500	3500	2000	100	100	100	100	100	100	100	0	0	0
831	2	1	10000	0	0	0	0	0	0	0	0	0	5	5	5	6	5	6	7	37	37	74	6000	6000	6000	6000	6000	6000	6000	3500	3500	2000	8000	8000	8000	8000	8000	8000	8000	4000	4000	0
901	0	1	3750	1250	3750	1250	0	0	0	0	0	0	0	0	0	0	0	0	0	0	0	0	10000	10000	10000	10000	10000	10000	10000	3000	3000	1000	3000	3000	3000	3000	3000	3000	3000	1000	1000	10
901	1	1	10000	0	0	0	0	0	0	0	0	0	10000	0	0	4	6	12	9	22	44	88	10000	10000	10000	10000	10000	10000	10000	3000	3000	1000	3000	3000	3000	3000	3000	3000	3000	1000	1000	10
901	2	1	10000	0	0	0	0	0	0	0	0	0	10000	0	0	2	3	6	5	11	22	88	10000	10000	10000	10000	10000	10000	10000	3000	3000	1000	3000	3000	3000	3000	3000	3000	3000	1000	1000	10
901	8	1	0	0	0	0	0	0	0	0	0	10000	10000	0	0	1	1	1	1	1	2	8	10000	10000	10000	10000	10000	10000	10000	3000	3000	1000	0	0	0	0	0	0	0	0	0	0
901	10	1	7500	2500	0	0	0	0	0	0	0	0	0	0	0	0	0	0	0	0	0	0	10000	10000	10000	10000	10000	10000	10000	3000	3000	1000	3000	3000	3000	3000	3000	3000	3000	1000	1000	10
901	11	1	0	0	7500	2500	0	0	0	0	0	0	0	0	0	0	0	0	0	0	0	0	10000	10000	10000	10000	10000	10000	10000	3000	3000	1000	3000	3000	3000	3000	3000	3000	3000	1000	1000	10
901	12	1	0	0	0	0	7500	1900	600	0	0	0	0	0	0	0	0	0	0	0	0	0	10000	10000	10000	10000	10000	10000	10000	3000	3000	1000	3000	3000	3000	3000	3000	3000	3000	1000	1000	10
901	13	1	0	0	0	0	0	0	0	7500	1900	600	0	0	0	0	0	0	0	0	0	0	10000	10000	10000	10000	10000	10000	10000	3000	3000	1000	3000	3000	3000	3000	3000	3000	3000	1000	1000	10
901	14	1	3750	1250	3750	1250	0	0	0	0	0	0	0	0	0	0	0	0	0	0	0	0	10000	10000	10000	10000	10000	10000	10000	3000	3000	1000	3000	3000	3000	3000	3000	3000	3000	1000	1000	10
901	20	1	4480	3200	320	1600	320	80	0	0	0	0	0	0	0	0	0	0	0	0	0	0	10000	10000	10000	10000	10000	10000	10000	3000	3000	1000	3000	3000	3000	3000	3000	3000	3000	1000	1000	10
901	21	1	0	0	0	1600	320	80	6000	1600	320	80	0	0	0	0	0	0	0	0	0	0	10000	10000	10000	10000	10000	10000	10000	3000	3000	1000	3000	3000	3000	3000	3000	3000	3000	1000	1000	10
901	22	1	3360	2400	240	3120	624	156	75	20	4	1	0	0	0	0	0	0	0	0	0	0	10000	10000	10000	10000	10000	10000	10000	3000	3000	1000	3000	3000	3000	3000	3000	3000	3000	1000	1000	10
901	23	1	0	0	0	1600	320	80	6000	1600	320	80	0	0	0	0	0	0	0	0	0	0	10000	10000	10000	10000	10000	10000	10000	3000	3000	1000	3000	3000	3000	3000	3000	3000	3000	1000	1000	10
911	0	1	10000	0	0	0	0	0	0	0	0	0	0	0	0	0	0	0	0	0	0	0	10000	10000	10000	10000	10000	10000	10000	3000	3000	1000	2000	2000	2000	2000	2000	2000	2000	0	0	0
911	1	1	10000	0	0	0	0	0	0	0	0	0	8	8	8	7	8	8	9	36	54	90	10000	10000	10000	10000	10000	10000	10000	8000	8000	2500	2000	2000	2000	2000	2000	2000	2000	0	0	0
911	2	1	10000	0	0	0	0	0	0	0	0	0	5	5	5	5	5	5	6	24	36	60	10000	10000	10000	10000	10000	10000	10000	8000	8000	2500	8000	8000	8000	8000	8000	8000	8000	4000	4000	0
921	0	1	10000	0	0	0	0	0	0	0	0	0	0	0	0	0	0	0	0	0	0	0	10000	10000	10000	10000	10000	10000	10000	3000	3000	1000	2000	2000	2000	2000	2000	2000	2000	0	0	0
921	1	1	10000	0	0	0	0	0	0	0	0	0	11	11	11	10	11	11	13	65	65	130	9000	9000	9000	9000	9000	9000	9000	5000	5000	2500	100	100	100	100	100	100	100	0	0	0
921	2	1	10000	0	0	0	0	0	0	0	0	0	7	7	7	7	7	7	9	43	43	87	9000	9000	9000	9000	9000	9000	9000	5000	5000	2500	8000	8000	8000	8000	8000	8000	8000	4000	4000	0
931	0	1	10000	0	0	0	0	0	0	0	0	0	0	0	0	0	0	0	0	0	0	0	10000	10000	10000	10000	10000	10000	10000	3000	3000	1000	2000	2000	2000	2000	2000	2000	2000	0	0	0
931	1	1	10000	0	0	0	0	0	0	0	0	0	15	15	15	14	15	15	18	90	90	180	6000	6000	6000	6000	6000	6000	6000	3500	3500	2000	100	100	100	100	100	100	100	0	0	0
931	2	1	10000	0	0	0	0	0	0	0	0	0	10	10	10	9	10	10	12	60	60	120	6000	6000	6000	6000	6000	6000	6000	3500	3500	2000	8000	8000	8000	8000	8000	8000	8000	4000	4000	0
102	0	1	1500	500	6000	2000	0	0	0	0	0	0	0	0	0	0	0	0	0	0	0	0	10000	10000	10000	10000	10000	10000	10000	3000	3000	1000	3000	3000	3000	3000	3000	3000	3000	1000	1000	10
102	1	1	10000	0	0	0	0	0	0	0	0	0	10000	0	0	1	1	6	3	3	6	12	10000	10000	10000	10000	10000	10000	10000	3000	3000	1000	3000	3000	3000	3000	3000	3000	3000	1000	1000	10
102	2	1	10000	0	0	0	0	0	0	0	0	0	10000	0	0	1	1	3	3	3	3	12	10000	10000	10000	10000	10000	10000	10000	3000	3000	1000	3000	3000	3000	3000	3000	3000	3000	1000	1000	10
102	8	1	0	0	0	0	0	0	0	0	0	10000	10000	0	0	1	1	1	1	1	2	8	10000	10000	10000	10000	10000	10000	10000	3000	3000	1000	0	0	0	0	0	0	0	0	0	0
102	10	1	7500	2500	0	0	0	0	0	0	0	0	10000	0	0	0	0	0	0	0	0	0	10000	10000	10000	10000	10000	10000	10000	3000	3000	1000	3000	3000	3000	3000	3000	3000	3000	1000	1000	10
102	11	1	0	0	7500	2500	0	0	0	0	0	0	0	0	0	0	0	0	0	0	0	0	10000	10000	10000	10000	10000	10000	10000	3000	3000	1000	3000	3000	3000	3000	3000	3000	3000	1000	1000	10
102	12	1	0	0	0	0	7500	1900	600	0	0	0	0	0	0	0	0	0	0	0	0	0	10000	10000	10000	10000	10000	10000	10000	3000	3000	1000	3000	3000	3000	3000	3000	3000	3000	1000	1000	10
102	13	1	0	0	0	0	0	0	0	7500	1900	600	10000	0	0	0	0	0	0	0	0	0	10000	10000	10000	10000	10000	10000	10000	3000	3000	1000	3000	3000	3000	3000	3000	3000	3000	1000	1000	10
102	14	1	3750	1250	3750	1250	0	0	0	0	0	0	10000	0	0	0	0	0	0	0	0	0	10000	10000	10000	10000	10000	10000	10000	3000	3000	1000	3000	3000	3000	3000	3000	3000	3000	1000	1000	10
112	0	1	10000	0	0	0	0	0	0	0	0	0	0	0	0	0	0	0	0	0	0	0	10000	10000	10000	10000	10000	10000	10000	3000	3000	1000	0	0	0	0	0	0	0	0	0	0
112	1	1	10000	0	0	0	0	0	0	0	0	0	1	1	1	1	1	1	1	4	6	10	10000	10000	10000	10000	10000	10000	10000	10000	10000	2500	0	0	0	0	0	0	0	0	0	0
112	2	1	10000	0	0	0	0	0	0	0	0	0	1	1	1	1	1	1	1	4	6	10	10000	10000	10000	10000	10000	10000	10000	10000	10000	2500	8000	8000	8000	8000	8000	8000	8000	4000	4000	0
122	0	1	10000	0	0	0	0	0	0	0	0	0	0	0	0	0	0	0	0	0	0	0	10000	10000	10000	10000	10000	10000	10000	3000	3000	1000	3000	3000	3000	3000	3000	3000	3000	1000	1000	10
122	1	1	10000	0	0	0	0	0	0	0	0	0	1	1	1	1	1	1	1	2	3	5	10000	10000	10000	10000	10000	10000	10000	3000	3000	1000	3000	3000	3000	3000	3000	3000	3000	1000	1000	10
122	2	1	10000	0	0	0	0	0	0	0	0	0	1	1	1	1	1	1	1	2	3	5	10000	10000	10000	10000	10000	10000	10000	3000	3000	1000	3000	3000	3000	3000	3000	3000	3000	1000	1000	10
202	0	1	3750	1250	3750	1250	0	0	0	0	0	0	0	0	0	0	0	0	0	0	0	0	10000	10000	10000	10000	10000	10000	10000	3000	3000	1000	3000	3000	3000	3000	3000	3000	3000	1000	1000	10
202	1	1	10000	0	0	0	0	0	0	0	0	0	10000	0	0	3	5	5	8	9	18	36	10000	10000	10000	10000	10000	10000	10000	3000	3000	1000	3000	3000	3000	3000	3000	3000	3000	1000	1000	10
202	2	1	10000	0	0	0	0	0	0	0	0	0	10000	0	0	2	3	3	4	5	9	36	10000	10000	10000	10000	10000	10000	10000	3000	3000	1000	3000	3000	3000	3000	3000	3000	3000	1000	1000	10
202	8	1	0	0	0	0	0	0	0	0	0	10000	10000	0	0	1	1	1	1	1	2	8	10000	10000	10000	10000	10000	10000	10000	3000	3000	1000	0	0	0	0	0	0	0	0	0	0
202	10	1	7500	2500	0	0	0	0	0	0	0	0	0	0	0	0	0	0	0	0	0	0	10000	10000	10000	10000	10000	10000	10000	3000	3000	1000	3000	3000	3000	3000	3000	3000	3000	1000	1000	10
202	11	1	0	0	7500	2500	0	0	0	0	0	0	0	0	0	0	0	0	0	0	0	0	10000	10000	10000	10000	10000	10000	10000	3000	3000	1000	3000	3000	3000	3000	3000	3000	3000	1000	1000	10
202	12	1	0	0	0	0	7500	1900	600	0	0	0	0	0	0	0	0	0	0	0	0	0	10000	10000	10000	10000	10000	10000	10000	3000	3000	1000	3000	3000	3000	3000	3000	3000	3000	1000	1000	10
202	13	1	0	0	0	0	0	0	0	7500	1900	600	0	0	0	0	0	0	0	0	0	0	10000	10000	10000	10000	10000	10000	10000	3000	3000	1000	3000	3000	3000	3000	3000	3000	3000	1000	1000	10
202	14	1	3750	1250	3750	1250	0	0	0	0	0	0	0	0	0	0	0	0	0	0	0	0	10000	10000	10000	10000	10000	10000	10000	3000	3000	1000	3000	3000	3000	3000	3000	3000	3000	1000	1000	10
212	0	1	10000	0	0	0	0	0	0	0	0	0	0	0	0	0	0	0	0	0	0	0	10000	10000	10000	10000	10000	10000	10000	3000	3000	1000	2000	2000	2000	2000	2000	2000	2000	0	0	0
212	1	1	10000	0	0	0	0	0	0	0	0	0	3	2	3	2	3	3	4	16	24	40	10000	10000	10000	10000	10000	10000	10000	8000	8000	2500	2000	2000	2000	2000	2000	2000	2000	0	0	0
212	2	1	10000	0	0	0	0	0	0	0	0	0	3	2	3	2	3	3	4	16	24	40	10000	10000	10000	10000	10000	10000	10000	8000	8000	2500	8000	8000	8000	8000	8000	8000	8000	4000	4000	0
222	0	1	10000	0	0	0	0	0	0	0	0	0	0	0	0	0	0	0	0	0	0	0	10000	10000	10000	10000	10000	10000	10000	3000	3000	1000	2000	2000	2000	2000	2000	2000	2000	0	0	0
222	1	1	10000	0	0	0	0	0	0	0	0	0	4	3	4	3	4	4	6	11	12	45	9000	9000	9000	9000	9000	9000	9000	1917	1917	1875	100	100	100	100	100	100	100	0	0	0
222	2	1	10000	0	0	0	0	0	0	0	0	0	4	3	4	3	4	4	6	11	12	45	9000	9000	9000	9000	9000	9000	9000	1917	1917	1875	8000	8000	8000	8000	8000	8000	8000	4000	4000	0
232	0	1	10000	0	0	0	0	0	0	0	0	0	0	0	0	0	0	0	0	0	0	0	10000	10000	10000	10000	10000	10000	10000	3000	3000	1000	2000	2000	2000	2000	2000	2000	2000	0	0	0
232	1	1	10000	0	0	0	0	0	0	0	0	0	6	4	6	4	6	6	8	26	27	80	6000	6000	6000	6000	6000	6000	6000	2319	2319	2000	100	100	100	100	100	100	100	0	0	0
232	2	1	10000	0	0	0	0	0	0	0	0	0	6	4	6	4	6	6	8	26	27	80	6000	6000	6000	6000	6000	6000	6000	2319	2319	2000	8000	8000	8000	8000	8000	8000	8000	4000	4000	0
302	0	1	3750	1250	3750	1250	0	0	0	0	0	0	0	0	0	0	0	0	0	0	0	0	10000	10000	10000	10000	10000	10000	10000	3000	3000	1000	3000	3000	3000	3000	3000	3000	3000	1000	1000	10
302	1	1	10000	0	0	0	0	0	0	0	0	0	10000	0	0	4	8	5	12	9	18	36	10000	10000	10000	10000	10000	10000	10000	3000	3000	1000	3000	3000	3000	3000	3000	3000	3000	1000	1000	10
302	2	1	10000	0	0	0	0	0	0	0	0	0	10000	0	0	2	4	3	6	5	9	36	10000	10000	10000	10000	10000	10000	10000	3000	3000	1000	3000	3000	3000	3000	3000	3000	3000	1000	1000	10
302	8	1	0	0	0	0	0	0	0	0	0	10000	10000	0	0	1	1	1	1	1	2	8	10000	10000	10000	10000	10000	10000	10000	3000	3000	1000	0	0	0	0	0	0	0	0	0	0
302	10	1	7500	2500	0	0	0	0	0	0	0	0	0	0	0	0	0	0	0	0	0	0	10000	10000	10000	10000	10000	10000	10000	3000	3000	1000	3000	3000	3000	3000	3000	3000	3000	1000	1000	10
302	11	1	0	0	7500	2500	0	0	0	0	0	0	0	0	0	0	0	0	0	0	0	0	10000	10000	10000	10000	10000	10000	10000	3000	3000	1000	3000	3000	3000	3000	3000	3000	3000	1000	1000	10
302	12	1	0	0	0	0	7500	1900	600	0	0	0	0	0	0	0	0	0	0	0	0	0	10000	10000	10000	10000	10000	10000	10000	3000	3000	1000	3000	3000	3000	3000	3000	3000	3000	1000	1000	10
302	13	1	0	0	0	0	0	0	0	7500	1900	600	0	0	0	0	0	0	0	0	0	0	10000	10000	10000	10000	10000	10000	10000	3000	3000	1000	3000	3000	3000	3000	3000	3000	3000	1000	1000	10
302	14	1	3750	1250	3750	1250	0	0	0	0	0	0	0	0	0	0	0	0	0	0	0	0	10000	10000	10000	10000	10000	10000	10000	3000	3000	1000	3000	3000	3000	3000	3000	3000	3000	1000	1000	10
312	0	1	10000	0	0	0	0	0	0	0	0	0	0	0	0	0	0	0	0	0	0	0	10000	10000	10000	10000	10000	10000	10000	3000	3000	1000	2000	2000	2000	2000	2000	2000	2000	0	0	0
312	1	1	10000	0	0	0	0	0	0	0	0	0	4	4	5	4	5	5	6	24	36	60	10000	10000	10000	10000	10000	10000	10000	8000	8000	2500	2000	2000	2000	2000	2000	2000	2000	0	0	0
312	2	1	10000	0	0	0	0	0	0	0	0	0	3	3	4	3	4	4	5	20	30	50	10000	10000	10000	10000	10000	10000	10000	8000	8000	2500	8000	8000	8000	8000	8000	8000	8000	4000	4000	0
322	0	1	10000	0	0	0	0	0	0	0	0	0	0	0	0	0	0	0	0	0	0	0	10000	10000	10000	10000	10000	10000	10000	3000	3000	1000	2000	2000	2000	2000	2000	2000	2000	0	0	0
322	1	1	10000	0	0	0	0	0	0	0	0	0	6	6	7	6	7	7	8	15	15	60	9000	9000	9000	9000	9000	9000	9000	1875	1875	1875	100	100	100	100	100	100	100	0	0	0
322	2	1	10000	0	0	0	0	0	0	0	0	0	5	5	6	5	6	6	7	13	13	50	9000	9000	9000	9000	9000	9000	9000	1875	1875	1875	8000	8000	8000	8000	8000	8000	8000	4000	4000	0
332	0	1	10000	0	0	0	0	0	0	0	0	0	0	0	0	0	0	0	0	0	0	0	10000	10000	10000	10000	10000	10000	10000	3000	3000	1000	2000	2000	2000	2000	2000	2000	2000	0	0	0
332	1	1	10000	0	0	0	0	0	0	0	0	0	8	8	10	8	10	10	11	32	33	110	6000	6000	6000	6000	6000	6000	6000	2068	2068	2000	100	100	100	100	100	100	100	0	0	0
332	2	1	10000	0	0	0	0	0	0	0	0	0	7	7	8	7	8	8	9	27	28	92	6000	6000	6000	6000	6000	6000	6000	2068	2068	2000	8000	8000	8000	8000	8000	8000	8000	4000	4000	0
402	0	1	3750	1250	3750	1250	0	0	0	0	0	0	0	0	0	0	0	0	0	0	0	0	10000	10000	10000	10000	10000	10000	10000	3000	3000	1000	3000	3000	3000	3000	3000	3000	3000	1000	1000	10
402	1	1	10000	0	0	0	0	0	0	0	0	0	10000	0	0	6	9	6	14	11	22	44	10000	10000	10000	10000	10000	10000	10000	3000	3000	1000	3000	3000	3000	3000	3000	3000	3000	1000	1000	10
402	2	1	10000	0	0	0	0	0	0	0	0	0	10000	0	0	3	5	3	7	6	11	44	10000	10000	10000	10000	10000	10000	10000	3000	3000	1000	3000	3000	3000	3000	3000	3000	3000	1000	1000	10
402	8	1	0	0	0	0	0	0	0	0	0	10000	10000	0	0	1	1	1	1	1	2	8	10000	10000	10000	10000	10000	10000	10000	3000	3000	1000	0	0	0	0	0	0	0	0	0	0
402	10	1	7500	2500	0	0	0	0	0	0	0	0	0	0	0	0	0	0	0	0	0	0	10000	10000	10000	10000	10000	10000	10000	3000	3000	1000	3000	3000	3000	3000	3000	3000	3000	1000	1000	10
402	11	1	0	0	7500	2500	0	0	0	0	0	0	0	0	0	0	0	0	0	0	0	0	10000	10000	10000	10000	10000	10000	10000	3000	3000	1000	3000	3000	3000	3000	3000	3000	3000	1000	1000	10
402	12	1	0	0	0	0	7500	1900	600	0	0	0	0	0	0	0	0	0	0	0	0	0	10000	10000	10000	10000	10000	10000	10000	3000	3000	1000	3000	3000	3000	3000	3000	3000	3000	1000	1000	10
402	13	1	0	0	0	0	0	0	0	7500	1900	600	0	0	0	0	0	0	0	0	0	0	10000	10000	10000	10000	10000	10000	10000	3000	3000	1000	3000	3000	3000	3000	3000	3000	3000	1000	1000	10
402	14	1	3750	1250	3750	1250	0	0	0	0	0	0	0	0	0	0	0	0	0	0	0	0	10000	10000	10000	10000	10000	10000	10000	3000	3000	1000	3000	3000	3000	3000	3000	3000	3000	1000	1000	10
412	0	1	10000	0	0	0	0	0	0	0	0	0	0	0	0	0	0	0	0	0	0	0	10000	10000	10000	10000	10000	10000	10000	3000	3000	1000	2000	2000	2000	2000	2000	2000	2000	0	0	0
412	1	1	10000	0	0	0	0	0	0	0	0	0	4	4	5	4	5	5	6	24	36	60	10000	10000	10000	10000	10000	10000	10000	8000	8000	2500	2000	2000	2000	2000	2000	2000	2000	0	0	0
412	2	1	10000	0	0	0	0	0	0	0	0	0	2	2	3	2	3	3	3	13	19	32	10000	10000	10000	10000	10000	10000	10000	8000	8000	2500	8000	8000	8000	8000	8000	8000	8000	4000	4000	0
422	0	1	10000	0	0	0	0	0	0	0	0	0	0	0	0	0	0	0	0	0	0	0	10000	10000	10000	10000	10000	10000	10000	3000	3000	1000	2000	2000	2000	2000	2000	2000	2000	0	0	0
422	1	1	10000	0	0	0	0	0	0	0	0	0	6	6	7	6	7	7	8	30	36	80	9000	9000	9000	9000	9000	9000	9000	4125	4125	2500	100	100	100	100	100	100	100	0	0	0
422	2	1	10000	0	0	0	0	0	0	0	0	0	3	3	4	3	4	4	4	16	19	42	9000	9000	9000	9000	9000	9000	9000	4125	4125	2500	8000	8000	8000	8000	8000	8000	8000	4000	4000	0
432	0	1	10000	0	0	0	0	0	0	0	0	0	0	0	0	0	0	0	0	0	0	0	10000	10000	10000	10000	10000	10000	10000	3000	3000	1000	2000	2000	2000	2000	2000	2000	2000	0	0	0
432	1	1	10000	0	0	0	0	0	0	0	0	0	8	8	10	8	10	10	11	47	55	110	6000	6000	6000	6000	6000	6000	6000	3245	3245	2000	100	100	100	100	100	100	100	0	0	0
432	2	1	10000	0	0	0	0	0	0	0	0	0	4	4	5	4	5	5	6	25	29	58	6000	6000	6000	6000	6000	6000	6000	3245	3245	2000	8000	8000	8000	8000	8000	8000	8000	4000	4000	0
502	0	1	3750	1250	3750	1250	0	0	0	0	0	0	0	0	0	0	0	0	0	0	0	0	10000	10000	10000	10000	10000	10000	10000	3000	3000	1000	3000	3000	3000	3000	3000	3000	3000	1000	1000	10
502	1	1	10000	0	0	0	0	0	0	0	0	0	10000	0	0	7	13	12	20	22	44	88	10000	10000	10000	10000	10000	10000	10000	3000	3000	1000	3000	3000	3000	3000	3000	3000	3000	1000	1000	10
502	2	1	10000	0	0	0	0	0	0	0	0	0	10000	0	0	4	7	6	10	11	22	88	10000	10000	10000	10000	10000	10000	10000	3000	3000	1000	3000	3000	3000	3000	3000	3000	3000	1000	1000	10
502	8	1	0	0	0	0	0	0	0	0	0	10000	10000	0	0	1	1	1	1	1	2	8	10000	10000	10000	10000	10000	10000	10000	3000	3000	1000	0	0	0	0	0	0	0	0	0	0
502	10	1	7500	2500	0	0	0	0	0	0	0	0	0	0	0	0	0	0	0	0	0	0	10000	10000	10000	10000	10000	10000	10000	3000	3000	1000	3000	3000	3000	3000	3000	3000	3000	1000	1000	10
502	11	1	0	0	7500	2500	0	0	0	0	0	0	0	0	0	0	0	0	0	0	0	0	10000	10000	10000	10000	10000	10000	10000	3000	3000	1000	3000	3000	3000	3000	3000	3000	3000	1000	1000	10
502	12	1	0	0	0	0	7500	1900	600	0	0	0	0	0	0	0	0	0	0	0	0	0	10000	10000	10000	10000	10000	10000	10000	3000	3000	1000	3000	3000	3000	3000	3000	3000	3000	1000	1000	10
502	13	1	0	0	0	0	0	0	0	7500	1900	600	0	0	0	0	0	0	0	0	0	0	10000	10000	10000	10000	10000	10000	10000	3000	3000	1000	3000	3000	3000	3000	3000	3000	3000	1000	1000	10
502	14	1	3750	1250	3750	1250	0	0	0	0	0	0	0	0	0	0	0	0	0	0	0	0	10000	10000	10000	10000	10000	10000	10000	3000	3000	1000	3000	3000	3000	3000	3000	3000	3000	1000	1000	10
512	0	1	10000	0	0	0	0	0	0	0	0	0	0	0	0	0	0	0	0	0	0	0	10000	10000	10000	10000	10000	10000	10000	3000	3000	1000	2000	2000	2000	2000	2000	2000	2000	0	0	0
512	1	1	10000	0	0	0	0	0	0	0	0	0	5	5	5	6	5	6	7	28	42	70	10000	10000	10000	10000	10000	10000	10000	8000	8000	2500	2000	2000	2000	2000	2000	2000	2000	0	0	0
512	2	1	10000	0	0	0	0	0	0	0	0	0	3	3	3	3	3	3	4	15	22	37	10000	10000	10000	10000	10000	10000	10000	8000	8000	2500	8000	8000	8000	8000	8000	8000	8000	4000	4000	0
522	0	1	10000	0	0	0	0	0	0	0	0	0	0	0	0	0	0	0	0	0	0	0	10000	10000	10000	10000	10000	10000	10000	3000	3000	1000	2000	2000	2000	2000	2000	2000	2000	0	0	0
522	1	1	10000	0	0	0	0	0	0	0	0	0	7	7	7	8	7	8	10	39	38	100	9000	9000	9000	9000	9000	9000	9000	3850	3850	2500	100	100	100	100	100	100	100	0	0	0
522	2	1	10000	0	0	0	0	0	0	0	0	0	4	4	4	4	4	4	5	21	20	53	9000	9000	9000	9000	9000	9000	9000	3850	3850	2500	8000	8000	8000	8000	8000	8000	8000	4000	4000	0
532	0	1	10000	0	0	0	0	0	0	0	0	0	0	0	0	0	0	0	0	0	0	0	10000	10000	10000	10000	10000	10000	10000	3000	3000	1000	2000	2000	2000	2000	2000	2000	2000	0	0	0
532	1	1	10000	0	0	0	0	0	0	0	0	0	10	10	10	11	10	11	14	54	53	140	6000	6000	6000	6000	6000	6000	6000	2675	2675	2000	100	100	100	100	100	100	100	0	0	0
532	2	1	10000	0	0	0	0	0	0	0	0	0	5	5	5	6	5	6	7	28	28	74	6000	6000	6000	6000	6000	6000	6000	2675	2675	2000	8000	8000	8000	8000	8000	8000	8000	4000	4000	0
602	0	1	3750	1250	3750	1250	0	0	0	0	0	0	0	0	0	0	0	0	0	0	0	0	10000	10000	10000	10000	10000	10000	10000	3000	3000	1000	3000	3000	3000	3000	3000	3000	3000	1000	1000	10
602	1	1	10000	0	0	0	0	0	0	0	0	0	10000	0	0	10	15	16	23	29	58	116	10000	10000	10000	10000	10000	10000	10000	3000	3000	1000	3000	3000	3000	3000	3000	3000	3000	1000	1000	10
602	2	1	10000	0	0	0	0	0	0	0	0	0	10000	0	0	5	8	8	12	15	29	116	10000	10000	10000	10000	10000	10000	10000	3000	3000	1000	3000	3000	3000	3000	3000	3000	3000	1000	1000	10
602	8	1	0	0	0	0	0	0	0	0	0	10000	10000	0	0	1	1	1	1	1	2	8	10000	10000	10000	10000	10000	10000	10000	3000	3000	1000	0	0	0	0	0	0	0	0	0	0
602	10	1	7500	2500	0	0	0	0	0	0	0	0	0	0	0	0	0	0	0	0	0	0	10000	10000	10000	10000	10000	10000	10000	3000	3000	1000	3000	3000	3000	3000	3000	3000	3000	1000	1000	10
602	11	1	0	0	7500	2500	0	0	0	0	0	0	0	0	0	0	0	0	0	0	0	0	10000	10000	10000	10000	10000	10000	10000	3000	3000	1000	3000	3000	3000	3000	3000	3000	3000	1000	1000	10
602	12	1	0	0	0	0	7500	1900	600	0	0	0	0	0	0	0	0	0	0	0	0	0	10000	10000	10000	10000	10000	10000	10000	3000	3000	1000	3000	3000	3000	3000	3000	3000	3000	1000	1000	10
602	13	1	0	0	0	0	0	0	0	7500	1900	600	0	0	0	0	0	0	0	0	0	0	10000	10000	10000	10000	10000	10000	10000	3000	3000	1000	3000	3000	3000	3000	3000	3000	3000	1000	1000	10
602	14	1	3750	1250	3750	1250	0	0	0	0	0	0	0	0	0	0	0	0	0	0	0	0	10000	10000	10000	10000	10000	10000	10000	3000	3000	1000	3000	3000	3000	3000	3000	3000	3000	1000	1000	10
612	0	1	10000	0	0	0	0	0	0	0	0	0	0	0	0	0	0	0	0	0	0	0	10000	10000	10000	10000	10000	10000	10000	3000	3000	1000	2000	2000	2000	2000	2000	2000	2000	0	0	0
612	1	1	10000	0	0	0	0	0	0	0	0	0	8	8	8	7	8	8	9	36	54	90	10000	10000	10000	10000	10000	10000	10000	8000	8000	2500	2000	2000	2000	2000	2000	2000	2000	0	0	0
612	2	1	10000	0	0	0	0	0	0	0	0	0	4	4	4	3	4	4	4	16	25	41	10000	10000	10000	10000	10000	10000	10000	8000	8000	2500	8000	8000	8000	8000	8000	8000	8000	4000	4000	0
622	0	1	10000	0	0	0	0	0	0	0	0	0	0	0	0	0	0	0	0	0	0	0	10000	10000	10000	10000	10000	10000	10000	3000	3000	1000	2000	2000	2000	2000	2000	2000	2000	0	0	0
622	1	1	10000	0	0	0	0	0	0	0	0	0	11	11	11	10	11	11	13	57	57	130	9000	9000	9000	9000	9000	9000	9000	4385	4385	2500	100	100	100	100	100	100	100	0	0	0
622	2	1	10000	0	0	0	0	0	0	0	0	0	5	5	5	5	5	5	6	26	26	59	9000	9000	9000	9000	9000	9000	9000	4385	4385	2500	8000	8000	8000	8000	8000	8000	8000	4000	4000	0
632	0	1	10000	0	0	0	0	0	0	0	0	0	0	0	0	0	0	0	0	0	0	0	10000	10000	10000	10000	10000	10000	10000	3000	3000	1000	2000	2000	2000	2000	2000	2000	2000	0	0	0
632	1	1	10000	0	0	0	0	0	0	0	0	0	15	15	15	14	15	15	18	72	72	180	6000	6000	6000	6000	6000	6000	6000	2800	2800	2000	100	100	100	100	100	100	100	0	0	0
632	2	1	10000	0	0	0	0	0	0	0	0	0	7	7	7	6	7	7	8	33	33	82	6000	6000	6000	6000	6000	6000	6000	2800	2800	2000	8000	8000	8000	8000	8000	8000	8000	4000	4000	0
702	0	1	3750	1250	3750	1250	0	0	0	0	0	0	0	0	0	0	0	0	0	0	0	0	10000	10000	10000	10000	10000	10000	10000	3000	3000	1000	3000	3000	3000	3000	3000	3000	3000	1000	1000	10
702	1	1	10000	0	0	0	0	0	0	0	0	0	10000	0	0	7	13	12	20	22	44	88	10000	10000	10000	10000	10000	10000	10000	3000	3000	1000	3000	3000	3000	3000	3000	3000	3000	1000	1000	10
702	2	1	10000	0	0	0	0	0	0	0	0	0	10000	0	0	4	7	6	10	11	22	88	10000	10000	10000	10000	10000	10000	10000	3000	3000	1000	3000	3000	3000	3000	3000	3000	3000	1000	1000	10
702	8	1	0	0	0	0	0	0	0	0	0	10000	10000	0	0	1	1	1	1	1	2	8	10000	10000	10000	10000	10000	10000	10000	3000	3000	1000	0	0	0	0	0	0	0	0	0	0
702	10	1	7500	2500	0	0	0	0	0	0	0	0	0	0	0	0	0	0	0	0	0	0	10000	10000	10000	10000	10000	10000	10000	3000	3000	1000	3000	3000	3000	3000	3000	3000	3000	1000	1000	10
702	11	1	0	0	7500	2500	0	0	0	0	0	0	0	0	0	0	0	0	0	0	0	0	10000	10000	10000	10000	10000	10000	10000	3000	3000	1000	3000	3000	3000	3000	3000	3000	3000	1000	1000	10
702	12	1	0	0	0	0	7500	1900	600	0	0	0	0	0	0	0	0	0	0	0	0	0	10000	10000	10000	10000	10000	10000	10000	3000	3000	1000	3000	3000	3000	3000	3000	3000	3000	1000	1000	10
702	13	1	0	0	0	0	0	0	0	7500	1900	600	0	0	0	0	0	0	0	0	0	0	10000	10000	10000	10000	10000	10000	10000	3000	3000	1000	3000	3000	3000	3000	3000	3000	3000	1000	1000	10
702	14	1	3750	1250	3750	1250	0	0	0	0	0	0	0	0	0	0	0	0	0	0	0	0	10000	10000	10000	10000	10000	10000	10000	3000	3000	1000	3000	3000	3000	3000	3000	3000	3000	1000	1000	10
712	0	1	10000	0	0	0	0	0	0	0	0	0	0	0	0	0	0	0	0	0	0	0	10000	10000	10000	10000	10000	10000	10000	3000	3000	1000	2000	2000	2000	2000	2000	2000	2000	0	0	0
712	1	1	10000	0	0	0	0	0	0	0	0	0	4	4	5	4	5	5	6	24	36	60	10000	10000	10000	10000	10000	10000	10000	8000	8000	2500	2000	2000	2000	2000	2000	2000	2000	0	0	0
712	2	1	10000	0	0	0	0	0	0	0	0	0	2	2	3	2	3	3	3	13	19	32	10000	10000	10000	10000	10000	10000	10000	8000	8000	2500	8000	8000	8000	8000	8000	8000	8000	4000	4000	0
722	0	1	10000	0	0	0	0	0	0	0	0	0	0	0	0	0	0	0	0	0	0	0	10000	10000	10000	10000	10000	10000	10000	3000	3000	1000	2000	2000	2000	2000	2000	2000	2000	0	0	0
722	1	1	10000	0	0	0	0	0	0	0	0	0	6	6	7	6	7	7	8	40	40	80	9000	9000	9000	9000	9000	9000	9000	5000	5000	2500	100	100	100	100	100	100	100	0	0	0
722	2	1	10000	0	0	0	0	0	0	0	0	0	3	3	4	3	4	4	4	21	21	42	9000	9000	9000	9000	9000	9000	9000	5000	5000	2500	8000	8000	8000	8000	8000	8000	8000	4000	4000	0
732	0	1	10000	0	0	0	0	0	0	0	0	0	0	0	0	0	0	0	0	0	0	0	10000	10000	10000	10000	10000	10000	10000	3000	3000	1000	2000	2000	2000	2000	2000	2000	2000	0	0	0
732	1	1	10000	0	0	0	0	0	0	0	0	0	8	8	10	8	10	10	11	55	55	110	6000	6000	6000	6000	6000	6000	6000	3500	3500	2000	100	100	100	100	100	100	100	0	0	0
732	2	1	10000	0	0	0	0	0	0	0	0	0	4	4	5	4	5	5	6	29	29	58	6000	6000	6000	6000	6000	6000	6000	3500	3500	2000	8000	8000	8000	8000	8000	8000	8000	4000	4000	0
802	0	1	3750	1250	3750	1250	0	0	0	0	0	0	0	0	0	0	0	0	0	0	0	0	10000	10000	10000	10000	10000	10000	10000	3000	3000	1000	3000	3000	3000	3000	3000	3000	3000	1000	1000	10
802	1	1	10000	0	0	0	0	0	0	0	0	0	10000	0	0	10	15	16	23	29	58	116	10000	10000	10000	10000	10000	10000	10000	3000	3000	1000	3000	3000	3000	3000	3000	3000	3000	1000	1000	10
802	2	1	10000	0	0	0	0	0	0	0	0	0	10000	0	0	5	8	8	12	15	29	116	10000	10000	10000	10000	10000	10000	10000	3000	3000	1000	3000	3000	3000	3000	3000	3000	3000	1000	1000	10
802	8	1	0	0	0	0	0	0	0	0	0	10000	10000	0	0	1	1	1	1	1	2	8	10000	10000	10000	10000	10000	10000	10000	3000	3000	1000	0	0	0	0	0	0	0	0	0	0
802	10	1	7500	2500	0	0	0	0	0	0	0	0	0	0	0	0	0	0	0	0	0	0	10000	10000	10000	10000	10000	10000	10000	3000	3000	1000	3000	3000	3000	3000	3000	3000	3000	1000	1000	10
802	11	1	0	0	7500	2500	0	0	0	0	0	0	0	0	0	0	0	0	0	0	0	0	10000	10000	10000	10000	10000	10000	10000	3000	3000	1000	3000	3000	3000	3000	3000	3000	3000	1000	1000	10
802	12	1	0	0	0	0	7500	1900	600	0	0	0	0	0	0	0	0	0	0	0	0	0	10000	10000	10000	10000	10000	10000	10000	3000	3000	1000	3000	3000	3000	3000	3000	3000	3000	1000	1000	10
802	13	1	0	0	0	0	0	0	0	7500	1900	600	0	0	0	0	0	0	0	0	0	0	10000	10000	10000	10000	10000	10000	10000	3000	3000	1000	3000	3000	3000	3000	3000	3000	3000	1000	1000	10
802	14	1	3750	1250	3750	1250	0	0	0	0	0	0	0	0	0	0	0	0	0	0	0	0	10000	10000	10000	10000	10000	10000	10000	3000	3000	1000	3000	3000	3000	3000	3000	3000	3000	1000	1000	10
812	0	1	10000	0	0	0	0	0	0	0	0	0	0	0	0	0	0	0	0	0	0	0	10000	10000	10000	10000	10000	10000	10000	3000	3000	1000	2000	2000	2000	2000	2000	2000	2000	0	0	0
812	1	1	10000	0	0	0	0	0	0	0	0	0	5	5	5	6	5	6	7	28	42	70	10000	10000	10000	10000	10000	10000	10000	8000	8000	2500	2000	2000	2000	2000	2000	2000	2000	0	0	0
812	2	1	10000	0	0	0	0	0	0	0	0	0	3	3	3	3	3	3	4	15	22	37	10000	10000	10000	10000	10000	10000	10000	8000	8000	2500	8000	8000	8000	8000	8000	8000	8000	4000	4000	0
822	0	1	10000	0	0	0	0	0	0	0	0	0	0	0	0	0	0	0	0	0	0	0	10000	10000	10000	10000	10000	10000	10000	3000	3000	1000	2000	2000	2000	2000	2000	2000	2000	0	0	0
822	1	1	10000	0	0	0	0	0	0	0	0	0	7	7	7	8	7	8	10	50	50	100	9000	9000	9000	9000	9000	9000	9000	5000	5000	2500	100	100	100	100	100	100	100	0	0	0
822	2	1	10000	0	0	0	0	0	0	0	0	0	4	4	4	4	4	4	5	26	26	53	9000	9000	9000	9000	9000	9000	9000	5000	5000	2500	8000	8000	8000	8000	8000	8000	8000	4000	4000	0
832	0	1	10000	0	0	0	0	0	0	0	0	0	0	0	0	0	0	0	0	0	0	0	10000	10000	10000	10000	10000	10000	10000	3000	3000	1000	2000	2000	2000	2000	2000	2000	2000	0	0	0
832	1	1	10000	0	0	0	0	0	0	0	0	0	10	10	10	11	10	11	14	70	70	140	6000	6000	6000	6000	6000	6000	6000	3500	3500	2000	100	100	100	100	100	100	100	0	0	0
832	2	1	10000	0	0	0	0	0	0	0	0	0	5	5	5	6	5	6	7	37	37	74	6000	6000	6000	6000	6000	6000	6000	3500	3500	2000	8000	8000	8000	8000	8000	8000	8000	4000	4000	0
902	0	1	3750	1250	3750	1250	0	0	0	0	0	0	0	0	0	0	0	0	0	0	0	0	10000	10000	10000	10000	10000	10000	10000	3000	3000	1000	3000	3000	3000	3000	3000	3000	3000	1000	1000	10
902	1	1	10000	0	0	0	0	0	0	0	0	0	10000	0	0	7	13	12	20	22	44	88	10000	10000	10000	10000	10000	10000	10000	3000	3000	1000	3000	3000	3000	3000	3000	3000	3000	1000	1000	10
902	2	1	10000	0	0	0	0	0	0	0	0	0	10000	0	0	4	7	6	10	11	22	88	10000	10000	10000	10000	10000	10000	10000	3000	3000	1000	3000	3000	3000	3000	3000	3000	3000	1000	1000	10
902	8	1	0	0	0	0	0	0	0	0	0	10000	10000	0	0	1	1	1	1	1	2	8	10000	10000	10000	10000	10000	10000	10000	3000	3000	1000	0	0	0	0	0	0	0	0	0	0
902	10	1	7500	2500	0	0	0	0	0	0	0	0	0	0	0	0	0	0	0	0	0	0	10000	10000	10000	10000	10000	10000	10000	3000	3000	1000	3000	3000	3000	3000	3000	3000	3000	1000	1000	10
902	11	1	0	0	7500	2500	0	0	0	0	0	0	0	0	0	0	0	0	0	0	0	0	10000	10000	10000	10000	10000	10000	10000	3000	3000	1000	3000	3000	3000	3000	3000	3000	3000	1000	1000	10
902	12	1	0	0	0	0	7500	1900	600	0	0	0	0	0	0	0	0	0	0	0	0	0	10000	10000	10000	10000	10000	10000	10000	3000	3000	1000	3000	3000	3000	3000	3000	3000	3000	1000	1000	10
902	13	1	0	0	0	0	0	0	0	7500	1900	600	0	0	0	0	0	0	0	0	0	0	10000	10000	10000	10000	10000	10000	10000	3000	3000	1000	3000	3000	3000	3000	3000	3000	3000	1000	1000	10
902	14	1	3750	1250	3750	1250	0	0	0	0	0	0	0	0	0	0	0	0	0	0	0	0	10000	10000	10000	10000	10000	10000	10000	3000	3000	1000	3000	3000	3000	3000	3000	3000	3000	1000	1000	10
912	0	1	10000	0	0	0	0	0	0	0	0	0	0	0	0	0	0	0	0	0	0	0	10000	10000	10000	10000	10000	10000	10000	3000	3000	1000	2000	2000	2000	2000	2000	2000	2000	0	0	0
912	1	1	10000	0	0	0	0	0	0	0	0	0	8	8	8	7	8	8	9	36	54	90	10000	10000	10000	10000	10000	10000	10000	8000	8000	2500	2000	2000	2000	2000	2000	2000	2000	0	0	0
912	2	1	10000	0	0	0	0	0	0	0	0	0	5	5	5	5	5	5	6	24	36	60	10000	10000	10000	10000	10000	10000	10000	8000	8000	2500	8000	8000	8000	8000	8000	8000	8000	4000	4000	0
922	0	1	10000	0	0	0	0	0	0	0	0	0	0	0	0	0	0	0	0	0	0	0	10000	10000	10000	10000	10000	10000	10000	3000	3000	1000	2000	2000	2000	2000	2000	2000	2000	0	0	0
922	1	1	10000	0	0	0	0	0	0	0	0	0	11	11	11	10	11	11	13	65	65	130	9000	9000	9000	9000	9000	9000	9000	5000	5000	2500	100	100	100	100	100	100	100	0	0	0
922	2	1	10000	0	0	0	0	0	0	0	0	0	7	7	7	7	7	7	9	43	43	87	9000	9000	9000	9000	9000	9000	9000	5000	5000	2500	8000	8000	8000	8000	8000	8000	8000	4000	4000	0
932	0	1	10000	0	0	0	0	0	0	0	0	0	0	0	0	0	0	0	0	0	0	0	10000	10000	10000	10000	10000	10000	10000	3000	3000	1000	2000	2000	2000	2000	2000	2000	2000	0	0	0
932	1	1	10000	0	0	0	0	0	0	0	0	0	15	15	15	14	15	15	18	90	90	180	6000	6000	6000	6000	6000	6000	6000	3500	3500	2000	100	100	100	100	100	100	100	0	0	0
932	2	1	10000	0	0	0	0	0	0	0	0	0	10	10	10	9	10	10	12	60	60	120	6000	6000	6000	6000	6000	6000	6000	3500	3500	2000	8000	8000	8000	8000	8000	8000	8000	4000	4000	0
103	0	1	1500	500	6000	2000	0	0	0	0	0	0	0	0	0	0	0	0	0	0	0	0	10000	10000	10000	10000	10000	10000	10000	3000	3000	1000	3000	3000	3000	3000	3000	3000	3000	1000	1000	10
103	1	1	10000	0	0	0	0	0	0	0	0	0	10000	0	0	1	1	6	3	3	6	12	10000	10000	10000	10000	10000	10000	10000	3000	3000	1000	3000	3000	3000	3000	3000	3000	3000	1000	1000	10
103	2	1	10000	0	0	0	0	0	0	0	0	0	10000	0	0	1	1	3	3	3	3	12	10000	10000	10000	10000	10000	10000	10000	3000	3000	1000	3000	3000	3000	3000	3000	3000	3000	1000	1000	10
103	8	1	0	0	0	0	0	0	0	0	0	10000	10000	0	0	1	1	1	1	1	2	8	10000	10000	10000	10000	10000	10000	10000	3000	3000	1000	0	0	0	0	0	0	0	0	0	0
103	10	1	7500	2500	0	0	0	0	0	0	0	0	10000	0	0	0	0	0	0	0	0	0	10000	10000	10000	10000	10000	10000	10000	3000	3000	1000	3000	3000	3000	3000	3000	3000	3000	1000	1000	10
103	11	1	0	0	7500	2500	0	0	0	0	0	0	0	0	0	0	0	0	0	0	0	0	10000	10000	10000	10000	10000	10000	10000	3000	3000	1000	3000	3000	3000	3000	3000	3000	3000	1000	1000	10
103	12	1	0	0	0	0	7500	1900	600	0	0	0	0	0	0	0	0	0	0	0	0	0	10000	10000	10000	10000	10000	10000	10000	3000	3000	1000	3000	3000	3000	3000	3000	3000	3000	1000	1000	10
103	13	1	0	0	0	0	0	0	0	7500	1900	600	10000	0	0	0	0	0	0	0	0	0	10000	10000	10000	10000	10000	10000	10000	3000	3000	1000	3000	3000	3000	3000	3000	3000	3000	1000	1000	10
103	14	1	3750	1250	3750	1250	0	0	0	0	0	0	10000	0	0	0	0	0	0	0	0	0	10000	10000	10000	10000	10000	10000	10000	3000	3000	1000	3000	3000	3000	3000	3000	3000	3000	1000	1000	10
113	0	1	10000	0	0	0	0	0	0	0	0	0	0	0	0	0	0	0	0	0	0	0	10000	10000	10000	10000	10000	10000	10000	3000	3000	1000	0	0	0	0	0	0	0	0	0	0
113	1	1	10000	0	0	0	0	0	0	0	0	0	1	1	1	1	1	1	1	4	6	10	10000	10000	10000	10000	10000	10000	10000	10000	10000	2500	0	0	0	0	0	0	0	0	0	0
113	2	1	10000	0	0	0	0	0	0	0	0	0	1	1	1	1	1	1	1	4	6	10	10000	10000	10000	10000	10000	10000	10000	10000	10000	2500	8000	8000	8000	8000	8000	8000	8000	4000	4000	0
203	0	1	3750	1250	3750	1250	0	0	0	0	0	0	0	0	0	0	0	0	0	0	0	0	10000	10000	10000	10000	10000	10000	10000	3000	3000	1000	3000	3000	3000	3000	3000	3000	3000	1000	1000	10
203	1	1	10000	0	0	0	0	0	0	0	0	0	10000	0	0	3	5	5	8	9	18	36	10000	10000	10000	10000	10000	10000	10000	3000	3000	1000	3000	3000	3000	3000	3000	3000	3000	1000	1000	10
203	2	1	10000	0	0	0	0	0	0	0	0	0	10000	0	0	2	3	3	4	5	9	36	10000	10000	10000	10000	10000	10000	10000	3000	3000	1000	3000	3000	3000	3000	3000	3000	3000	1000	1000	10
203	8	1	0	0	0	0	0	0	0	0	0	10000	10000	0	0	1	1	1	1	1	2	8	10000	10000	10000	10000	10000	10000	10000	3000	3000	1000	0	0	0	0	0	0	0	0	0	0
203	10	1	7500	2500	0	0	0	0	0	0	0	0	0	0	0	0	0	0	0	0	0	0	10000	10000	10000	10000	10000	10000	10000	3000	3000	1000	3000	3000	3000	3000	3000	3000	3000	1000	1000	10
203	11	1	0	0	7500	2500	0	0	0	0	0	0	0	0	0	0	0	0	0	0	0	0	10000	10000	10000	10000	10000	10000	10000	3000	3000	1000	3000	3000	3000	3000	3000	3000	3000	1000	1000	10
203	12	1	0	0	0	0	7500	1900	600	0	0	0	0	0	0	0	0	0	0	0	0	0	10000	10000	10000	10000	10000	10000	10000	3000	3000	1000	3000	3000	3000	3000	3000	3000	3000	1000	1000	10
203	13	1	0	0	0	0	0	0	0	7500	1900	600	0	0	0	0	0	0	0	0	0	0	10000	10000	10000	10000	10000	10000	10000	3000	3000	1000	3000	3000	3000	3000	3000	3000	3000	1000	1000	10
203	14	1	3750	1250	3750	1250	0	0	0	0	0	0	0	0	0	0	0	0	0	0	0	0	10000	10000	10000	10000	10000	10000	10000	3000	3000	1000	3000	3000	3000	3000	3000	3000	3000	1000	1000	10
203	20	1	4200	3000	300	2000	400	100	0	0	0	0	0	0	0	0	0	0	0	0	0	0	10000	10000	10000	10000	10000	10000	10000	3000	3000	1000	3000	3000	3000	3000	3000	3000	3000	1000	1000	10
203	21	1	0	0	0	1600	320	80	6000	1600	320	80	0	0	0	0	0	0	0	0	0	0	10000	10000	10000	10000	10000	10000	10000	3000	3000	1000	3000	3000	3000	3000	3000	3000	3000	1000	1000	10
203	22	1	2800	2000	200	3920	784	196	75	20	4	1	0	0	0	0	0	0	0	0	0	0	10000	10000	10000	10000	10000	10000	10000	3000	3000	1000	3000	3000	3000	3000	3000	3000	3000	1000	1000	10
203	23	1	0	0	0	1600	320	80	6000	1600	320	80	0	0	0	0	0	0	0	0	0	0	10000	10000	10000	10000	10000	10000	10000	3000	3000	1000	3000	3000	3000	3000	3000	3000	3000	1000	1000	10
213	0	1	10000	0	0	0	0	0	0	0	0	0	0	0	0	0	0	0	0	0	0	0	10000	10000	10000	10000	10000	10000	10000	3000	3000	1000	2000	2000	2000	2000	2000	2000	2000	0	0	0
213	1	1	10000	0	0	0	0	0	0	0	0	0	3	2	3	2	3	3	4	16	24	40	10000	10000	10000	10000	10000	10000	10000	8000	8000	2500	2000	2000	2000	2000	2000	2000	2000	0	0	0
213	2	1	10000	0	0	0	0	0	0	0	0	0	3	2	3	2	3	3	4	16	24	40	10000	10000	10000	10000	10000	10000	10000	8000	8000	2500	8000	8000	8000	8000	8000	8000	8000	4000	4000	0
223	0	1	10000	0	0	0	0	0	0	0	0	0	0	0	0	0	0	0	0	0	0	0	10000	10000	10000	10000	10000	10000	10000	3000	3000	1000	2000	2000	2000	2000	2000	2000	2000	0	0	0
223	1	1	10000	0	0	0	0	0	0	0	0	0	4	3	4	3	4	4	6	11	12	45	9000	9000	9000	9000	9000	9000	9000	1917	1917	1875	100	100	100	100	100	100	100	0	0	0
223	2	1	10000	0	0	0	0	0	0	0	0	0	4	3	4	3	4	4	6	11	12	45	9000	9000	9000	9000	9000	9000	9000	1917	1917	1875	8000	8000	8000	8000	8000	8000	8000	4000	4000	0
233	0	1	10000	0	0	0	0	0	0	0	0	0	0	0	0	0	0	0	0	0	0	0	10000	10000	10000	10000	10000	10000	10000	3000	3000	1000	2000	2000	2000	2000	2000	2000	2000	0	0	0
233	1	1	10000	0	0	0	0	0	0	0	0	0	6	4	6	4	6	6	8	26	27	80	6000	6000	6000	6000	6000	6000	6000	2319	2319	2000	100	100	100	100	100	100	100	0	0	0
233	2	1	10000	0	0	0	0	0	0	0	0	0	6	4	6	4	6	6	8	26	27	80	6000	6000	6000	6000	6000	6000	6000	2319	2319	2000	8000	8000	8000	8000	8000	8000	8000	4000	4000	0
303	0	1	3750	1250	3750	1250	0	0	0	0	0	0	0	0	0	0	0	0	0	0	0	0	10000	10000	10000	10000	10000	10000	10000	3000	3000	1000	3000	3000	3000	3000	3000	3000	3000	1000	1000	10
303	1	1	10000	0	0	0	0	0	0	0	0	0	10000	0	0	4	8	5	12	9	18	36	10000	10000	10000	10000	10000	10000	10000	3000	3000	1000	3000	3000	3000	3000	3000	3000	3000	1000	1000	10
303	2	1	10000	0	0	0	0	0	0	0	0	0	10000	0	0	2	4	3	6	5	9	36	10000	10000	10000	10000	10000	10000	10000	3000	3000	1000	3000	3000	3000	3000	3000	3000	3000	1000	1000	10
303	8	1	0	0	0	0	0	0	0	0	0	10000	10000	0	0	1	1	1	1	1	2	8	10000	10000	10000	10000	10000	10000	10000	3000	3000	1000	0	0	0	0	0	0	0	0	0	0
303	10	1	7500	2500	0	0	0	0	0	0	0	0	0	0	0	0	0	0	0	0	0	0	10000	10000	10000	10000	10000	10000	10000	3000	3000	1000	3000	3000	3000	3000	3000	3000	3000	1000	1000	10
303	11	1	0	0	7500	2500	0	0	0	0	0	0	0	0	0	0	0	0	0	0	0	0	10000	10000	10000	10000	10000	10000	10000	3000	3000	1000	3000	3000	3000	3000	3000	3000	3000	1000	1000	10
303	12	1	0	0	0	0	7500	1900	600	0	0	0	0	0	0	0	0	0	0	0	0	0	10000	10000	10000	10000	10000	10000	10000	3000	3000	1000	3000	3000	3000	3000	3000	3000	3000	1000	1000	10
303	13	1	0	0	0	0	0	0	0	7500	1900	600	0	0	0	0	0	0	0	0	0	0	10000	10000	10000	10000	10000	10000	10000	3000	3000	1000	3000	3000	3000	3000	3000	3000	3000	1000	1000	10
303	14	1	3750	1250	3750	1250	0	0	0	0	0	0	0	0	0	0	0	0	0	0	0	0	10000	10000	10000	10000	10000	10000	10000	3000	3000	1000	3000	3000	3000	3000	3000	3000	3000	1000	1000	10
303	20	1	4200	3000	300	2000	400	100	0	0	0	0	0	0	0	0	0	0	0	0	0	0	10000	10000	10000	10000	10000	10000	10000	3000	3000	1000	3000	3000	3000	3000	3000	3000	3000	1000	1000	10
303	21	1	0	0	0	1600	320	80	6000	1600	320	80	0	0	0	0	0	0	0	0	0	0	10000	10000	10000	10000	10000	10000	10000	3000	3000	1000	3000	3000	3000	3000	3000	3000	3000	1000	1000	10
303	22	1	2800	2000	200	3920	784	196	75	20	4	1	0	0	0	0	0	0	0	0	0	0	10000	10000	10000	10000	10000	10000	10000	3000	3000	1000	3000	3000	3000	3000	3000	3000	3000	1000	1000	10
303	23	1	0	0	0	1600	320	80	6000	1600	320	80	0	0	0	0	0	0	0	0	0	0	10000	10000	10000	10000	10000	10000	10000	3000	3000	1000	3000	3000	3000	3000	3000	3000	3000	1000	1000	10
313	0	1	10000	0	0	0	0	0	0	0	0	0	0	0	0	0	0	0	0	0	0	0	10000	10000	10000	10000	10000	10000	10000	3000	3000	1000	2000	2000	2000	2000	2000	2000	2000	0	0	0
313	1	1	10000	0	0	0	0	0	0	0	0	0	4	4	5	4	5	5	6	24	36	60	10000	10000	10000	10000	10000	10000	10000	8000	8000	2500	2000	2000	2000	2000	2000	2000	2000	0	0	0
313	2	1	10000	0	0	0	0	0	0	0	0	0	3	3	4	3	4	4	5	20	30	50	10000	10000	10000	10000	10000	10000	10000	8000	8000	2500	8000	8000	8000	8000	8000	8000	8000	4000	4000	0
323	0	1	10000	0	0	0	0	0	0	0	0	0	0	0	0	0	0	0	0	0	0	0	10000	10000	10000	10000	10000	10000	10000	3000	3000	1000	2000	2000	2000	2000	2000	2000	2000	0	0	0
323	1	1	10000	0	0	0	0	0	0	0	0	0	6	6	7	6	7	7	8	15	15	60	9000	9000	9000	9000	9000	9000	9000	1875	1875	1875	100	100	100	100	100	100	100	0	0	0
323	2	1	10000	0	0	0	0	0	0	0	0	0	5	5	6	5	6	6	7	13	13	50	9000	9000	9000	9000	9000	9000	9000	1875	1875	1875	8000	8000	8000	8000	8000	8000	8000	4000	4000	0
333	0	1	10000	0	0	0	0	0	0	0	0	0	0	0	0	0	0	0	0	0	0	0	10000	10000	10000	10000	10000	10000	10000	3000	3000	1000	2000	2000	2000	2000	2000	2000	2000	0	0	0
333	1	1	10000	0	0	0	0	0	0	0	0	0	8	8	10	8	10	10	11	32	33	110	6000	6000	6000	6000	6000	6000	6000	2068	2068	2000	100	100	100	100	100	100	100	0	0	0
333	2	1	10000	0	0	0	0	0	0	0	0	0	7	7	8	7	8	8	9	27	28	92	6000	6000	6000	6000	6000	6000	6000	2068	2068	2000	8000	8000	8000	8000	8000	8000	8000	4000	4000	0
403	0	1	3750	1250	3750	1250	0	0	0	0	0	0	0	0	0	0	0	0	0	0	0	0	10000	10000	10000	10000	10000	10000	10000	3000	3000	1000	3000	3000	3000	3000	3000	3000	3000	1000	1000	10
403	1	1	10000	0	0	0	0	0	0	0	0	0	10000	0	0	6	9	6	14	11	22	44	10000	10000	10000	10000	10000	10000	10000	3000	3000	1000	3000	3000	3000	3000	3000	3000	3000	1000	1000	10
403	2	1	10000	0	0	0	0	0	0	0	0	0	10000	0	0	3	5	3	7	6	11	44	10000	10000	10000	10000	10000	10000	10000	3000	3000	1000	3000	3000	3000	3000	3000	3000	3000	1000	1000	10
403	8	1	0	0	0	0	0	0	0	0	0	10000	10000	0	0	1	1	1	1	1	2	8	10000	10000	10000	10000	10000	10000	10000	3000	3000	1000	0	0	0	0	0	0	0	0	0	0
403	10	1	7500	2500	0	0	0	0	0	0	0	0	0	0	0	0	0	0	0	0	0	0	10000	10000	10000	10000	10000	10000	10000	3000	3000	1000	3000	3000	3000	3000	3000	3000	3000	1000	1000	10
403	11	1	0	0	7500	2500	0	0	0	0	0	0	0	0	0	0	0	0	0	0	0	0	10000	10000	10000	10000	10000	10000	10000	3000	3000	1000	3000	3000	3000	3000	3000	3000	3000	1000	1000	10
403	12	1	0	0	0	0	7500	1900	600	0	0	0	0	0	0	0	0	0	0	0	0	0	10000	10000	10000	10000	10000	10000	10000	3000	3000	1000	3000	3000	3000	3000	3000	3000	3000	1000	1000	10
403	13	1	0	0	0	0	0	0	0	7500	1900	600	0	0	0	0	0	0	0	0	0	0	10000	10000	10000	10000	10000	10000	10000	3000	3000	1000	3000	3000	3000	3000	3000	3000	3000	1000	1000	10
403	14	1	3750	1250	3750	1250	0	0	0	0	0	0	0	0	0	0	0	0	0	0	0	0	10000	10000	10000	10000	10000	10000	10000	3000	3000	1000	3000	3000	3000	3000	3000	3000	3000	1000	1000	10
403	20	1	4200	3000	300	2000	400	100	0	0	0	0	0	0	0	0	0	0	0	0	0	0	10000	10000	10000	10000	10000	10000	10000	3000	3000	1000	3000	3000	3000	3000	3000	3000	3000	1000	1000	10
403	21	1	0	0	0	1600	320	80	6000	1600	320	80	0	0	0	0	0	0	0	0	0	0	10000	10000	10000	10000	10000	10000	10000	3000	3000	1000	3000	3000	3000	3000	3000	3000	3000	1000	1000	10
403	22	1	2800	2000	200	3920	784	196	75	20	4	1	0	0	0	0	0	0	0	0	0	0	10000	10000	10000	10000	10000	10000	10000	3000	3000	1000	3000	3000	3000	3000	3000	3000	3000	1000	1000	10
403	23	1	0	0	0	1600	320	80	6000	1600	320	80	0	0	0	0	0	0	0	0	0	0	10000	10000	10000	10000	10000	10000	10000	3000	3000	1000	3000	3000	3000	3000	3000	3000	3000	1000	1000	10
413	0	1	10000	0	0	0	0	0	0	0	0	0	0	0	0	0	0	0	0	0	0	0	10000	10000	10000	10000	10000	10000	10000	3000	3000	1000	2000	2000	2000	2000	2000	2000	2000	0	0	0
413	1	1	10000	0	0	0	0	0	0	0	0	0	4	4	5	4	5	5	6	24	36	60	10000	10000	10000	10000	10000	10000	10000	8000	8000	2500	2000	2000	2000	2000	2000	2000	2000	0	0	0
413	2	1	10000	0	0	0	0	0	0	0	0	0	2	2	3	2	3	3	3	13	19	32	10000	10000	10000	10000	10000	10000	10000	8000	8000	2500	8000	8000	8000	8000	8000	8000	8000	4000	4000	0
423	0	1	10000	0	0	0	0	0	0	0	0	0	0	0	0	0	0	0	0	0	0	0	10000	10000	10000	10000	10000	10000	10000	3000	3000	1000	2000	2000	2000	2000	2000	2000	2000	0	0	0
423	1	1	10000	0	0	0	0	0	0	0	0	0	6	6	7	6	7	7	8	30	36	80	9000	9000	9000	9000	9000	9000	9000	4125	4125	2500	100	100	100	100	100	100	100	0	0	0
423	2	1	10000	0	0	0	0	0	0	0	0	0	3	3	4	3	4	4	4	16	19	42	9000	9000	9000	9000	9000	9000	9000	4125	4125	2500	8000	8000	8000	8000	8000	8000	8000	4000	4000	0
433	0	1	10000	0	0	0	0	0	0	0	0	0	0	0	0	0	0	0	0	0	0	0	10000	10000	10000	10000	10000	10000	10000	3000	3000	1000	2000	2000	2000	2000	2000	2000	2000	0	0	0
433	1	1	10000	0	0	0	0	0	0	0	0	0	8	8	10	8	10	10	11	47	55	110	6000	6000	6000	6000	6000	6000	6000	3245	3245	2000	100	100	100	100	100	100	100	0	0	0
433	2	1	10000	0	0	0	0	0	0	0	0	0	4	4	5	4	5	5	6	25	29	58	6000	6000	6000	6000	6000	6000	6000	3245	3245	2000	8000	8000	8000	8000	8000	8000	8000	4000	4000	0
503	0	1	3750	1250	3750	1250	0	0	0	0	0	0	0	0	0	0	0	0	0	0	0	0	10000	10000	10000	10000	10000	10000	10000	3000	3000	1000	3000	3000	3000	3000	3000	3000	3000	1000	1000	10
503	1	1	10000	0	0	0	0	0	0	0	0	0	10000	0	0	7	13	12	20	22	44	88	10000	10000	10000	10000	10000	10000	10000	3000	3000	1000	3000	3000	3000	3000	3000	3000	3000	1000	1000	10
503	2	1	10000	0	0	0	0	0	0	0	0	0	10000	0	0	4	7	6	10	11	22	88	10000	10000	10000	10000	10000	10000	10000	3000	3000	1000	3000	3000	3000	3000	3000	3000	3000	1000	1000	10
503	8	1	0	0	0	0	0	0	0	0	0	10000	10000	0	0	1	1	1	1	1	2	8	10000	10000	10000	10000	10000	10000	10000	3000	3000	1000	0	0	0	0	0	0	0	0	0	0
503	10	1	7500	2500	0	0	0	0	0	0	0	0	0	0	0	0	0	0	0	0	0	0	10000	10000	10000	10000	10000	10000	10000	3000	3000	1000	3000	3000	3000	3000	3000	3000	3000	1000	1000	10
503	11	1	0	0	7500	2500	0	0	0	0	0	0	0	0	0	0	0	0	0	0	0	0	10000	10000	10000	10000	10000	10000	10000	3000	3000	1000	3000	3000	3000	3000	3000	3000	3000	1000	1000	10
503	12	1	0	0	0	0	7500	1900	600	0	0	0	0	0	0	0	0	0	0	0	0	0	10000	10000	10000	10000	10000	10000	10000	3000	3000	1000	3000	3000	3000	3000	3000	3000	3000	1000	1000	10
503	13	1	0	0	0	0	0	0	0	7500	1900	600	0	0	0	0	0	0	0	0	0	0	10000	10000	10000	10000	10000	10000	10000	3000	3000	1000	3000	3000	3000	3000	3000	3000	3000	1000	1000	10
503	14	1	3750	1250	3750	1250	0	0	0	0	0	0	0	0	0	0	0	0	0	0	0	0	10000	10000	10000	10000	10000	10000	10000	3000	3000	1000	3000	3000	3000	3000	3000	3000	3000	1000	1000	10
503	20	1	4900	3500	350	1000	200	50	0	0	0	0	0	0	0	0	0	0	0	0	0	0	10000	10000	10000	10000	10000	10000	10000	3000	3000	1000	3000	3000	3000	3000	3000	3000	3000	1000	1000	10
503	21	1	0	0	0	1600	320	80	6000	1600	320	80	0	0	0	0	0	0	0	0	0	0	10000	10000	10000	10000	10000	10000	10000	3000	3000	1000	3000	3000	3000	3000	3000	3000	3000	1000	1000	10
503	22	1	4200	3000	300	1960	392	98	38	10	2	1	0	0	0	0	0	0	0	0	0	0	10000	10000	10000	10000	10000	10000	10000	3000	3000	1000	3000	3000	3000	3000	3000	3000	3000	1000	1000	10
503	23	1	0	0	0	1600	320	80	6000	1600	320	80	0	0	0	0	0	0	0	0	0	0	10000	10000	10000	10000	10000	10000	10000	3000	3000	1000	3000	3000	3000	3000	3000	3000	3000	1000	1000	10
513	0	1	10000	0	0	0	0	0	0	0	0	0	0	0	0	0	0	0	0	0	0	0	10000	10000	10000	10000	10000	10000	10000	3000	3000	1000	2000	2000	2000	2000	2000	2000	2000	0	0	0
513	1	1	10000	0	0	0	0	0	0	0	0	0	5	5	5	6	5	6	7	28	42	70	10000	10000	10000	10000	10000	10000	10000	8000	8000	2500	2000	2000	2000	2000	2000	2000	2000	0	0	0
513	2	1	10000	0	0	0	0	0	0	0	0	0	3	3	3	3	3	3	4	15	22	37	10000	10000	10000	10000	10000	10000	10000	8000	8000	2500	8000	8000	8000	8000	8000	8000	8000	4000	4000	0
523	0	1	10000	0	0	0	0	0	0	0	0	0	0	0	0	0	0	0	0	0	0	0	10000	10000	10000	10000	10000	10000	10000	3000	3000	1000	2000	2000	2000	2000	2000	2000	2000	0	0	0
523	1	1	10000	0	0	0	0	0	0	0	0	0	7	7	7	8	7	8	10	39	38	100	9000	9000	9000	9000	9000	9000	9000	3850	3850	2500	100	100	100	100	100	100	100	0	0	0
523	2	1	10000	0	0	0	0	0	0	0	0	0	4	4	4	4	4	4	5	21	20	53	9000	9000	9000	9000	9000	9000	9000	3850	3850	2500	8000	8000	8000	8000	8000	8000	8000	4000	4000	0
533	0	1	10000	0	0	0	0	0	0	0	0	0	0	0	0	0	0	0	0	0	0	0	10000	10000	10000	10000	10000	10000	10000	3000	3000	1000	2000	2000	2000	2000	2000	2000	2000	0	0	0
533	1	1	10000	0	0	0	0	0	0	0	0	0	10	10	10	11	10	11	14	54	53	140	6000	6000	6000	6000	6000	6000	6000	2675	2675	2000	100	100	100	100	100	100	100	0	0	0
533	2	1	10000	0	0	0	0	0	0	0	0	0	5	5	5	6	5	6	7	28	28	74	6000	6000	6000	6000	6000	6000	6000	2675	2675	2000	8000	8000	8000	8000	8000	8000	8000	4000	4000	0
603	0	1	3750	1250	3750	1250	0	0	0	0	0	0	0	0	0	0	0	0	0	0	0	0	10000	10000	10000	10000	10000	10000	10000	3000	3000	1000	3000	3000	3000	3000	3000	3000	3000	1000	1000	10
603	1	1	10000	0	0	0	0	0	0	0	0	0	10000	0	0	10	15	16	23	29	58	116	10000	10000	10000	10000	10000	10000	10000	3000	3000	1000	3000	3000	3000	3000	3000	3000	3000	1000	1000	10
603	2	1	10000	0	0	0	0	0	0	0	0	0	10000	0	0	5	8	8	12	15	29	116	10000	10000	10000	10000	10000	10000	10000	3000	3000	1000	3000	3000	3000	3000	3000	3000	3000	1000	1000	10
603	8	1	0	0	0	0	0	0	0	0	0	10000	10000	0	0	1	1	1	1	1	2	8	10000	10000	10000	10000	10000	10000	10000	3000	3000	1000	0	0	0	0	0	0	0	0	0	0
603	10	1	7500	2500	0	0	0	0	0	0	0	0	0	0	0	0	0	0	0	0	0	0	10000	10000	10000	10000	10000	10000	10000	3000	3000	1000	3000	3000	3000	3000	3000	3000	3000	1000	1000	10
603	11	1	0	0	7500	2500	0	0	0	0	0	0	0	0	0	0	0	0	0	0	0	0	10000	10000	10000	10000	10000	10000	10000	3000	3000	1000	3000	3000	3000	3000	3000	3000	3000	1000	1000	10
603	12	1	0	0	0	0	7500	1900	600	0	0	0	0	0	0	0	0	0	0	0	0	0	10000	10000	10000	10000	10000	10000	10000	3000	3000	1000	3000	3000	3000	3000	3000	3000	3000	1000	1000	10
603	13	1	0	0	0	0	0	0	0	7500	1900	600	0	0	0	0	0	0	0	0	0	0	10000	10000	10000	10000	10000	10000	10000	3000	3000	1000	3000	3000	3000	3000	3000	3000	3000	1000	1000	10
603	14	1	3750	1250	3750	1250	0	0	0	0	0	0	0	0	0	0	0	0	0	0	0	0	10000	10000	10000	10000	10000	10000	10000	3000	3000	1000	3000	3000	3000	3000	3000	3000	3000	1000	1000	10
603	20	1	4900	3500	350	1000	200	50	0	0	0	0	0	0	0	0	0	0	0	0	0	0	10000	10000	10000	10000	10000	10000	10000	3000	3000	1000	3000	3000	3000	3000	3000	3000	3000	1000	1000	10
603	21	1	0	0	0	1600	320	80	6000	1600	320	80	0	0	0	0	0	0	0	0	0	0	10000	10000	10000	10000	10000	10000	10000	3000	3000	1000	3000	3000	3000	3000	3000	3000	3000	1000	1000	10
603	22	1	4200	3000	300	1960	392	98	38	10	2	1	0	0	0	0	0	0	0	0	0	0	10000	10000	10000	10000	10000	10000	10000	3000	3000	1000	3000	3000	3000	3000	3000	3000	3000	1000	1000	10
603	23	1	0	0	0	1600	320	80	6000	1600	320	80	0	0	0	0	0	0	0	0	0	0	10000	10000	10000	10000	10000	10000	10000	3000	3000	1000	3000	3000	3000	3000	3000	3000	3000	1000	1000	10
613	0	1	10000	0	0	0	0	0	0	0	0	0	0	0	0	0	0	0	0	0	0	0	10000	10000	10000	10000	10000	10000	10000	3000	3000	1000	2000	2000	2000	2000	2000	2000	2000	0	0	0
613	1	1	10000	0	0	0	0	0	0	0	0	0	8	8	8	7	8	8	9	36	54	90	10000	10000	10000	10000	10000	10000	10000	8000	8000	2500	2000	2000	2000	2000	2000	2000	2000	0	0	0
613	2	1	10000	0	0	0	0	0	0	0	0	0	4	4	4	3	4	4	4	16	25	41	10000	10000	10000	10000	10000	10000	10000	8000	8000	2500	8000	8000	8000	8000	8000	8000	8000	4000	4000	0
623	0	1	10000	0	0	0	0	0	0	0	0	0	0	0	0	0	0	0	0	0	0	0	10000	10000	10000	10000	10000	10000	10000	3000	3000	1000	2000	2000	2000	2000	2000	2000	2000	0	0	0
623	1	1	10000	0	0	0	0	0	0	0	0	0	11	11	11	10	11	11	13	57	57	130	9000	9000	9000	9000	9000	9000	9000	4385	4385	2500	100	100	100	100	100	100	100	0	0	0
623	2	1	10000	0	0	0	0	0	0	0	0	0	5	5	5	5	5	5	6	26	26	59	9000	9000	9000	9000	9000	9000	9000	4385	4385	2500	8000	8000	8000	8000	8000	8000	8000	4000	4000	0
633	0	1	10000	0	0	0	0	0	0	0	0	0	0	0	0	0	0	0	0	0	0	0	10000	10000	10000	10000	10000	10000	10000	3000	3000	1000	2000	2000	2000	2000	2000	2000	2000	0	0	0
633	1	1	10000	0	0	0	0	0	0	0	0	0	15	15	15	14	15	15	18	72	72	180	6000	6000	6000	6000	6000	6000	6000	2800	2800	2000	100	100	100	100	100	100	100	0	0	0
633	2	1	10000	0	0	0	0	0	0	0	0	0	7	7	7	6	7	7	8	33	33	82	6000	6000	6000	6000	6000	6000	6000	2800	2800	2000	8000	8000	8000	8000	8000	8000	8000	4000	4000	0
703	0	1	3750	1250	3750	1250	0	0	0	0	0	0	0	0	0	0	0	0	0	0	0	0	10000	10000	10000	10000	10000	10000	10000	3000	3000	1000	3000	3000	3000	3000	3000	3000	3000	1000	1000	10
703	1	1	10000	0	0	0	0	0	0	0	0	0	10000	0	0	6	9	6	14	11	22	44	10000	10000	10000	10000	10000	10000	10000	3000	3000	1000	3000	3000	3000	3000	3000	3000	3000	1000	1000	10
703	2	1	10000	0	0	0	0	0	0	0	0	0	10000	0	0	3	5	3	7	6	11	44	10000	10000	10000	10000	10000	10000	10000	3000	3000	1000	3000	3000	3000	3000	3000	3000	3000	1000	1000	10
703	8	1	0	0	0	0	0	0	0	0	0	10000	10000	0	0	1	1	1	1	1	2	8	10000	10000	10000	10000	10000	10000	10000	3000	3000	1000	0	0	0	0	0	0	0	0	0	0
703	10	1	7500	2500	0	0	0	0	0	0	0	0	0	0	0	0	0	0	0	0	0	0	10000	10000	10000	10000	10000	10000	10000	3000	3000	1000	3000	3000	3000	3000	3000	3000	3000	1000	1000	10
703	11	1	0	0	7500	2500	0	0	0	0	0	0	0	0	0	0	0	0	0	0	0	0	10000	10000	10000	10000	10000	10000	10000	3000	3000	1000	3000	3000	3000	3000	3000	3000	3000	1000	1000	10
703	12	1	0	0	0	0	7500	1900	600	0	0	0	0	0	0	0	0	0	0	0	0	0	10000	10000	10000	10000	10000	10000	10000	3000	3000	1000	3000	3000	3000	3000	3000	3000	3000	1000	1000	10
703	13	1	0	0	0	0	0	0	0	7500	1900	600	0	0	0	0	0	0	0	0	0	0	10000	10000	10000	10000	10000	10000	10000	3000	3000	1000	3000	3000	3000	3000	3000	3000	3000	1000	1000	10
703	14	1	3750	1250	3750	1250	0	0	0	0	0	0	0	0	0	0	0	0	0	0	0	0	10000	10000	10000	10000	10000	10000	10000	3000	3000	1000	3000	3000	3000	3000	3000	3000	3000	1000	1000	10
703	20	1	4200	3000	300	2000	400	100	0	0	0	0	0	0	0	0	0	0	0	0	0	0	10000	10000	10000	10000	10000	10000	10000	3000	3000	1000	3000	3000	3000	3000	3000	3000	3000	1000	1000	10
703	21	1	0	0	0	1600	320	80	6000	1600	320	80	0	0	0	0	0	0	0	0	0	0	10000	10000	10000	10000	10000	10000	10000	3000	3000	1000	3000	3000	3000	3000	3000	3000	3000	1000	1000	10
703	22	1	2800	2000	200	3920	784	196	75	20	4	1	0	0	0	0	0	0	0	0	0	0	10000	10000	10000	10000	10000	10000	10000	3000	3000	1000	3000	3000	3000	3000	3000	3000	3000	1000	1000	10
703	23	1	0	0	0	1600	320	80	6000	1600	320	80	0	0	0	0	0	0	0	0	0	0	10000	10000	10000	10000	10000	10000	10000	3000	3000	1000	3000	3000	3000	3000	3000	3000	3000	1000	1000	10
713	0	1	10000	0	0	0	0	0	0	0	0	0	0	0	0	0	0	0	0	0	0	0	10000	10000	10000	10000	10000	10000	10000	3000	3000	1000	2000	2000	2000	2000	2000	2000	2000	0	0	0
713	1	1	10000	0	0	0	0	0	0	0	0	0	4	4	5	4	5	5	6	24	36	60	10000	10000	10000	10000	10000	10000	10000	8000	8000	2500	2000	2000	2000	2000	2000	2000	2000	0	0	0
713	2	1	10000	0	0	0	0	0	0	0	0	0	2	2	3	2	3	3	3	13	19	32	10000	10000	10000	10000	10000	10000	10000	8000	8000	2500	8000	8000	8000	8000	8000	8000	8000	4000	4000	0
723	0	1	10000	0	0	0	0	0	0	0	0	0	0	0	0	0	0	0	0	0	0	0	10000	10000	10000	10000	10000	10000	10000	3000	3000	1000	2000	2000	2000	2000	2000	2000	2000	0	0	0
723	1	1	10000	0	0	0	0	0	0	0	0	0	6	6	7	6	7	7	8	40	40	80	9000	9000	9000	9000	9000	9000	9000	5000	5000	2500	100	100	100	100	100	100	100	0	0	0
723	2	1	10000	0	0	0	0	0	0	0	0	0	3	3	4	3	4	4	4	21	21	42	9000	9000	9000	9000	9000	9000	9000	5000	5000	2500	8000	8000	8000	8000	8000	8000	8000	4000	4000	0
733	0	1	10000	0	0	0	0	0	0	0	0	0	0	0	0	0	0	0	0	0	0	0	10000	10000	10000	10000	10000	10000	10000	3000	3000	1000	2000	2000	2000	2000	2000	2000	2000	0	0	0
733	1	1	10000	0	0	0	0	0	0	0	0	0	8	8	10	8	10	10	11	55	55	110	6000	6000	6000	6000	6000	6000	6000	3500	3500	2000	100	100	100	100	100	100	100	0	0	0
733	2	1	10000	0	0	0	0	0	0	0	0	0	4	4	5	4	5	5	6	29	29	58	6000	6000	6000	6000	6000	6000	6000	3500	3500	2000	8000	8000	8000	8000	8000	8000	8000	4000	4000	0
803	0	1	3750	1250	3750	1250	0	0	0	0	0	0	0	0	0	0	0	0	0	0	0	0	10000	10000	10000	10000	10000	10000	10000	3000	3000	1000	3000	3000	3000	3000	3000	3000	3000	1000	1000	10
803	1	1	10000	0	0	0	0	0	0	0	0	0	10000	0	0	7	13	12	20	22	44	88	10000	10000	10000	10000	10000	10000	10000	3000	3000	1000	3000	3000	3000	3000	3000	3000	3000	1000	1000	10
803	2	1	10000	0	0	0	0	0	0	0	0	0	10000	0	0	4	7	6	10	11	22	88	10000	10000	10000	10000	10000	10000	10000	3000	3000	1000	3000	3000	3000	3000	3000	3000	3000	1000	1000	10
803	8	1	0	0	0	0	0	0	0	0	0	10000	10000	0	0	1	1	1	1	1	2	8	10000	10000	10000	10000	10000	10000	10000	3000	3000	1000	0	0	0	0	0	0	0	0	0	0
803	10	1	7500	2500	0	0	0	0	0	0	0	0	0	0	0	0	0	0	0	0	0	0	10000	10000	10000	10000	10000	10000	10000	3000	3000	1000	3000	3000	3000	3000	3000	3000	3000	1000	1000	10
803	11	1	0	0	7500	2500	0	0	0	0	0	0	0	0	0	0	0	0	0	0	0	0	10000	10000	10000	10000	10000	10000	10000	3000	3000	1000	3000	3000	3000	3000	3000	3000	3000	1000	1000	10
803	12	1	0	0	0	0	7500	1900	600	0	0	0	0	0	0	0	0	0	0	0	0	0	10000	10000	10000	10000	10000	10000	10000	3000	3000	1000	3000	3000	3000	3000	3000	3000	3000	1000	1000	10
803	13	1	0	0	0	0	0	0	0	7500	1900	600	0	0	0	0	0	0	0	0	0	0	10000	10000	10000	10000	10000	10000	10000	3000	3000	1000	3000	3000	3000	3000	3000	3000	3000	1000	1000	10
803	14	1	3750	1250	3750	1250	0	0	0	0	0	0	0	0	0	0	0	0	0	0	0	0	10000	10000	10000	10000	10000	10000	10000	3000	3000	1000	3000	3000	3000	3000	3000	3000	3000	1000	1000	10
803	20	1	4900	3500	350	1000	200	50	0	0	0	0	0	0	0	0	0	0	0	0	0	0	10000	10000	10000	10000	10000	10000	10000	3000	3000	1000	3000	3000	3000	3000	3000	3000	3000	1000	1000	10
803	21	1	0	0	0	1600	320	80	6000	1600	320	80	0	0	0	0	0	0	0	0	0	0	10000	10000	10000	10000	10000	10000	10000	3000	3000	1000	3000	3000	3000	3000	3000	3000	3000	1000	1000	10
803	22	1	4200	3000	300	1960	392	98	38	10	2	1	0	0	0	0	0	0	0	0	0	0	10000	10000	10000	10000	10000	10000	10000	3000	3000	1000	3000	3000	3000	3000	3000	3000	3000	1000	1000	10
803	23	1	0	0	0	1600	320	80	6000	1600	320	80	0	0	0	0	0	0	0	0	0	0	10000	10000	10000	10000	10000	10000	10000	3000	3000	1000	3000	3000	3000	3000	3000	3000	3000	1000	1000	10
813	0	1	10000	0	0	0	0	0	0	0	0	0	0	0	0	0	0	0	0	0	0	0	10000	10000	10000	10000	10000	10000	10000	3000	3000	1000	2000	2000	2000	2000	2000	2000	2000	0	0	0
813	1	1	10000	0	0	0	0	0	0	0	0	0	5	5	5	6	5	6	7	28	42	70	10000	10000	10000	10000	10000	10000	10000	8000	8000	2500	2000	2000	2000	2000	2000	2000	2000	0	0	0
813	2	1	10000	0	0	0	0	0	0	0	0	0	3	3	3	3	3	3	4	15	22	37	10000	10000	10000	10000	10000	10000	10000	8000	8000	2500	8000	8000	8000	8000	8000	8000	8000	4000	4000	0
823	0	1	10000	0	0	0	0	0	0	0	0	0	0	0	0	0	0	0	0	0	0	0	10000	10000	10000	10000	10000	10000	10000	3000	3000	1000	2000	2000	2000	2000	2000	2000	2000	0	0	0
823	1	1	10000	0	0	0	0	0	0	0	0	0	7	7	7	8	7	8	10	50	50	100	9000	9000	9000	9000	9000	9000	9000	5000	5000	2500	100	100	100	100	100	100	100	0	0	0
823	2	1	10000	0	0	0	0	0	0	0	0	0	4	4	4	4	4	4	5	26	26	53	9000	9000	9000	9000	9000	9000	9000	5000	5000	2500	8000	8000	8000	8000	8000	8000	8000	4000	4000	0
833	0	1	10000	0	0	0	0	0	0	0	0	0	0	0	0	0	0	0	0	0	0	0	10000	10000	10000	10000	10000	10000	10000	3000	3000	1000	2000	2000	2000	2000	2000	2000	2000	0	0	0
833	1	1	10000	0	0	0	0	0	0	0	0	0	10	10	10	11	10	11	14	70	70	140	6000	6000	6000	6000	6000	6000	6000	3500	3500	2000	100	100	100	100	100	100	100	0	0	0
833	2	1	10000	0	0	0	0	0	0	0	0	0	5	5	5	6	5	6	7	37	37	74	6000	6000	6000	6000	6000	6000	6000	3500	3500	2000	8000	8000	8000	8000	8000	8000	8000	4000	4000	0
903	0	1	3750	1250	3750	1250	0	0	0	0	0	0	0	0	0	0	0	0	0	0	0	0	10000	10000	10000	10000	10000	10000	10000	3000	3000	1000	3000	3000	3000	3000	3000	3000	3000	1000	1000	10
903	1	1	10000	0	0	0	0	0	0	0	0	0	10000	0	0	10	15	16	23	29	58	116	10000	10000	10000	10000	10000	10000	10000	3000	3000	1000	3000	3000	3000	3000	3000	3000	3000	1000	1000	10
903	2	1	10000	0	0	0	0	0	0	0	0	0	10000	0	0	5	8	8	12	15	29	116	10000	10000	10000	10000	10000	10000	10000	3000	3000	1000	3000	3000	3000	3000	3000	3000	3000	1000	1000	10
903	8	1	0	0	0	0	0	0	0	0	0	10000	10000	0	0	1	1	1	1	1	2	8	10000	10000	10000	10000	10000	10000	10000	3000	3000	1000	0	0	0	0	0	0	0	0	0	0
903	10	1	7500	2500	0	0	0	0	0	0	0	0	0	0	0	0	0	0	0	0	0	0	10000	10000	10000	10000	10000	10000	10000	3000	3000	1000	3000	3000	3000	3000	3000	3000	3000	1000	1000	10
903	11	1	0	0	7500	2500	0	0	0	0	0	0	0	0	0	0	0	0	0	0	0	0	10000	10000	10000	10000	10000	10000	10000	3000	3000	1000	3000	3000	3000	3000	3000	3000	3000	1000	1000	10
903	12	1	0	0	0	0	7500	1900	600	0	0	0	0	0	0	0	0	0	0	0	0	0	10000	10000	10000	10000	10000	10000	10000	3000	3000	1000	3000	3000	3000	3000	3000	3000	3000	1000	1000	10
903	13	1	0	0	0	0	0	0	0	7500	1900	600	0	0	0	0	0	0	0	0	0	0	10000	10000	10000	10000	10000	10000	10000	3000	3000	1000	3000	3000	3000	3000	3000	3000	3000	1000	1000	10
903	14	1	3750	1250	3750	1250	0	0	0	0	0	0	0	0	0	0	0	0	0	0	0	0	10000	10000	10000	10000	10000	10000	10000	3000	3000	1000	3000	3000	3000	3000	3000	3000	3000	1000	1000	10
903	20	1	4900	3500	350	1000	200	50	0	0	0	0	0	0	0	0	0	0	0	0	0	0	10000	10000	10000	10000	10000	10000	10000	3000	3000	1000	3000	3000	3000	3000	3000	3000	3000	1000	1000	10
903	21	1	0	0	0	1600	320	80	6000	1600	320	80	0	0	0	0	0	0	0	0	0	0	10000	10000	10000	10000	10000	10000	10000	3000	3000	1000	3000	3000	3000	3000	3000	3000	3000	1000	1000	10
903	22	1	4200	3000	300	1960	392	98	38	10	2	1	0	0	0	0	0	0	0	0	0	0	10000	10000	10000	10000	10000	10000	10000	3000	3000	1000	3000	3000	3000	3000	3000	3000	3000	1000	1000	10
903	23	1	0	0	0	1600	320	80	6000	1600	320	80	0	0	0	0	0	0	0	0	0	0	10000	10000	10000	10000	10000	10000	10000	3000	3000	1000	3000	3000	3000	3000	3000	3000	3000	1000	1000	10
913	0	1	10000	0	0	0	0	0	0	0	0	0	0	0	0	0	0	0	0	0	0	0	10000	10000	10000	10000	10000	10000	10000	3000	3000	1000	2000	2000	2000	2000	2000	2000	2000	0	0	0
913	1	1	10000	0	0	0	0	0	0	0	0	0	8	8	8	7	8	8	9	36	54	90	10000	10000	10000	10000	10000	10000	10000	8000	8000	2500	2000	2000	2000	2000	2000	2000	2000	0	0	0
913	2	1	10000	0	0	0	0	0	0	0	0	0	5	5	5	5	5	5	6	24	36	60	10000	10000	10000	10000	10000	10000	10000	8000	8000	2500	8000	8000	8000	8000	8000	8000	8000	4000	4000	0
923	0	1	10000	0	0	0	0	0	0	0	0	0	0	0	0	0	0	0	0	0	0	0	10000	10000	10000	10000	10000	10000	10000	3000	3000	1000	2000	2000	2000	2000	2000	2000	2000	0	0	0
923	1	1	10000	0	0	0	0	0	0	0	0	0	11	11	11	10	11	11	13	65	65	130	9000	9000	9000	9000	9000	9000	9000	5000	5000	2500	100	100	100	100	100	100	100	0	0	0
923	2	1	10000	0	0	0	0	0	0	0	0	0	7	7	7	7	7	7	9	43	43	87	9000	9000	9000	9000	9000	9000	9000	5000	5000	2500	8000	8000	8000	8000	8000	8000	8000	4000	4000	0
933	0	1	10000	0	0	0	0	0	0	0	0	0	0	0	0	0	0	0	0	0	0	0	10000	10000	10000	10000	10000	10000	10000	3000	3000	1000	2000	2000	2000	2000	2000	2000	2000	0	0	0
933	1	1	10000	0	0	0	0	0	0	0	0	0	15	15	15	14	15	15	18	90	90	180	6000	6000	6000	6000	6000	6000	6000	3500	3500	2000	100	100	100	100	100	100	100	0	0	0
933	2	1	10000	0	0	0	0	0	0	0	0	0	10	10	10	9	10	10	12	60	60	120	6000	6000	6000	6000	6000	6000	6000	3500	3500	2000	8000	8000	8000	8000	8000	8000	8000	4000	4000	0
224	0	1	0	0	0	0	0	0	10000	0	0	0	0	0	0	0	0	0	0	0	0	0	10000	10000	10000	10000	10000	10000	10000	3000	3000	1000	3000	3000	3000	3000	3000	3000	3000	1000	1000	10
324	0	1	0	0	0	0	0	0	10000	0	0	0	0	0	0	0	0	0	0	0	0	0	10000	10000	10000	10000	10000	10000	10000	3000	3000	1000	3000	3000	3000	3000	3000	3000	3000	1000	1000	10
424	0	1	0	0	0	0	0	0	10000	0	0	0	0	0	0	0	0	0	0	0	0	0	10000	10000	10000	10000	10000	10000	10000	3000	3000	1000	3000	3000	3000	3000	3000	3000	3000	1000	1000	10
524	0	1	0	0	0	0	0	0	10000	0	0	0	0	0	0	0	0	0	0	0	0	0	10000	10000	10000	10000	10000	10000	10000	3000	3000	1000	3000	3000	3000	3000	3000	3000	3000	1000	1000	10
624	0	1	0	0	0	0	0	0	10000	0	0	0	0	0	0	0	0	0	0	0	0	0	10000	10000	10000	10000	10000	10000	10000	3000	3000	1000	3000	3000	3000	3000	3000	3000	3000	1000	1000	10
724	0	1	0	0	0	0	0	0	10000	0	0	0	0	0	0	0	0	0	0	0	0	0	10000	10000	10000	10000	10000	10000	10000	3000	3000	1000	3000	3000	3000	3000	3000	3000	3000	1000	1000	10
824	0	1	0	0	0	0	0	0	10000	0	0	0	0	0	0	0	0	0	0	0	0	0	10000	10000	10000	10000	10000	10000	10000	3000	3000	1000	3000	3000	3000	3000	3000	3000	3000	1000	1000	10
924	0	1	0	0	0	0	0	0	10000	0	0	0	0	0	0	0	0	0	0	0	0	0	10000	10000	10000	10000	10000	10000	10000	3000	3000	1000	3000	3000	3000	3000	3000	3000	3000	1000	1000	10
225	0	1	0	0	0	0	0	0	0	0	0	10000	0	0	0	0	0	0	0	0	0	0	10000	10000	10000	10000	10000	10000	10000	3000	3000	1000	3000	3000	3000	3000	3000	3000	3000	1000	1000	10
325	0	1	0	0	0	0	0	0	0	0	0	10000	0	0	0	0	0	0	0	0	0	0	10000	10000	10000	10000	10000	10000	10000	3000	3000	1000	3000	3000	3000	3000	3000	3000	3000	1000	1000	10
425	0	1	0	0	0	0	0	0	0	0	0	10000	0	0	0	0	0	0	0	0	0	0	10000	10000	10000	10000	10000	10000	10000	3000	3000	1000	3000	3000	3000	3000	3000	3000	3000	1000	1000	10
525	0	1	0	0	0	0	0	0	0	0	0	10000	0	0	0	0	0	0	0	0	0	0	10000	10000	10000	10000	10000	10000	10000	3000	3000	1000	3000	3000	3000	3000	3000	3000	3000	1000	1000	10
625	0	1	0	0	0	0	0	0	0	0	0	10000	0	0	0	0	0	0	0	0	0	0	10000	10000	10000	10000	10000	10000	10000	3000	3000	1000	3000	3000	3000	3000	3000	3000	3000	1000	1000	10
725	0	1	0	0	0	0	0	0	0	0	0	10000	0	0	0	0	0	0	0	0	0	0	10000	10000	10000	10000	10000	10000	10000	3000	3000	1000	3000	3000	3000	3000	3000	3000	3000	1000	1000	10
825	0	1	0	0	0	0	0	0	0	0	0	10000	0	0	0	0	0	0	0	0	0	0	10000	10000	10000	10000	10000	10000	10000	3000	3000	1000	3000	3000	3000	3000	3000	3000	3000	1000	1000	10
925	0	1	0	0	0	0	0	0	0	0	0	10000	0	0	0	0	0	0	0	0	0	0	10000	10000	10000	10000	10000	10000	10000	3000	3000	1000	3000	3000	3000	3000	3000	3000	3000	1000	1000	10
1101	0	1	0	0	0	0	0	0	0	0	0	10000	0	0	0	0	0	0	0	0	0	0	10000	10000	10000	10000	10000	10000	10000	3000	3000	1000	3000	3000	3000	3000	3000	3000	3000	1000	1000	10
1301	0	1	500	500	2000	2900	2000	1500	500	76	20	4	0	0	0	0	0	0	0	0	0	0	10000	10000	10000	10000	10000	10000	10000	3000	3000	1000	3000	3000	3000	3000	3000	3000	3000	1000	1000	10
1401	0	1	500	1500	3000	2900	1500	400	150	38	10	2	0	0	0	0	0	0	0	0	0	0	10000	10000	10000	10000	10000	10000	10000	3000	3000	1000	3000	3000	3000	3000	3000	3000	3000	1000	1000	10
2011	0	1	10000	0	0	0	0	0	0	0	0	0	2	2	4	6	9	12	30	30	50	100	10000	10000	10000	10000	10000	10000	10000	8000	8000	2500	0	0	0	0	0	0	0	0	0	0
2012	0	1	10000	0	0	0	0	0	0	0	0	0	4	4	8	12	18	24	30	30	50	100	10000	10000	10000	10000	10000	10000	10000	8000	8000	2500	0	0	0	0	0	0	0	0	0	0
