法器共鸣ID(流水号即可)	共鸣副ID(表示职业)	共鸣等级	有效标志位	magic_item_id_1法器ID1	magic_item_id_2法器ID2	magic_item_id_3法器ID3	magic_item_id_4法器ID4	magic_item_id_5法器ID5	attr_type1属性类型1	attr_value1属性值1	attr_type2属性类型2	attr_value2属性值2	attr_type3属性类型3	attr_value3属性值3	attr_type4属性类型4	attr_value4属性值4	增加战力值	共鸣名称
[K][C][S]ID	[K][C][S]second_id	[K][C][S]level	[S]	[C][S]Item_ID1	[C][S]Item_ID2	[C][S]Item_ID3	[C][S]Item_ID4	[C][S]Item_ID5	[C][S]Attr_Type1	[C][S]Attr_Value1	[C][S]Attr_Type2	[C][S]Attr_Value2	[C][S]Attr_Type3	[C][S]Attr_Value3	[C][S]Attr_Type4	[C][S]Attr_Value4	[S]	[C]MagicName
1	11	1	1	500203	500205	0	0	0	7	150	0	0	0	0	0	0	0	1级乾坤
1	11	2	1	500203	500205	0	0	0	7	158	0	0	0	0	0	0	0	2级乾坤
1	11	3	1	500203	500205	0	0	0	7	166	0	0	0	0	0	0	0	3级乾坤
1	11	4	1	500203	500205	0	0	0	7	174	0	0	0	0	0	0	0	4级乾坤
1	11	5	1	500203	500205	0	0	0	7	183	0	0	0	0	0	0	0	5级乾坤
1	11	6	1	500203	500205	0	0	0	7	192	0	0	0	0	0	0	0	6级乾坤
1	11	7	1	500203	500205	0	0	0	7	202	0	0	0	0	0	0	0	7级乾坤
1	11	8	1	500203	500205	0	0	0	7	212	0	0	0	0	0	0	0	8级乾坤
1	11	9	1	500203	500205	0	0	0	7	223	0	0	0	0	0	0	0	9级乾坤
1	11	10	1	500203	500205	0	0	0	7	234	0	0	0	0	0	0	0	10级乾坤
1	21	1	1	500203	500205	0	0	0	7	150	0	0	0	0	0	0	0	1级乾坤
1	21	2	1	500203	500205	0	0	0	7	158	0	0	0	0	0	0	0	2级乾坤
1	21	3	1	500203	500205	0	0	0	7	166	0	0	0	0	0	0	0	3级乾坤
1	21	4	1	500203	500205	0	0	0	7	174	0	0	0	0	0	0	0	4级乾坤
1	21	5	1	500203	500205	0	0	0	7	183	0	0	0	0	0	0	0	5级乾坤
1	21	6	1	500203	500205	0	0	0	7	192	0	0	0	0	0	0	0	6级乾坤
1	21	7	1	500203	500205	0	0	0	7	202	0	0	0	0	0	0	0	7级乾坤
1	21	8	1	500203	500205	0	0	0	7	212	0	0	0	0	0	0	0	8级乾坤
1	21	9	1	500203	500205	0	0	0	7	223	0	0	0	0	0	0	0	9级乾坤
1	21	10	1	500203	500205	0	0	0	7	234	0	0	0	0	0	0	0	10级乾坤
1	31	1	1	500203	500205	0	0	0	7	150	0	0	0	0	0	0	0	1级乾坤
1	31	2	1	500203	500205	0	0	0	7	158	0	0	0	0	0	0	0	2级乾坤
1	31	3	1	500203	500205	0	0	0	7	166	0	0	0	0	0	0	0	3级乾坤
1	31	4	1	500203	500205	0	0	0	7	174	0	0	0	0	0	0	0	4级乾坤
1	31	5	1	500203	500205	0	0	0	7	183	0	0	0	0	0	0	0	5级乾坤
1	31	6	1	500203	500205	0	0	0	7	192	0	0	0	0	0	0	0	6级乾坤
1	31	7	1	500203	500205	0	0	0	7	202	0	0	0	0	0	0	0	7级乾坤
1	31	8	1	500203	500205	0	0	0	7	212	0	0	0	0	0	0	0	8级乾坤
1	31	9	1	500203	500205	0	0	0	7	223	0	0	0	0	0	0	0	9级乾坤
1	31	10	1	500203	500205	0	0	0	7	234	0	0	0	0	0	0	0	10级乾坤
1	41	1	1	500203	500205	0	0	0	7	150	0	0	0	0	0	0	0	1级乾坤
1	41	2	1	500203	500205	0	0	0	7	158	0	0	0	0	0	0	0	2级乾坤
1	41	3	1	500203	500205	0	0	0	7	166	0	0	0	0	0	0	0	3级乾坤
1	41	4	1	500203	500205	0	0	0	7	174	0	0	0	0	0	0	0	4级乾坤
1	41	5	1	500203	500205	0	0	0	7	183	0	0	0	0	0	0	0	5级乾坤
1	41	6	1	500203	500205	0	0	0	7	192	0	0	0	0	0	0	0	6级乾坤
1	41	7	1	500203	500205	0	0	0	7	202	0	0	0	0	0	0	0	7级乾坤
1	41	8	1	500203	500205	0	0	0	7	212	0	0	0	0	0	0	0	8级乾坤
1	41	9	1	500203	500205	0	0	0	7	223	0	0	0	0	0	0	0	9级乾坤
1	41	10	1	500203	500205	0	0	0	7	234	0	0	0	0	0	0	0	10级乾坤
2	11	1	1	500205	500206	0	0	0	6	150	0	0	0	0	0	0	0	1级绝影
2	11	2	1	500205	500206	0	0	0	6	158	0	0	0	0	0	0	0	2级绝影
2	11	3	1	500205	500206	0	0	0	6	166	0	0	0	0	0	0	0	3级绝影
2	11	4	1	500205	500206	0	0	0	6	174	0	0	0	0	0	0	0	4级绝影
2	11	5	1	500205	500206	0	0	0	6	183	0	0	0	0	0	0	0	5级绝影
2	11	6	1	500205	500206	0	0	0	6	192	0	0	0	0	0	0	0	6级绝影
2	11	7	1	500205	500206	0	0	0	6	202	0	0	0	0	0	0	0	7级绝影
2	11	8	1	500205	500206	0	0	0	6	212	0	0	0	0	0	0	0	8级绝影
2	11	9	1	500205	500206	0	0	0	6	223	0	0	0	0	0	0	0	9级绝影
2	11	10	1	500205	500206	0	0	0	6	234	0	0	0	0	0	0	0	10级绝影
2	21	1	1	500205	500206	0	0	0	6	150	0	0	0	0	0	0	0	1级绝影
2	21	2	1	500205	500206	0	0	0	6	158	0	0	0	0	0	0	0	2级绝影
2	21	3	1	500205	500206	0	0	0	6	166	0	0	0	0	0	0	0	3级绝影
2	21	4	1	500205	500206	0	0	0	6	174	0	0	0	0	0	0	0	4级绝影
2	21	5	1	500205	500206	0	0	0	6	183	0	0	0	0	0	0	0	5级绝影
2	21	6	1	500205	500206	0	0	0	6	192	0	0	0	0	0	0	0	6级绝影
2	21	7	1	500205	500206	0	0	0	6	202	0	0	0	0	0	0	0	7级绝影
2	21	8	1	500205	500206	0	0	0	6	212	0	0	0	0	0	0	0	8级绝影
2	21	9	1	500205	500206	0	0	0	6	223	0	0	0	0	0	0	0	9级绝影
2	21	10	1	500205	500206	0	0	0	6	234	0	0	0	0	0	0	0	10级绝影
2	31	1	1	500205	500206	0	0	0	6	150	0	0	0	0	0	0	0	1级绝影
2	31	2	1	500205	500206	0	0	0	6	158	0	0	0	0	0	0	0	2级绝影
2	31	3	1	500205	500206	0	0	0	6	166	0	0	0	0	0	0	0	3级绝影
2	31	4	1	500205	500206	0	0	0	6	174	0	0	0	0	0	0	0	4级绝影
2	31	5	1	500205	500206	0	0	0	6	183	0	0	0	0	0	0	0	5级绝影
2	31	6	1	500205	500206	0	0	0	6	192	0	0	0	0	0	0	0	6级绝影
2	31	7	1	500205	500206	0	0	0	6	202	0	0	0	0	0	0	0	7级绝影
2	31	8	1	500205	500206	0	0	0	6	212	0	0	0	0	0	0	0	8级绝影
2	31	9	1	500205	500206	0	0	0	6	223	0	0	0	0	0	0	0	9级绝影
2	31	10	1	500205	500206	0	0	0	6	234	0	0	0	0	0	0	0	10级绝影
2	41	1	1	500205	500206	0	0	0	6	150	0	0	0	0	0	0	0	1级绝影
2	41	2	1	500205	500206	0	0	0	6	158	0	0	0	0	0	0	0	2级绝影
2	41	3	1	500205	500206	0	0	0	6	166	0	0	0	0	0	0	0	3级绝影
2	41	4	1	500205	500206	0	0	0	6	174	0	0	0	0	0	0	0	4级绝影
2	41	5	1	500205	500206	0	0	0	6	183	0	0	0	0	0	0	0	5级绝影
2	41	6	1	500205	500206	0	0	0	6	192	0	0	0	0	0	0	0	6级绝影
2	41	7	1	500205	500206	0	0	0	6	202	0	0	0	0	0	0	0	7级绝影
2	41	8	1	500205	500206	0	0	0	6	212	0	0	0	0	0	0	0	8级绝影
2	41	9	1	500205	500206	0	0	0	6	223	0	0	0	0	0	0	0	9级绝影
2	41	10	1	500205	500206	0	0	0	6	234	0	0	0	0	0	0	0	10级绝影
3	11	1	1	500206	500213	0	0	0	10	150	0	0	0	0	0	0	0	1级威烈
3	11	2	1	500206	500213	0	0	0	10	158	0	0	0	0	0	0	0	2级威烈
3	11	3	1	500206	500213	0	0	0	10	166	0	0	0	0	0	0	0	3级威烈
3	11	4	1	500206	500213	0	0	0	10	174	0	0	0	0	0	0	0	4级威烈
3	11	5	1	500206	500213	0	0	0	10	183	0	0	0	0	0	0	0	5级威烈
3	11	6	1	500206	500213	0	0	0	10	192	0	0	0	0	0	0	0	6级威烈
3	11	7	1	500206	500213	0	0	0	10	202	0	0	0	0	0	0	0	7级威烈
3	11	8	1	500206	500213	0	0	0	10	212	0	0	0	0	0	0	0	8级威烈
3	11	9	1	500206	500213	0	0	0	10	223	0	0	0	0	0	0	0	9级威烈
3	11	10	1	500206	500213	0	0	0	10	234	0	0	0	0	0	0	0	10级威烈
3	21	1	1	500206	500213	0	0	0	10	150	0	0	0	0	0	0	0	1级威烈
3	21	2	1	500206	500213	0	0	0	10	158	0	0	0	0	0	0	0	2级威烈
3	21	3	1	500206	500213	0	0	0	10	166	0	0	0	0	0	0	0	3级威烈
3	21	4	1	500206	500213	0	0	0	10	174	0	0	0	0	0	0	0	4级威烈
3	21	5	1	500206	500213	0	0	0	10	183	0	0	0	0	0	0	0	5级威烈
3	21	6	1	500206	500213	0	0	0	10	192	0	0	0	0	0	0	0	6级威烈
3	21	7	1	500206	500213	0	0	0	10	202	0	0	0	0	0	0	0	7级威烈
3	21	8	1	500206	500213	0	0	0	10	212	0	0	0	0	0	0	0	8级威烈
3	21	9	1	500206	500213	0	0	0	10	223	0	0	0	0	0	0	0	9级威烈
3	21	10	1	500206	500213	0	0	0	10	234	0	0	0	0	0	0	0	10级威烈
3	31	1	1	500206	500213	0	0	0	10	150	0	0	0	0	0	0	0	1级威烈
3	31	2	1	500206	500213	0	0	0	10	158	0	0	0	0	0	0	0	2级威烈
3	31	3	1	500206	500213	0	0	0	10	166	0	0	0	0	0	0	0	3级威烈
3	31	4	1	500206	500213	0	0	0	10	174	0	0	0	0	0	0	0	4级威烈
3	31	5	1	500206	500213	0	0	0	10	183	0	0	0	0	0	0	0	5级威烈
3	31	6	1	500206	500213	0	0	0	10	192	0	0	0	0	0	0	0	6级威烈
3	31	7	1	500206	500213	0	0	0	10	202	0	0	0	0	0	0	0	7级威烈
3	31	8	1	500206	500213	0	0	0	10	212	0	0	0	0	0	0	0	8级威烈
3	31	9	1	500206	500213	0	0	0	10	223	0	0	0	0	0	0	0	9级威烈
3	31	10	1	500206	500213	0	0	0	10	234	0	0	0	0	0	0	0	10级威烈
3	41	1	1	500206	500213	0	0	0	10	150	0	0	0	0	0	0	0	1级威烈
3	41	2	1	500206	500213	0	0	0	10	158	0	0	0	0	0	0	0	2级威烈
3	41	3	1	500206	500213	0	0	0	10	166	0	0	0	0	0	0	0	3级威烈
3	41	4	1	500206	500213	0	0	0	10	174	0	0	0	0	0	0	0	4级威烈
3	41	5	1	500206	500213	0	0	0	10	183	0	0	0	0	0	0	0	5级威烈
3	41	6	1	500206	500213	0	0	0	10	192	0	0	0	0	0	0	0	6级威烈
3	41	7	1	500206	500213	0	0	0	10	202	0	0	0	0	0	0	0	7级威烈
3	41	8	1	500206	500213	0	0	0	10	212	0	0	0	0	0	0	0	8级威烈
3	41	9	1	500206	500213	0	0	0	10	223	0	0	0	0	0	0	0	9级威烈
3	41	10	1	500206	500213	0	0	0	10	234	0	0	0	0	0	0	0	10级威烈
4	11	1	1	500213	500203	0	0	0	74	150	0	0	0	0	0	0	0	1级破军
4	11	2	1	500213	500203	0	0	0	74	158	0	0	0	0	0	0	0	2级破军
4	11	3	1	500213	500203	0	0	0	74	166	0	0	0	0	0	0	0	3级破军
4	11	4	1	500213	500203	0	0	0	74	174	0	0	0	0	0	0	0	4级破军
4	11	5	1	500213	500203	0	0	0	74	183	0	0	0	0	0	0	0	5级破军
4	11	6	1	500213	500203	0	0	0	74	192	0	0	0	0	0	0	0	6级破军
4	11	7	1	500213	500203	0	0	0	74	202	0	0	0	0	0	0	0	7级破军
4	11	8	1	500213	500203	0	0	0	74	212	0	0	0	0	0	0	0	8级破军
4	11	9	1	500213	500203	0	0	0	74	223	0	0	0	0	0	0	0	9级破军
4	11	10	1	500213	500203	0	0	0	74	234	0	0	0	0	0	0	0	10级破军
4	21	1	1	500213	500203	0	0	0	74	150	0	0	0	0	0	0	0	1级破军
4	21	2	1	500213	500203	0	0	0	74	158	0	0	0	0	0	0	0	2级破军
4	21	3	1	500213	500203	0	0	0	74	166	0	0	0	0	0	0	0	3级破军
4	21	4	1	500213	500203	0	0	0	74	174	0	0	0	0	0	0	0	4级破军
4	21	5	1	500213	500203	0	0	0	74	183	0	0	0	0	0	0	0	5级破军
4	21	6	1	500213	500203	0	0	0	74	192	0	0	0	0	0	0	0	6级破军
4	21	7	1	500213	500203	0	0	0	74	202	0	0	0	0	0	0	0	7级破军
4	21	8	1	500213	500203	0	0	0	74	212	0	0	0	0	0	0	0	8级破军
4	21	9	1	500213	500203	0	0	0	74	223	0	0	0	0	0	0	0	9级破军
4	21	10	1	500213	500203	0	0	0	74	234	0	0	0	0	0	0	0	10级破军
4	31	1	1	500213	500203	0	0	0	74	150	0	0	0	0	0	0	0	1级破军
4	31	2	1	500213	500203	0	0	0	74	158	0	0	0	0	0	0	0	2级破军
4	31	3	1	500213	500203	0	0	0	74	166	0	0	0	0	0	0	0	3级破军
4	31	4	1	500213	500203	0	0	0	74	174	0	0	0	0	0	0	0	4级破军
4	31	5	1	500213	500203	0	0	0	74	183	0	0	0	0	0	0	0	5级破军
4	31	6	1	500213	500203	0	0	0	74	192	0	0	0	0	0	0	0	6级破军
4	31	7	1	500213	500203	0	0	0	74	202	0	0	0	0	0	0	0	7级破军
4	31	8	1	500213	500203	0	0	0	74	212	0	0	0	0	0	0	0	8级破军
4	31	9	1	500213	500203	0	0	0	74	223	0	0	0	0	0	0	0	9级破军
4	31	10	1	500213	500203	0	0	0	74	234	0	0	0	0	0	0	0	10级破军
4	41	1	1	500213	500203	0	0	0	74	150	0	0	0	0	0	0	0	1级破军
4	41	2	1	500213	500203	0	0	0	74	158	0	0	0	0	0	0	0	2级破军
4	41	3	1	500213	500203	0	0	0	74	166	0	0	0	0	0	0	0	3级破军
4	41	4	1	500213	500203	0	0	0	74	174	0	0	0	0	0	0	0	4级破军
4	41	5	1	500213	500203	0	0	0	74	183	0	0	0	0	0	0	0	5级破军
4	41	6	1	500213	500203	0	0	0	74	192	0	0	0	0	0	0	0	6级破军
4	41	7	1	500213	500203	0	0	0	74	202	0	0	0	0	0	0	0	7级破军
4	41	8	1	500213	500203	0	0	0	74	212	0	0	0	0	0	0	0	8级破军
4	41	9	1	500213	500203	0	0	0	74	223	0	0	0	0	0	0	0	9级破军
4	41	10	1	500213	500203	0	0	0	74	234	0	0	0	0	0	0	0	10级破军
5	11	1	1	500303	500305	0	0	0	7	300	0	0	0	0	0	0	0	1级乾坤
5	11	2	1	500303	500305	0	0	0	7	315	0	0	0	0	0	0	0	2级乾坤
5	11	3	1	500303	500305	0	0	0	7	331	0	0	0	0	0	0	0	3级乾坤
5	11	4	1	500303	500305	0	0	0	7	348	0	0	0	0	0	0	0	4级乾坤
5	11	5	1	500303	500305	0	0	0	7	365	0	0	0	0	0	0	0	5级乾坤
5	11	6	1	500303	500305	0	0	0	7	383	0	0	0	0	0	0	0	6级乾坤
5	11	7	1	500303	500305	0	0	0	7	402	0	0	0	0	0	0	0	7级乾坤
5	11	8	1	500303	500305	0	0	0	7	422	0	0	0	0	0	0	0	8级乾坤
5	11	9	1	500303	500305	0	0	0	7	443	0	0	0	0	0	0	0	9级乾坤
5	11	10	1	500303	500305	0	0	0	7	465	0	0	0	0	0	0	0	10级乾坤
5	21	1	1	500303	500305	0	0	0	7	300	0	0	0	0	0	0	0	1级乾坤
5	21	2	1	500303	500305	0	0	0	7	315	0	0	0	0	0	0	0	2级乾坤
5	21	3	1	500303	500305	0	0	0	7	331	0	0	0	0	0	0	0	3级乾坤
5	21	4	1	500303	500305	0	0	0	7	348	0	0	0	0	0	0	0	4级乾坤
5	21	5	1	500303	500305	0	0	0	7	365	0	0	0	0	0	0	0	5级乾坤
5	21	6	1	500303	500305	0	0	0	7	383	0	0	0	0	0	0	0	6级乾坤
5	21	7	1	500303	500305	0	0	0	7	402	0	0	0	0	0	0	0	7级乾坤
5	21	8	1	500303	500305	0	0	0	7	422	0	0	0	0	0	0	0	8级乾坤
5	21	9	1	500303	500305	0	0	0	7	443	0	0	0	0	0	0	0	9级乾坤
5	21	10	1	500303	500305	0	0	0	7	465	0	0	0	0	0	0	0	10级乾坤
5	31	1	1	500303	500305	0	0	0	7	300	0	0	0	0	0	0	0	1级乾坤
5	31	2	1	500303	500305	0	0	0	7	315	0	0	0	0	0	0	0	2级乾坤
5	31	3	1	500303	500305	0	0	0	7	331	0	0	0	0	0	0	0	3级乾坤
5	31	4	1	500303	500305	0	0	0	7	348	0	0	0	0	0	0	0	4级乾坤
5	31	5	1	500303	500305	0	0	0	7	365	0	0	0	0	0	0	0	5级乾坤
5	31	6	1	500303	500305	0	0	0	7	383	0	0	0	0	0	0	0	6级乾坤
5	31	7	1	500303	500305	0	0	0	7	402	0	0	0	0	0	0	0	7级乾坤
5	31	8	1	500303	500305	0	0	0	7	422	0	0	0	0	0	0	0	8级乾坤
5	31	9	1	500303	500305	0	0	0	7	443	0	0	0	0	0	0	0	9级乾坤
5	31	10	1	500303	500305	0	0	0	7	465	0	0	0	0	0	0	0	10级乾坤
5	41	1	1	500303	500305	0	0	0	7	300	0	0	0	0	0	0	0	1级乾坤
5	41	2	1	500303	500305	0	0	0	7	315	0	0	0	0	0	0	0	2级乾坤
5	41	3	1	500303	500305	0	0	0	7	331	0	0	0	0	0	0	0	3级乾坤
5	41	4	1	500303	500305	0	0	0	7	348	0	0	0	0	0	0	0	4级乾坤
5	41	5	1	500303	500305	0	0	0	7	365	0	0	0	0	0	0	0	5级乾坤
5	41	6	1	500303	500305	0	0	0	7	383	0	0	0	0	0	0	0	6级乾坤
5	41	7	1	500303	500305	0	0	0	7	402	0	0	0	0	0	0	0	7级乾坤
5	41	8	1	500303	500305	0	0	0	7	422	0	0	0	0	0	0	0	8级乾坤
5	41	9	1	500303	500305	0	0	0	7	443	0	0	0	0	0	0	0	9级乾坤
5	41	10	1	500303	500305	0	0	0	7	465	0	0	0	0	0	0	0	10级乾坤
6	11	1	1	500305	500306	0	0	0	6	300	0	0	0	0	0	0	0	1级绝影
6	11	2	1	500305	500306	0	0	0	6	315	0	0	0	0	0	0	0	2级绝影
6	11	3	1	500305	500306	0	0	0	6	331	0	0	0	0	0	0	0	3级绝影
6	11	4	1	500305	500306	0	0	0	6	348	0	0	0	0	0	0	0	4级绝影
6	11	5	1	500305	500306	0	0	0	6	365	0	0	0	0	0	0	0	5级绝影
6	11	6	1	500305	500306	0	0	0	6	383	0	0	0	0	0	0	0	6级绝影
6	11	7	1	500305	500306	0	0	0	6	402	0	0	0	0	0	0	0	7级绝影
6	11	8	1	500305	500306	0	0	0	6	422	0	0	0	0	0	0	0	8级绝影
6	11	9	1	500305	500306	0	0	0	6	443	0	0	0	0	0	0	0	9级绝影
6	11	10	1	500305	500306	0	0	0	6	465	0	0	0	0	0	0	0	10级绝影
6	21	1	1	500305	500306	0	0	0	6	300	0	0	0	0	0	0	0	1级绝影
6	21	2	1	500305	500306	0	0	0	6	315	0	0	0	0	0	0	0	2级绝影
6	21	3	1	500305	500306	0	0	0	6	331	0	0	0	0	0	0	0	3级绝影
6	21	4	1	500305	500306	0	0	0	6	348	0	0	0	0	0	0	0	4级绝影
6	21	5	1	500305	500306	0	0	0	6	365	0	0	0	0	0	0	0	5级绝影
6	21	6	1	500305	500306	0	0	0	6	383	0	0	0	0	0	0	0	6级绝影
6	21	7	1	500305	500306	0	0	0	6	402	0	0	0	0	0	0	0	7级绝影
6	21	8	1	500305	500306	0	0	0	6	422	0	0	0	0	0	0	0	8级绝影
6	21	9	1	500305	500306	0	0	0	6	443	0	0	0	0	0	0	0	9级绝影
6	21	10	1	500305	500306	0	0	0	6	465	0	0	0	0	0	0	0	10级绝影
6	31	1	1	500305	500306	0	0	0	6	300	0	0	0	0	0	0	0	1级绝影
6	31	2	1	500305	500306	0	0	0	6	315	0	0	0	0	0	0	0	2级绝影
6	31	3	1	500305	500306	0	0	0	6	331	0	0	0	0	0	0	0	3级绝影
6	31	4	1	500305	500306	0	0	0	6	348	0	0	0	0	0	0	0	4级绝影
6	31	5	1	500305	500306	0	0	0	6	365	0	0	0	0	0	0	0	5级绝影
6	31	6	1	500305	500306	0	0	0	6	383	0	0	0	0	0	0	0	6级绝影
6	31	7	1	500305	500306	0	0	0	6	402	0	0	0	0	0	0	0	7级绝影
6	31	8	1	500305	500306	0	0	0	6	422	0	0	0	0	0	0	0	8级绝影
6	31	9	1	500305	500306	0	0	0	6	443	0	0	0	0	0	0	0	9级绝影
6	31	10	1	500305	500306	0	0	0	6	465	0	0	0	0	0	0	0	10级绝影
6	41	1	1	500305	500306	0	0	0	6	300	0	0	0	0	0	0	0	1级绝影
6	41	2	1	500305	500306	0	0	0	6	315	0	0	0	0	0	0	0	2级绝影
6	41	3	1	500305	500306	0	0	0	6	331	0	0	0	0	0	0	0	3级绝影
6	41	4	1	500305	500306	0	0	0	6	348	0	0	0	0	0	0	0	4级绝影
6	41	5	1	500305	500306	0	0	0	6	365	0	0	0	0	0	0	0	5级绝影
6	41	6	1	500305	500306	0	0	0	6	383	0	0	0	0	0	0	0	6级绝影
6	41	7	1	500305	500306	0	0	0	6	402	0	0	0	0	0	0	0	7级绝影
6	41	8	1	500305	500306	0	0	0	6	422	0	0	0	0	0	0	0	8级绝影
6	41	9	1	500305	500306	0	0	0	6	443	0	0	0	0	0	0	0	9级绝影
6	41	10	1	500305	500306	0	0	0	6	465	0	0	0	0	0	0	0	10级绝影
7	11	1	1	500306	500213	0	0	0	10	300	0	0	0	0	0	0	0	1级威烈
7	11	2	1	500306	500213	0	0	0	10	315	0	0	0	0	0	0	0	2级威烈
7	11	3	1	500306	500213	0	0	0	10	331	0	0	0	0	0	0	0	3级威烈
7	11	4	1	500306	500213	0	0	0	10	348	0	0	0	0	0	0	0	4级威烈
7	11	5	1	500306	500213	0	0	0	10	365	0	0	0	0	0	0	0	5级威烈
7	11	6	1	500306	500213	0	0	0	10	383	0	0	0	0	0	0	0	6级威烈
7	11	7	1	500306	500213	0	0	0	10	402	0	0	0	0	0	0	0	7级威烈
7	11	8	1	500306	500213	0	0	0	10	422	0	0	0	0	0	0	0	8级威烈
7	11	9	1	500306	500213	0	0	0	10	443	0	0	0	0	0	0	0	9级威烈
7	11	10	1	500306	500213	0	0	0	10	465	0	0	0	0	0	0	0	10级威烈
7	21	1	1	500306	500213	0	0	0	10	300	0	0	0	0	0	0	0	1级威烈
7	21	2	1	500306	500213	0	0	0	10	315	0	0	0	0	0	0	0	2级威烈
7	21	3	1	500306	500213	0	0	0	10	331	0	0	0	0	0	0	0	3级威烈
7	21	4	1	500306	500213	0	0	0	10	348	0	0	0	0	0	0	0	4级威烈
7	21	5	1	500306	500213	0	0	0	10	365	0	0	0	0	0	0	0	5级威烈
7	21	6	1	500306	500213	0	0	0	10	383	0	0	0	0	0	0	0	6级威烈
7	21	7	1	500306	500213	0	0	0	10	402	0	0	0	0	0	0	0	7级威烈
7	21	8	1	500306	500213	0	0	0	10	422	0	0	0	0	0	0	0	8级威烈
7	21	9	1	500306	500213	0	0	0	10	443	0	0	0	0	0	0	0	9级威烈
7	21	10	1	500306	500213	0	0	0	10	465	0	0	0	0	0	0	0	10级威烈
7	31	1	1	500306	500213	0	0	0	10	300	0	0	0	0	0	0	0	1级威烈
7	31	2	1	500306	500213	0	0	0	10	315	0	0	0	0	0	0	0	2级威烈
7	31	3	1	500306	500213	0	0	0	10	331	0	0	0	0	0	0	0	3级威烈
7	31	4	1	500306	500213	0	0	0	10	348	0	0	0	0	0	0	0	4级威烈
7	31	5	1	500306	500213	0	0	0	10	365	0	0	0	0	0	0	0	5级威烈
7	31	6	1	500306	500213	0	0	0	10	383	0	0	0	0	0	0	0	6级威烈
7	31	7	1	500306	500213	0	0	0	10	402	0	0	0	0	0	0	0	7级威烈
7	31	8	1	500306	500213	0	0	0	10	422	0	0	0	0	0	0	0	8级威烈
7	31	9	1	500306	500213	0	0	0	10	443	0	0	0	0	0	0	0	9级威烈
7	31	10	1	500306	500213	0	0	0	10	465	0	0	0	0	0	0	0	10级威烈
7	41	1	1	500306	500213	0	0	0	10	300	0	0	0	0	0	0	0	1级威烈
7	41	2	1	500306	500213	0	0	0	10	315	0	0	0	0	0	0	0	2级威烈
7	41	3	1	500306	500213	0	0	0	10	331	0	0	0	0	0	0	0	3级威烈
7	41	4	1	500306	500213	0	0	0	10	348	0	0	0	0	0	0	0	4级威烈
7	41	5	1	500306	500213	0	0	0	10	365	0	0	0	0	0	0	0	5级威烈
7	41	6	1	500306	500213	0	0	0	10	383	0	0	0	0	0	0	0	6级威烈
7	41	7	1	500306	500213	0	0	0	10	402	0	0	0	0	0	0	0	7级威烈
7	41	8	1	500306	500213	0	0	0	10	422	0	0	0	0	0	0	0	8级威烈
7	41	9	1	500306	500213	0	0	0	10	443	0	0	0	0	0	0	0	9级威烈
7	41	10	1	500306	500213	0	0	0	10	465	0	0	0	0	0	0	0	10级威烈
8	11	1	1	500213	500303	0	0	0	74	300	0	0	0	0	0	0	0	1级破军
8	11	2	1	500213	500303	0	0	0	74	315	0	0	0	0	0	0	0	2级破军
8	11	3	1	500213	500303	0	0	0	74	331	0	0	0	0	0	0	0	3级破军
8	11	4	1	500213	500303	0	0	0	74	348	0	0	0	0	0	0	0	4级破军
8	11	5	1	500213	500303	0	0	0	74	365	0	0	0	0	0	0	0	5级破军
8	11	6	1	500213	500303	0	0	0	74	383	0	0	0	0	0	0	0	6级破军
8	11	7	1	500213	500303	0	0	0	74	402	0	0	0	0	0	0	0	7级破军
8	11	8	1	500213	500303	0	0	0	74	422	0	0	0	0	0	0	0	8级破军
8	11	9	1	500213	500303	0	0	0	74	443	0	0	0	0	0	0	0	9级破军
8	11	10	1	500213	500303	0	0	0	74	465	0	0	0	0	0	0	0	10级破军
8	21	1	1	500213	500303	0	0	0	74	300	0	0	0	0	0	0	0	1级破军
8	21	2	1	500213	500303	0	0	0	74	315	0	0	0	0	0	0	0	2级破军
8	21	3	1	500213	500303	0	0	0	74	331	0	0	0	0	0	0	0	3级破军
8	21	4	1	500213	500303	0	0	0	74	348	0	0	0	0	0	0	0	4级破军
8	21	5	1	500213	500303	0	0	0	74	365	0	0	0	0	0	0	0	5级破军
8	21	6	1	500213	500303	0	0	0	74	383	0	0	0	0	0	0	0	6级破军
8	21	7	1	500213	500303	0	0	0	74	402	0	0	0	0	0	0	0	7级破军
8	21	8	1	500213	500303	0	0	0	74	422	0	0	0	0	0	0	0	8级破军
8	21	9	1	500213	500303	0	0	0	74	443	0	0	0	0	0	0	0	9级破军
8	21	10	1	500213	500303	0	0	0	74	465	0	0	0	0	0	0	0	10级破军
8	31	1	1	500213	500303	0	0	0	74	300	0	0	0	0	0	0	0	1级破军
8	31	2	1	500213	500303	0	0	0	74	315	0	0	0	0	0	0	0	2级破军
8	31	3	1	500213	500303	0	0	0	74	331	0	0	0	0	0	0	0	3级破军
8	31	4	1	500213	500303	0	0	0	74	348	0	0	0	0	0	0	0	4级破军
8	31	5	1	500213	500303	0	0	0	74	365	0	0	0	0	0	0	0	5级破军
8	31	6	1	500213	500303	0	0	0	74	383	0	0	0	0	0	0	0	6级破军
8	31	7	1	500213	500303	0	0	0	74	402	0	0	0	0	0	0	0	7级破军
8	31	8	1	500213	500303	0	0	0	74	422	0	0	0	0	0	0	0	8级破军
8	31	9	1	500213	500303	0	0	0	74	443	0	0	0	0	0	0	0	9级破军
8	31	10	1	500213	500303	0	0	0	74	465	0	0	0	0	0	0	0	10级破军
8	41	1	1	500213	500303	0	0	0	74	300	0	0	0	0	0	0	0	1级破军
8	41	2	1	500213	500303	0	0	0	74	315	0	0	0	0	0	0	0	2级破军
8	41	3	1	500213	500303	0	0	0	74	331	0	0	0	0	0	0	0	3级破军
8	41	4	1	500213	500303	0	0	0	74	348	0	0	0	0	0	0	0	4级破军
8	41	5	1	500213	500303	0	0	0	74	365	0	0	0	0	0	0	0	5级破军
8	41	6	1	500213	500303	0	0	0	74	383	0	0	0	0	0	0	0	6级破军
8	41	7	1	500213	500303	0	0	0	74	402	0	0	0	0	0	0	0	7级破军
8	41	8	1	500213	500303	0	0	0	74	422	0	0	0	0	0	0	0	8级破军
8	41	9	1	500213	500303	0	0	0	74	443	0	0	0	0	0	0	0	9级破军
8	41	10	1	500213	500303	0	0	0	74	465	0	0	0	0	0	0	0	10级破军
9	11	1	1	500309	500307	0	0	0	8	300	0	0	0	0	0	0	0	1级磐石
9	11	2	1	500309	500307	0	0	0	8	315	0	0	0	0	0	0	0	2级磐石
9	11	3	1	500309	500307	0	0	0	8	331	0	0	0	0	0	0	0	3级磐石
9	11	4	1	500309	500307	0	0	0	8	348	0	0	0	0	0	0	0	4级磐石
9	11	5	1	500309	500307	0	0	0	8	365	0	0	0	0	0	0	0	5级磐石
9	11	6	1	500309	500307	0	0	0	8	383	0	0	0	0	0	0	0	6级磐石
9	11	7	1	500309	500307	0	0	0	8	402	0	0	0	0	0	0	0	7级磐石
9	11	8	1	500309	500307	0	0	0	8	422	0	0	0	0	0	0	0	8级磐石
9	11	9	1	500309	500307	0	0	0	8	443	0	0	0	0	0	0	0	9级磐石
9	11	10	1	500309	500307	0	0	0	8	465	0	0	0	0	0	0	0	10级磐石
9	21	1	1	500309	500307	0	0	0	8	300	0	0	0	0	0	0	0	1级磐石
9	21	2	1	500309	500307	0	0	0	8	315	0	0	0	0	0	0	0	2级磐石
9	21	3	1	500309	500307	0	0	0	8	331	0	0	0	0	0	0	0	3级磐石
9	21	4	1	500309	500307	0	0	0	8	348	0	0	0	0	0	0	0	4级磐石
9	21	5	1	500309	500307	0	0	0	8	365	0	0	0	0	0	0	0	5级磐石
9	21	6	1	500309	500307	0	0	0	8	383	0	0	0	0	0	0	0	6级磐石
9	21	7	1	500309	500307	0	0	0	8	402	0	0	0	0	0	0	0	7级磐石
9	21	8	1	500309	500307	0	0	0	8	422	0	0	0	0	0	0	0	8级磐石
9	21	9	1	500309	500307	0	0	0	8	443	0	0	0	0	0	0	0	9级磐石
9	21	10	1	500309	500307	0	0	0	8	465	0	0	0	0	0	0	0	10级磐石
9	31	1	1	500309	500307	0	0	0	8	300	0	0	0	0	0	0	0	1级磐石
9	31	2	1	500309	500307	0	0	0	8	315	0	0	0	0	0	0	0	2级磐石
9	31	3	1	500309	500307	0	0	0	8	331	0	0	0	0	0	0	0	3级磐石
9	31	4	1	500309	500307	0	0	0	8	348	0	0	0	0	0	0	0	4级磐石
9	31	5	1	500309	500307	0	0	0	8	365	0	0	0	0	0	0	0	5级磐石
9	31	6	1	500309	500307	0	0	0	8	383	0	0	0	0	0	0	0	6级磐石
9	31	7	1	500309	500307	0	0	0	8	402	0	0	0	0	0	0	0	7级磐石
9	31	8	1	500309	500307	0	0	0	8	422	0	0	0	0	0	0	0	8级磐石
9	31	9	1	500309	500307	0	0	0	8	443	0	0	0	0	0	0	0	9级磐石
9	31	10	1	500309	500307	0	0	0	8	465	0	0	0	0	0	0	0	10级磐石
9	41	1	1	500309	500307	0	0	0	8	300	0	0	0	0	0	0	0	1级磐石
9	41	2	1	500309	500307	0	0	0	8	315	0	0	0	0	0	0	0	2级磐石
9	41	3	1	500309	500307	0	0	0	8	331	0	0	0	0	0	0	0	3级磐石
9	41	4	1	500309	500307	0	0	0	8	348	0	0	0	0	0	0	0	4级磐石
9	41	5	1	500309	500307	0	0	0	8	365	0	0	0	0	0	0	0	5级磐石
9	41	6	1	500309	500307	0	0	0	8	383	0	0	0	0	0	0	0	6级磐石
9	41	7	1	500309	500307	0	0	0	8	402	0	0	0	0	0	0	0	7级磐石
9	41	8	1	500309	500307	0	0	0	8	422	0	0	0	0	0	0	0	8级磐石
9	41	9	1	500309	500307	0	0	0	8	443	0	0	0	0	0	0	0	9级磐石
9	41	10	1	500309	500307	0	0	0	8	465	0	0	0	0	0	0	0	10级磐石
10	11	1	1	500307	500312	0	0	0	5	300	0	0	0	0	0	0	0	1级精准
10	11	2	1	500307	500312	0	0	0	5	315	0	0	0	0	0	0	0	2级精准
10	11	3	1	500307	500312	0	0	0	5	331	0	0	0	0	0	0	0	3级精准
10	11	4	1	500307	500312	0	0	0	5	348	0	0	0	0	0	0	0	4级精准
10	11	5	1	500307	500312	0	0	0	5	365	0	0	0	0	0	0	0	5级精准
10	11	6	1	500307	500312	0	0	0	5	383	0	0	0	0	0	0	0	6级精准
10	11	7	1	500307	500312	0	0	0	5	402	0	0	0	0	0	0	0	7级精准
10	11	8	1	500307	500312	0	0	0	5	422	0	0	0	0	0	0	0	8级精准
10	11	9	1	500307	500312	0	0	0	5	443	0	0	0	0	0	0	0	9级精准
10	11	10	1	500307	500312	0	0	0	5	465	0	0	0	0	0	0	0	10级精准
10	21	1	1	500307	500312	0	0	0	5	300	0	0	0	0	0	0	0	1级精准
10	21	2	1	500307	500312	0	0	0	5	315	0	0	0	0	0	0	0	2级精准
10	21	3	1	500307	500312	0	0	0	5	331	0	0	0	0	0	0	0	3级精准
10	21	4	1	500307	500312	0	0	0	5	348	0	0	0	0	0	0	0	4级精准
10	21	5	1	500307	500312	0	0	0	5	365	0	0	0	0	0	0	0	5级精准
10	21	6	1	500307	500312	0	0	0	5	383	0	0	0	0	0	0	0	6级精准
10	21	7	1	500307	500312	0	0	0	5	402	0	0	0	0	0	0	0	7级精准
10	21	8	1	500307	500312	0	0	0	5	422	0	0	0	0	0	0	0	8级精准
10	21	9	1	500307	500312	0	0	0	5	443	0	0	0	0	0	0	0	9级精准
10	21	10	1	500307	500312	0	0	0	5	465	0	0	0	0	0	0	0	10级精准
10	31	1	1	500307	500312	0	0	0	5	300	0	0	0	0	0	0	0	1级精准
10	31	2	1	500307	500312	0	0	0	5	315	0	0	0	0	0	0	0	2级精准
10	31	3	1	500307	500312	0	0	0	5	331	0	0	0	0	0	0	0	3级精准
10	31	4	1	500307	500312	0	0	0	5	348	0	0	0	0	0	0	0	4级精准
10	31	5	1	500307	500312	0	0	0	5	365	0	0	0	0	0	0	0	5级精准
10	31	6	1	500307	500312	0	0	0	5	383	0	0	0	0	0	0	0	6级精准
10	31	7	1	500307	500312	0	0	0	5	402	0	0	0	0	0	0	0	7级精准
10	31	8	1	500307	500312	0	0	0	5	422	0	0	0	0	0	0	0	8级精准
10	31	9	1	500307	500312	0	0	0	5	443	0	0	0	0	0	0	0	9级精准
10	31	10	1	500307	500312	0	0	0	5	465	0	0	0	0	0	0	0	10级精准
10	41	1	1	500307	500312	0	0	0	5	300	0	0	0	0	0	0	0	1级精准
10	41	2	1	500307	500312	0	0	0	5	315	0	0	0	0	0	0	0	2级精准
10	41	3	1	500307	500312	0	0	0	5	331	0	0	0	0	0	0	0	3级精准
10	41	4	1	500307	500312	0	0	0	5	348	0	0	0	0	0	0	0	4级精准
10	41	5	1	500307	500312	0	0	0	5	365	0	0	0	0	0	0	0	5级精准
10	41	6	1	500307	500312	0	0	0	5	383	0	0	0	0	0	0	0	6级精准
10	41	7	1	500307	500312	0	0	0	5	402	0	0	0	0	0	0	0	7级精准
10	41	8	1	500307	500312	0	0	0	5	422	0	0	0	0	0	0	0	8级精准
10	41	9	1	500307	500312	0	0	0	5	443	0	0	0	0	0	0	0	9级精准
10	41	10	1	500307	500312	0	0	0	5	465	0	0	0	0	0	0	0	10级精准
11	11	1	1	500312	500304	0	0	0	11	300	0	0	0	0	0	0	0	1级静心
11	11	2	1	500312	500304	0	0	0	11	315	0	0	0	0	0	0	0	2级静心
11	11	3	1	500312	500304	0	0	0	11	331	0	0	0	0	0	0	0	3级静心
11	11	4	1	500312	500304	0	0	0	11	348	0	0	0	0	0	0	0	4级静心
11	11	5	1	500312	500304	0	0	0	11	365	0	0	0	0	0	0	0	5级静心
11	11	6	1	500312	500304	0	0	0	11	383	0	0	0	0	0	0	0	6级静心
11	11	7	1	500312	500304	0	0	0	11	402	0	0	0	0	0	0	0	7级静心
11	11	8	1	500312	500304	0	0	0	11	422	0	0	0	0	0	0	0	8级静心
11	11	9	1	500312	500304	0	0	0	11	443	0	0	0	0	0	0	0	9级静心
11	11	10	1	500312	500304	0	0	0	11	465	0	0	0	0	0	0	0	10级静心
11	21	1	1	500312	500304	0	0	0	11	300	0	0	0	0	0	0	0	1级静心
11	21	2	1	500312	500304	0	0	0	11	315	0	0	0	0	0	0	0	2级静心
11	21	3	1	500312	500304	0	0	0	11	331	0	0	0	0	0	0	0	3级静心
11	21	4	1	500312	500304	0	0	0	11	348	0	0	0	0	0	0	0	4级静心
11	21	5	1	500312	500304	0	0	0	11	365	0	0	0	0	0	0	0	5级静心
11	21	6	1	500312	500304	0	0	0	11	383	0	0	0	0	0	0	0	6级静心
11	21	7	1	500312	500304	0	0	0	11	402	0	0	0	0	0	0	0	7级静心
11	21	8	1	500312	500304	0	0	0	11	422	0	0	0	0	0	0	0	8级静心
11	21	9	1	500312	500304	0	0	0	11	443	0	0	0	0	0	0	0	9级静心
11	21	10	1	500312	500304	0	0	0	11	465	0	0	0	0	0	0	0	10级静心
11	31	1	1	500312	500304	0	0	0	11	300	0	0	0	0	0	0	0	1级静心
11	31	2	1	500312	500304	0	0	0	11	315	0	0	0	0	0	0	0	2级静心
11	31	3	1	500312	500304	0	0	0	11	331	0	0	0	0	0	0	0	3级静心
11	31	4	1	500312	500304	0	0	0	11	348	0	0	0	0	0	0	0	4级静心
11	31	5	1	500312	500304	0	0	0	11	365	0	0	0	0	0	0	0	5级静心
11	31	6	1	500312	500304	0	0	0	11	383	0	0	0	0	0	0	0	6级静心
11	31	7	1	500312	500304	0	0	0	11	402	0	0	0	0	0	0	0	7级静心
11	31	8	1	500312	500304	0	0	0	11	422	0	0	0	0	0	0	0	8级静心
11	31	9	1	500312	500304	0	0	0	11	443	0	0	0	0	0	0	0	9级静心
11	31	10	1	500312	500304	0	0	0	11	465	0	0	0	0	0	0	0	10级静心
11	41	1	1	500312	500304	0	0	0	11	300	0	0	0	0	0	0	0	1级静心
11	41	2	1	500312	500304	0	0	0	11	315	0	0	0	0	0	0	0	2级静心
11	41	3	1	500312	500304	0	0	0	11	331	0	0	0	0	0	0	0	3级静心
11	41	4	1	500312	500304	0	0	0	11	348	0	0	0	0	0	0	0	4级静心
11	41	5	1	500312	500304	0	0	0	11	365	0	0	0	0	0	0	0	5级静心
11	41	6	1	500312	500304	0	0	0	11	383	0	0	0	0	0	0	0	6级静心
11	41	7	1	500312	500304	0	0	0	11	402	0	0	0	0	0	0	0	7级静心
11	41	8	1	500312	500304	0	0	0	11	422	0	0	0	0	0	0	0	8级静心
11	41	9	1	500312	500304	0	0	0	11	443	0	0	0	0	0	0	0	9级静心
11	41	10	1	500312	500304	0	0	0	11	465	0	0	0	0	0	0	0	10级静心
12	11	1	1	500304	500309	0	0	0	75	300	0	0	0	0	0	0	0	1级盾墙
12	11	2	1	500304	500309	0	0	0	75	315	0	0	0	0	0	0	0	2级盾墙
12	11	3	1	500304	500309	0	0	0	75	331	0	0	0	0	0	0	0	3级盾墙
12	11	4	1	500304	500309	0	0	0	75	348	0	0	0	0	0	0	0	4级盾墙
12	11	5	1	500304	500309	0	0	0	75	365	0	0	0	0	0	0	0	5级盾墙
12	11	6	1	500304	500309	0	0	0	75	383	0	0	0	0	0	0	0	6级盾墙
12	11	7	1	500304	500309	0	0	0	75	402	0	0	0	0	0	0	0	7级盾墙
12	11	8	1	500304	500309	0	0	0	75	422	0	0	0	0	0	0	0	8级盾墙
12	11	9	1	500304	500309	0	0	0	75	443	0	0	0	0	0	0	0	9级盾墙
12	11	10	1	500304	500309	0	0	0	75	465	0	0	0	0	0	0	0	10级盾墙
12	21	1	1	500304	500309	0	0	0	75	300	0	0	0	0	0	0	0	1级盾墙
12	21	2	1	500304	500309	0	0	0	75	315	0	0	0	0	0	0	0	2级盾墙
12	21	3	1	500304	500309	0	0	0	75	331	0	0	0	0	0	0	0	3级盾墙
12	21	4	1	500304	500309	0	0	0	75	348	0	0	0	0	0	0	0	4级盾墙
12	21	5	1	500304	500309	0	0	0	75	365	0	0	0	0	0	0	0	5级盾墙
12	21	6	1	500304	500309	0	0	0	75	383	0	0	0	0	0	0	0	6级盾墙
12	21	7	1	500304	500309	0	0	0	75	402	0	0	0	0	0	0	0	7级盾墙
12	21	8	1	500304	500309	0	0	0	75	422	0	0	0	0	0	0	0	8级盾墙
12	21	9	1	500304	500309	0	0	0	75	443	0	0	0	0	0	0	0	9级盾墙
12	21	10	1	500304	500309	0	0	0	75	465	0	0	0	0	0	0	0	10级盾墙
12	31	1	1	500304	500309	0	0	0	75	300	0	0	0	0	0	0	0	1级盾墙
12	31	2	1	500304	500309	0	0	0	75	315	0	0	0	0	0	0	0	2级盾墙
12	31	3	1	500304	500309	0	0	0	75	331	0	0	0	0	0	0	0	3级盾墙
12	31	4	1	500304	500309	0	0	0	75	348	0	0	0	0	0	0	0	4级盾墙
12	31	5	1	500304	500309	0	0	0	75	365	0	0	0	0	0	0	0	5级盾墙
12	31	6	1	500304	500309	0	0	0	75	383	0	0	0	0	0	0	0	6级盾墙
12	31	7	1	500304	500309	0	0	0	75	402	0	0	0	0	0	0	0	7级盾墙
12	31	8	1	500304	500309	0	0	0	75	422	0	0	0	0	0	0	0	8级盾墙
12	31	9	1	500304	500309	0	0	0	75	443	0	0	0	0	0	0	0	9级盾墙
12	31	10	1	500304	500309	0	0	0	75	465	0	0	0	0	0	0	0	10级盾墙
12	41	1	1	500304	500309	0	0	0	75	300	0	0	0	0	0	0	0	1级盾墙
12	41	2	1	500304	500309	0	0	0	75	315	0	0	0	0	0	0	0	2级盾墙
12	41	3	1	500304	500309	0	0	0	75	331	0	0	0	0	0	0	0	3级盾墙
12	41	4	1	500304	500309	0	0	0	75	348	0	0	0	0	0	0	0	4级盾墙
12	41	5	1	500304	500309	0	0	0	75	365	0	0	0	0	0	0	0	5级盾墙
12	41	6	1	500304	500309	0	0	0	75	383	0	0	0	0	0	0	0	6级盾墙
12	41	7	1	500304	500309	0	0	0	75	402	0	0	0	0	0	0	0	7级盾墙
12	41	8	1	500304	500309	0	0	0	75	422	0	0	0	0	0	0	0	8级盾墙
12	41	9	1	500304	500309	0	0	0	75	443	0	0	0	0	0	0	0	9级盾墙
12	41	10	1	500304	500309	0	0	0	75	465	0	0	0	0	0	0	0	10级盾墙
13	11	1	1	500403	500405	0	0	0	7	1100	0	0	0	0	0	0	0	1级乾坤
13	11	2	1	500403	500405	0	0	0	7	1155	0	0	0	0	0	0	0	2级乾坤
13	11	3	1	500403	500405	0	0	0	7	1213	0	0	0	0	0	0	0	3级乾坤
13	11	4	1	500403	500405	0	0	0	7	1274	0	0	0	0	0	0	0	4级乾坤
13	11	5	1	500403	500405	0	0	0	7	1338	0	0	0	0	0	0	0	5级乾坤
13	11	6	1	500403	500405	0	0	0	7	1405	0	0	0	0	0	0	0	6级乾坤
13	11	7	1	500403	500405	0	0	0	7	1475	0	0	0	0	0	0	0	7级乾坤
13	11	8	1	500403	500405	0	0	0	7	1549	0	0	0	0	0	0	0	8级乾坤
13	11	9	1	500403	500405	0	0	0	7	1626	0	0	0	0	0	0	0	9级乾坤
13	11	10	1	500403	500405	0	0	0	7	1707	0	0	0	0	0	0	0	10级乾坤
13	21	1	1	500403	500405	0	0	0	7	1100	0	0	0	0	0	0	0	1级乾坤
13	21	2	1	500403	500405	0	0	0	7	1155	0	0	0	0	0	0	0	2级乾坤
13	21	3	1	500403	500405	0	0	0	7	1213	0	0	0	0	0	0	0	3级乾坤
13	21	4	1	500403	500405	0	0	0	7	1274	0	0	0	0	0	0	0	4级乾坤
13	21	5	1	500403	500405	0	0	0	7	1338	0	0	0	0	0	0	0	5级乾坤
13	21	6	1	500403	500405	0	0	0	7	1405	0	0	0	0	0	0	0	6级乾坤
13	21	7	1	500403	500405	0	0	0	7	1475	0	0	0	0	0	0	0	7级乾坤
13	21	8	1	500403	500405	0	0	0	7	1549	0	0	0	0	0	0	0	8级乾坤
13	21	9	1	500403	500405	0	0	0	7	1626	0	0	0	0	0	0	0	9级乾坤
13	21	10	1	500403	500405	0	0	0	7	1707	0	0	0	0	0	0	0	10级乾坤
13	31	1	1	500403	500405	0	0	0	7	1100	0	0	0	0	0	0	0	1级乾坤
13	31	2	1	500403	500405	0	0	0	7	1155	0	0	0	0	0	0	0	2级乾坤
13	31	3	1	500403	500405	0	0	0	7	1213	0	0	0	0	0	0	0	3级乾坤
13	31	4	1	500403	500405	0	0	0	7	1274	0	0	0	0	0	0	0	4级乾坤
13	31	5	1	500403	500405	0	0	0	7	1338	0	0	0	0	0	0	0	5级乾坤
13	31	6	1	500403	500405	0	0	0	7	1405	0	0	0	0	0	0	0	6级乾坤
13	31	7	1	500403	500405	0	0	0	7	1475	0	0	0	0	0	0	0	7级乾坤
13	31	8	1	500403	500405	0	0	0	7	1549	0	0	0	0	0	0	0	8级乾坤
13	31	9	1	500403	500405	0	0	0	7	1626	0	0	0	0	0	0	0	9级乾坤
13	31	10	1	500403	500405	0	0	0	7	1707	0	0	0	0	0	0	0	10级乾坤
13	41	1	1	500403	500405	0	0	0	7	1100	0	0	0	0	0	0	0	1级乾坤
13	41	2	1	500403	500405	0	0	0	7	1155	0	0	0	0	0	0	0	2级乾坤
13	41	3	1	500403	500405	0	0	0	7	1213	0	0	0	0	0	0	0	3级乾坤
13	41	4	1	500403	500405	0	0	0	7	1274	0	0	0	0	0	0	0	4级乾坤
13	41	5	1	500403	500405	0	0	0	7	1338	0	0	0	0	0	0	0	5级乾坤
13	41	6	1	500403	500405	0	0	0	7	1405	0	0	0	0	0	0	0	6级乾坤
13	41	7	1	500403	500405	0	0	0	7	1475	0	0	0	0	0	0	0	7级乾坤
13	41	8	1	500403	500405	0	0	0	7	1549	0	0	0	0	0	0	0	8级乾坤
13	41	9	1	500403	500405	0	0	0	7	1626	0	0	0	0	0	0	0	9级乾坤
13	41	10	1	500403	500405	0	0	0	7	1707	0	0	0	0	0	0	0	10级乾坤
14	11	1	1	500405	500406	0	0	0	6	1100	0	0	0	0	0	0	0	1级绝影
14	11	2	1	500405	500406	0	0	0	6	1155	0	0	0	0	0	0	0	2级绝影
14	11	3	1	500405	500406	0	0	0	6	1213	0	0	0	0	0	0	0	3级绝影
14	11	4	1	500405	500406	0	0	0	6	1274	0	0	0	0	0	0	0	4级绝影
14	11	5	1	500405	500406	0	0	0	6	1338	0	0	0	0	0	0	0	5级绝影
14	11	6	1	500405	500406	0	0	0	6	1405	0	0	0	0	0	0	0	6级绝影
14	11	7	1	500405	500406	0	0	0	6	1475	0	0	0	0	0	0	0	7级绝影
14	11	8	1	500405	500406	0	0	0	6	1549	0	0	0	0	0	0	0	8级绝影
14	11	9	1	500405	500406	0	0	0	6	1626	0	0	0	0	0	0	0	9级绝影
14	11	10	1	500405	500406	0	0	0	6	1707	0	0	0	0	0	0	0	10级绝影
14	21	1	1	500405	500406	0	0	0	6	1100	0	0	0	0	0	0	0	1级绝影
14	21	2	1	500405	500406	0	0	0	6	1155	0	0	0	0	0	0	0	2级绝影
14	21	3	1	500405	500406	0	0	0	6	1213	0	0	0	0	0	0	0	3级绝影
14	21	4	1	500405	500406	0	0	0	6	1274	0	0	0	0	0	0	0	4级绝影
14	21	5	1	500405	500406	0	0	0	6	1338	0	0	0	0	0	0	0	5级绝影
14	21	6	1	500405	500406	0	0	0	6	1405	0	0	0	0	0	0	0	6级绝影
14	21	7	1	500405	500406	0	0	0	6	1475	0	0	0	0	0	0	0	7级绝影
14	21	8	1	500405	500406	0	0	0	6	1549	0	0	0	0	0	0	0	8级绝影
14	21	9	1	500405	500406	0	0	0	6	1626	0	0	0	0	0	0	0	9级绝影
14	21	10	1	500405	500406	0	0	0	6	1707	0	0	0	0	0	0	0	10级绝影
14	31	1	1	500405	500406	0	0	0	6	1100	0	0	0	0	0	0	0	1级绝影
14	31	2	1	500405	500406	0	0	0	6	1155	0	0	0	0	0	0	0	2级绝影
14	31	3	1	500405	500406	0	0	0	6	1213	0	0	0	0	0	0	0	3级绝影
14	31	4	1	500405	500406	0	0	0	6	1274	0	0	0	0	0	0	0	4级绝影
14	31	5	1	500405	500406	0	0	0	6	1338	0	0	0	0	0	0	0	5级绝影
14	31	6	1	500405	500406	0	0	0	6	1405	0	0	0	0	0	0	0	6级绝影
14	31	7	1	500405	500406	0	0	0	6	1475	0	0	0	0	0	0	0	7级绝影
14	31	8	1	500405	500406	0	0	0	6	1549	0	0	0	0	0	0	0	8级绝影
14	31	9	1	500405	500406	0	0	0	6	1626	0	0	0	0	0	0	0	9级绝影
14	31	10	1	500405	500406	0	0	0	6	1707	0	0	0	0	0	0	0	10级绝影
14	41	1	1	500405	500406	0	0	0	6	1100	0	0	0	0	0	0	0	1级绝影
14	41	2	1	500405	500406	0	0	0	6	1155	0	0	0	0	0	0	0	2级绝影
14	41	3	1	500405	500406	0	0	0	6	1213	0	0	0	0	0	0	0	3级绝影
14	41	4	1	500405	500406	0	0	0	6	1274	0	0	0	0	0	0	0	4级绝影
14	41	5	1	500405	500406	0	0	0	6	1338	0	0	0	0	0	0	0	5级绝影
14	41	6	1	500405	500406	0	0	0	6	1405	0	0	0	0	0	0	0	6级绝影
14	41	7	1	500405	500406	0	0	0	6	1475	0	0	0	0	0	0	0	7级绝影
14	41	8	1	500405	500406	0	0	0	6	1549	0	0	0	0	0	0	0	8级绝影
14	41	9	1	500405	500406	0	0	0	6	1626	0	0	0	0	0	0	0	9级绝影
14	41	10	1	500405	500406	0	0	0	6	1707	0	0	0	0	0	0	0	10级绝影
15	11	1	1	500406	500413	0	0	0	10	1100	0	0	0	0	0	0	0	1级威烈
15	11	2	1	500406	500413	0	0	0	10	1155	0	0	0	0	0	0	0	2级威烈
15	11	3	1	500406	500413	0	0	0	10	1213	0	0	0	0	0	0	0	3级威烈
15	11	4	1	500406	500413	0	0	0	10	1274	0	0	0	0	0	0	0	4级威烈
15	11	5	1	500406	500413	0	0	0	10	1338	0	0	0	0	0	0	0	5级威烈
15	11	6	1	500406	500413	0	0	0	10	1405	0	0	0	0	0	0	0	6级威烈
15	11	7	1	500406	500413	0	0	0	10	1475	0	0	0	0	0	0	0	7级威烈
15	11	8	1	500406	500413	0	0	0	10	1549	0	0	0	0	0	0	0	8级威烈
15	11	9	1	500406	500413	0	0	0	10	1626	0	0	0	0	0	0	0	9级威烈
15	11	10	1	500406	500413	0	0	0	10	1707	0	0	0	0	0	0	0	10级威烈
15	21	1	1	500406	500413	0	0	0	10	1100	0	0	0	0	0	0	0	1级威烈
15	21	2	1	500406	500413	0	0	0	10	1155	0	0	0	0	0	0	0	2级威烈
15	21	3	1	500406	500413	0	0	0	10	1213	0	0	0	0	0	0	0	3级威烈
15	21	4	1	500406	500413	0	0	0	10	1274	0	0	0	0	0	0	0	4级威烈
15	21	5	1	500406	500413	0	0	0	10	1338	0	0	0	0	0	0	0	5级威烈
15	21	6	1	500406	500413	0	0	0	10	1405	0	0	0	0	0	0	0	6级威烈
15	21	7	1	500406	500413	0	0	0	10	1475	0	0	0	0	0	0	0	7级威烈
15	21	8	1	500406	500413	0	0	0	10	1549	0	0	0	0	0	0	0	8级威烈
15	21	9	1	500406	500413	0	0	0	10	1626	0	0	0	0	0	0	0	9级威烈
15	21	10	1	500406	500413	0	0	0	10	1707	0	0	0	0	0	0	0	10级威烈
15	31	1	1	500406	500413	0	0	0	10	1100	0	0	0	0	0	0	0	1级威烈
15	31	2	1	500406	500413	0	0	0	10	1155	0	0	0	0	0	0	0	2级威烈
15	31	3	1	500406	500413	0	0	0	10	1213	0	0	0	0	0	0	0	3级威烈
15	31	4	1	500406	500413	0	0	0	10	1274	0	0	0	0	0	0	0	4级威烈
15	31	5	1	500406	500413	0	0	0	10	1338	0	0	0	0	0	0	0	5级威烈
15	31	6	1	500406	500413	0	0	0	10	1405	0	0	0	0	0	0	0	6级威烈
15	31	7	1	500406	500413	0	0	0	10	1475	0	0	0	0	0	0	0	7级威烈
15	31	8	1	500406	500413	0	0	0	10	1549	0	0	0	0	0	0	0	8级威烈
15	31	9	1	500406	500413	0	0	0	10	1626	0	0	0	0	0	0	0	9级威烈
15	31	10	1	500406	500413	0	0	0	10	1707	0	0	0	0	0	0	0	10级威烈
15	41	1	1	500406	500413	0	0	0	10	1100	0	0	0	0	0	0	0	1级威烈
15	41	2	1	500406	500413	0	0	0	10	1155	0	0	0	0	0	0	0	2级威烈
15	41	3	1	500406	500413	0	0	0	10	1213	0	0	0	0	0	0	0	3级威烈
15	41	4	1	500406	500413	0	0	0	10	1274	0	0	0	0	0	0	0	4级威烈
15	41	5	1	500406	500413	0	0	0	10	1338	0	0	0	0	0	0	0	5级威烈
15	41	6	1	500406	500413	0	0	0	10	1405	0	0	0	0	0	0	0	6级威烈
15	41	7	1	500406	500413	0	0	0	10	1475	0	0	0	0	0	0	0	7级威烈
15	41	8	1	500406	500413	0	0	0	10	1549	0	0	0	0	0	0	0	8级威烈
15	41	9	1	500406	500413	0	0	0	10	1626	0	0	0	0	0	0	0	9级威烈
15	41	10	1	500406	500413	0	0	0	10	1707	0	0	0	0	0	0	0	10级威烈
16	11	1	1	500413	500403	0	0	0	74	1100	0	0	0	0	0	0	0	1级破军
16	11	2	1	500413	500403	0	0	0	74	1155	0	0	0	0	0	0	0	2级破军
16	11	3	1	500413	500403	0	0	0	74	1213	0	0	0	0	0	0	0	3级破军
16	11	4	1	500413	500403	0	0	0	74	1274	0	0	0	0	0	0	0	4级破军
16	11	5	1	500413	500403	0	0	0	74	1338	0	0	0	0	0	0	0	5级破军
16	11	6	1	500413	500403	0	0	0	74	1405	0	0	0	0	0	0	0	6级破军
16	11	7	1	500413	500403	0	0	0	74	1475	0	0	0	0	0	0	0	7级破军
16	11	8	1	500413	500403	0	0	0	74	1549	0	0	0	0	0	0	0	8级破军
16	11	9	1	500413	500403	0	0	0	74	1626	0	0	0	0	0	0	0	9级破军
16	11	10	1	500413	500403	0	0	0	74	1707	0	0	0	0	0	0	0	10级破军
16	21	1	1	500413	500403	0	0	0	74	1100	0	0	0	0	0	0	0	1级破军
16	21	2	1	500413	500403	0	0	0	74	1155	0	0	0	0	0	0	0	2级破军
16	21	3	1	500413	500403	0	0	0	74	1213	0	0	0	0	0	0	0	3级破军
16	21	4	1	500413	500403	0	0	0	74	1274	0	0	0	0	0	0	0	4级破军
16	21	5	1	500413	500403	0	0	0	74	1338	0	0	0	0	0	0	0	5级破军
16	21	6	1	500413	500403	0	0	0	74	1405	0	0	0	0	0	0	0	6级破军
16	21	7	1	500413	500403	0	0	0	74	1475	0	0	0	0	0	0	0	7级破军
16	21	8	1	500413	500403	0	0	0	74	1549	0	0	0	0	0	0	0	8级破军
16	21	9	1	500413	500403	0	0	0	74	1626	0	0	0	0	0	0	0	9级破军
16	21	10	1	500413	500403	0	0	0	74	1707	0	0	0	0	0	0	0	10级破军
16	31	1	1	500413	500403	0	0	0	74	1100	0	0	0	0	0	0	0	1级破军
16	31	2	1	500413	500403	0	0	0	74	1155	0	0	0	0	0	0	0	2级破军
16	31	3	1	500413	500403	0	0	0	74	1213	0	0	0	0	0	0	0	3级破军
16	31	4	1	500413	500403	0	0	0	74	1274	0	0	0	0	0	0	0	4级破军
16	31	5	1	500413	500403	0	0	0	74	1338	0	0	0	0	0	0	0	5级破军
16	31	6	1	500413	500403	0	0	0	74	1405	0	0	0	0	0	0	0	6级破军
16	31	7	1	500413	500403	0	0	0	74	1475	0	0	0	0	0	0	0	7级破军
16	31	8	1	500413	500403	0	0	0	74	1549	0	0	0	0	0	0	0	8级破军
16	31	9	1	500413	500403	0	0	0	74	1626	0	0	0	0	0	0	0	9级破军
16	31	10	1	500413	500403	0	0	0	74	1707	0	0	0	0	0	0	0	10级破军
16	41	1	1	500413	500403	0	0	0	74	1100	0	0	0	0	0	0	0	1级破军
16	41	2	1	500413	500403	0	0	0	74	1155	0	0	0	0	0	0	0	2级破军
16	41	3	1	500413	500403	0	0	0	74	1213	0	0	0	0	0	0	0	3级破军
16	41	4	1	500413	500403	0	0	0	74	1274	0	0	0	0	0	0	0	4级破军
16	41	5	1	500413	500403	0	0	0	74	1338	0	0	0	0	0	0	0	5级破军
16	41	6	1	500413	500403	0	0	0	74	1405	0	0	0	0	0	0	0	6级破军
16	41	7	1	500413	500403	0	0	0	74	1475	0	0	0	0	0	0	0	7级破军
16	41	8	1	500413	500403	0	0	0	74	1549	0	0	0	0	0	0	0	8级破军
16	41	9	1	500413	500403	0	0	0	74	1626	0	0	0	0	0	0	0	9级破军
16	41	10	1	500413	500403	0	0	0	74	1707	0	0	0	0	0	0	0	10级破军
17	11	1	1	500409	500407	0	0	0	8	1100	0	0	0	0	0	0	0	1级磐石
17	11	2	1	500409	500407	0	0	0	8	1155	0	0	0	0	0	0	0	2级磐石
17	11	3	1	500409	500407	0	0	0	8	1213	0	0	0	0	0	0	0	3级磐石
17	11	4	1	500409	500407	0	0	0	8	1274	0	0	0	0	0	0	0	4级磐石
17	11	5	1	500409	500407	0	0	0	8	1338	0	0	0	0	0	0	0	5级磐石
17	11	6	1	500409	500407	0	0	0	8	1405	0	0	0	0	0	0	0	6级磐石
17	11	7	1	500409	500407	0	0	0	8	1475	0	0	0	0	0	0	0	7级磐石
17	11	8	1	500409	500407	0	0	0	8	1549	0	0	0	0	0	0	0	8级磐石
17	11	9	1	500409	500407	0	0	0	8	1626	0	0	0	0	0	0	0	9级磐石
17	11	10	1	500409	500407	0	0	0	8	1707	0	0	0	0	0	0	0	10级磐石
17	21	1	1	500409	500407	0	0	0	8	1100	0	0	0	0	0	0	0	1级磐石
17	21	2	1	500409	500407	0	0	0	8	1155	0	0	0	0	0	0	0	2级磐石
17	21	3	1	500409	500407	0	0	0	8	1213	0	0	0	0	0	0	0	3级磐石
17	21	4	1	500409	500407	0	0	0	8	1274	0	0	0	0	0	0	0	4级磐石
17	21	5	1	500409	500407	0	0	0	8	1338	0	0	0	0	0	0	0	5级磐石
17	21	6	1	500409	500407	0	0	0	8	1405	0	0	0	0	0	0	0	6级磐石
17	21	7	1	500409	500407	0	0	0	8	1475	0	0	0	0	0	0	0	7级磐石
17	21	8	1	500409	500407	0	0	0	8	1549	0	0	0	0	0	0	0	8级磐石
17	21	9	1	500409	500407	0	0	0	8	1626	0	0	0	0	0	0	0	9级磐石
17	21	10	1	500409	500407	0	0	0	8	1707	0	0	0	0	0	0	0	10级磐石
17	31	1	1	500409	500407	0	0	0	8	1100	0	0	0	0	0	0	0	1级磐石
17	31	2	1	500409	500407	0	0	0	8	1155	0	0	0	0	0	0	0	2级磐石
17	31	3	1	500409	500407	0	0	0	8	1213	0	0	0	0	0	0	0	3级磐石
17	31	4	1	500409	500407	0	0	0	8	1274	0	0	0	0	0	0	0	4级磐石
17	31	5	1	500409	500407	0	0	0	8	1338	0	0	0	0	0	0	0	5级磐石
17	31	6	1	500409	500407	0	0	0	8	1405	0	0	0	0	0	0	0	6级磐石
17	31	7	1	500409	500407	0	0	0	8	1475	0	0	0	0	0	0	0	7级磐石
17	31	8	1	500409	500407	0	0	0	8	1549	0	0	0	0	0	0	0	8级磐石
17	31	9	1	500409	500407	0	0	0	8	1626	0	0	0	0	0	0	0	9级磐石
17	31	10	1	500409	500407	0	0	0	8	1707	0	0	0	0	0	0	0	10级磐石
17	41	1	1	500409	500407	0	0	0	8	1100	0	0	0	0	0	0	0	1级磐石
17	41	2	1	500409	500407	0	0	0	8	1155	0	0	0	0	0	0	0	2级磐石
17	41	3	1	500409	500407	0	0	0	8	1213	0	0	0	0	0	0	0	3级磐石
17	41	4	1	500409	500407	0	0	0	8	1274	0	0	0	0	0	0	0	4级磐石
17	41	5	1	500409	500407	0	0	0	8	1338	0	0	0	0	0	0	0	5级磐石
17	41	6	1	500409	500407	0	0	0	8	1405	0	0	0	0	0	0	0	6级磐石
17	41	7	1	500409	500407	0	0	0	8	1475	0	0	0	0	0	0	0	7级磐石
17	41	8	1	500409	500407	0	0	0	8	1549	0	0	0	0	0	0	0	8级磐石
17	41	9	1	500409	500407	0	0	0	8	1626	0	0	0	0	0	0	0	9级磐石
17	41	10	1	500409	500407	0	0	0	8	1707	0	0	0	0	0	0	0	10级磐石
18	11	1	1	500407	500412	0	0	0	5	1100	0	0	0	0	0	0	0	1级精准
18	11	2	1	500407	500412	0	0	0	5	1155	0	0	0	0	0	0	0	2级精准
18	11	3	1	500407	500412	0	0	0	5	1213	0	0	0	0	0	0	0	3级精准
18	11	4	1	500407	500412	0	0	0	5	1274	0	0	0	0	0	0	0	4级精准
18	11	5	1	500407	500412	0	0	0	5	1338	0	0	0	0	0	0	0	5级精准
18	11	6	1	500407	500412	0	0	0	5	1405	0	0	0	0	0	0	0	6级精准
18	11	7	1	500407	500412	0	0	0	5	1475	0	0	0	0	0	0	0	7级精准
18	11	8	1	500407	500412	0	0	0	5	1549	0	0	0	0	0	0	0	8级精准
18	11	9	1	500407	500412	0	0	0	5	1626	0	0	0	0	0	0	0	9级精准
18	11	10	1	500407	500412	0	0	0	5	1707	0	0	0	0	0	0	0	10级精准
18	21	1	1	500407	500412	0	0	0	5	1100	0	0	0	0	0	0	0	1级精准
18	21	2	1	500407	500412	0	0	0	5	1155	0	0	0	0	0	0	0	2级精准
18	21	3	1	500407	500412	0	0	0	5	1213	0	0	0	0	0	0	0	3级精准
18	21	4	1	500407	500412	0	0	0	5	1274	0	0	0	0	0	0	0	4级精准
18	21	5	1	500407	500412	0	0	0	5	1338	0	0	0	0	0	0	0	5级精准
18	21	6	1	500407	500412	0	0	0	5	1405	0	0	0	0	0	0	0	6级精准
18	21	7	1	500407	500412	0	0	0	5	1475	0	0	0	0	0	0	0	7级精准
18	21	8	1	500407	500412	0	0	0	5	1549	0	0	0	0	0	0	0	8级精准
18	21	9	1	500407	500412	0	0	0	5	1626	0	0	0	0	0	0	0	9级精准
18	21	10	1	500407	500412	0	0	0	5	1707	0	0	0	0	0	0	0	10级精准
18	31	1	1	500407	500412	0	0	0	5	1100	0	0	0	0	0	0	0	1级精准
18	31	2	1	500407	500412	0	0	0	5	1155	0	0	0	0	0	0	0	2级精准
18	31	3	1	500407	500412	0	0	0	5	1213	0	0	0	0	0	0	0	3级精准
18	31	4	1	500407	500412	0	0	0	5	1274	0	0	0	0	0	0	0	4级精准
18	31	5	1	500407	500412	0	0	0	5	1338	0	0	0	0	0	0	0	5级精准
18	31	6	1	500407	500412	0	0	0	5	1405	0	0	0	0	0	0	0	6级精准
18	31	7	1	500407	500412	0	0	0	5	1475	0	0	0	0	0	0	0	7级精准
18	31	8	1	500407	500412	0	0	0	5	1549	0	0	0	0	0	0	0	8级精准
18	31	9	1	500407	500412	0	0	0	5	1626	0	0	0	0	0	0	0	9级精准
18	31	10	1	500407	500412	0	0	0	5	1707	0	0	0	0	0	0	0	10级精准
18	41	1	1	500407	500412	0	0	0	5	1100	0	0	0	0	0	0	0	1级精准
18	41	2	1	500407	500412	0	0	0	5	1155	0	0	0	0	0	0	0	2级精准
18	41	3	1	500407	500412	0	0	0	5	1213	0	0	0	0	0	0	0	3级精准
18	41	4	1	500407	500412	0	0	0	5	1274	0	0	0	0	0	0	0	4级精准
18	41	5	1	500407	500412	0	0	0	5	1338	0	0	0	0	0	0	0	5级精准
18	41	6	1	500407	500412	0	0	0	5	1405	0	0	0	0	0	0	0	6级精准
18	41	7	1	500407	500412	0	0	0	5	1475	0	0	0	0	0	0	0	7级精准
18	41	8	1	500407	500412	0	0	0	5	1549	0	0	0	0	0	0	0	8级精准
18	41	9	1	500407	500412	0	0	0	5	1626	0	0	0	0	0	0	0	9级精准
18	41	10	1	500407	500412	0	0	0	5	1707	0	0	0	0	0	0	0	10级精准
19	11	1	1	500412	500404	0	0	0	11	1100	0	0	0	0	0	0	0	1级静心
19	11	2	1	500412	500404	0	0	0	11	1155	0	0	0	0	0	0	0	2级静心
19	11	3	1	500412	500404	0	0	0	11	1213	0	0	0	0	0	0	0	3级静心
19	11	4	1	500412	500404	0	0	0	11	1274	0	0	0	0	0	0	0	4级静心
19	11	5	1	500412	500404	0	0	0	11	1338	0	0	0	0	0	0	0	5级静心
19	11	6	1	500412	500404	0	0	0	11	1405	0	0	0	0	0	0	0	6级静心
19	11	7	1	500412	500404	0	0	0	11	1475	0	0	0	0	0	0	0	7级静心
19	11	8	1	500412	500404	0	0	0	11	1549	0	0	0	0	0	0	0	8级静心
19	11	9	1	500412	500404	0	0	0	11	1626	0	0	0	0	0	0	0	9级静心
19	11	10	1	500412	500404	0	0	0	11	1707	0	0	0	0	0	0	0	10级静心
19	21	1	1	500412	500404	0	0	0	11	1100	0	0	0	0	0	0	0	1级静心
19	21	2	1	500412	500404	0	0	0	11	1155	0	0	0	0	0	0	0	2级静心
19	21	3	1	500412	500404	0	0	0	11	1213	0	0	0	0	0	0	0	3级静心
19	21	4	1	500412	500404	0	0	0	11	1274	0	0	0	0	0	0	0	4级静心
19	21	5	1	500412	500404	0	0	0	11	1338	0	0	0	0	0	0	0	5级静心
19	21	6	1	500412	500404	0	0	0	11	1405	0	0	0	0	0	0	0	6级静心
19	21	7	1	500412	500404	0	0	0	11	1475	0	0	0	0	0	0	0	7级静心
19	21	8	1	500412	500404	0	0	0	11	1549	0	0	0	0	0	0	0	8级静心
19	21	9	1	500412	500404	0	0	0	11	1626	0	0	0	0	0	0	0	9级静心
19	21	10	1	500412	500404	0	0	0	11	1707	0	0	0	0	0	0	0	10级静心
19	31	1	1	500412	500404	0	0	0	11	1100	0	0	0	0	0	0	0	1级静心
19	31	2	1	500412	500404	0	0	0	11	1155	0	0	0	0	0	0	0	2级静心
19	31	3	1	500412	500404	0	0	0	11	1213	0	0	0	0	0	0	0	3级静心
19	31	4	1	500412	500404	0	0	0	11	1274	0	0	0	0	0	0	0	4级静心
19	31	5	1	500412	500404	0	0	0	11	1338	0	0	0	0	0	0	0	5级静心
19	31	6	1	500412	500404	0	0	0	11	1405	0	0	0	0	0	0	0	6级静心
19	31	7	1	500412	500404	0	0	0	11	1475	0	0	0	0	0	0	0	7级静心
19	31	8	1	500412	500404	0	0	0	11	1549	0	0	0	0	0	0	0	8级静心
19	31	9	1	500412	500404	0	0	0	11	1626	0	0	0	0	0	0	0	9级静心
19	31	10	1	500412	500404	0	0	0	11	1707	0	0	0	0	0	0	0	10级静心
19	41	1	1	500412	500404	0	0	0	11	1100	0	0	0	0	0	0	0	1级静心
19	41	2	1	500412	500404	0	0	0	11	1155	0	0	0	0	0	0	0	2级静心
19	41	3	1	500412	500404	0	0	0	11	1213	0	0	0	0	0	0	0	3级静心
19	41	4	1	500412	500404	0	0	0	11	1274	0	0	0	0	0	0	0	4级静心
19	41	5	1	500412	500404	0	0	0	11	1338	0	0	0	0	0	0	0	5级静心
19	41	6	1	500412	500404	0	0	0	11	1405	0	0	0	0	0	0	0	6级静心
19	41	7	1	500412	500404	0	0	0	11	1475	0	0	0	0	0	0	0	7级静心
19	41	8	1	500412	500404	0	0	0	11	1549	0	0	0	0	0	0	0	8级静心
19	41	9	1	500412	500404	0	0	0	11	1626	0	0	0	0	0	0	0	9级静心
19	41	10	1	500412	500404	0	0	0	11	1707	0	0	0	0	0	0	0	10级静心
20	11	1	1	500404	500409	0	0	0	75	1100	0	0	0	0	0	0	0	1级盾墙
20	11	2	1	500404	500409	0	0	0	75	1155	0	0	0	0	0	0	0	2级盾墙
20	11	3	1	500404	500409	0	0	0	75	1213	0	0	0	0	0	0	0	3级盾墙
20	11	4	1	500404	500409	0	0	0	75	1274	0	0	0	0	0	0	0	4级盾墙
20	11	5	1	500404	500409	0	0	0	75	1338	0	0	0	0	0	0	0	5级盾墙
20	11	6	1	500404	500409	0	0	0	75	1405	0	0	0	0	0	0	0	6级盾墙
20	11	7	1	500404	500409	0	0	0	75	1475	0	0	0	0	0	0	0	7级盾墙
20	11	8	1	500404	500409	0	0	0	75	1549	0	0	0	0	0	0	0	8级盾墙
20	11	9	1	500404	500409	0	0	0	75	1626	0	0	0	0	0	0	0	9级盾墙
20	11	10	1	500404	500409	0	0	0	75	1707	0	0	0	0	0	0	0	10级盾墙
20	21	1	1	500404	500409	0	0	0	75	1100	0	0	0	0	0	0	0	1级盾墙
20	21	2	1	500404	500409	0	0	0	75	1155	0	0	0	0	0	0	0	2级盾墙
20	21	3	1	500404	500409	0	0	0	75	1213	0	0	0	0	0	0	0	3级盾墙
20	21	4	1	500404	500409	0	0	0	75	1274	0	0	0	0	0	0	0	4级盾墙
20	21	5	1	500404	500409	0	0	0	75	1338	0	0	0	0	0	0	0	5级盾墙
20	21	6	1	500404	500409	0	0	0	75	1405	0	0	0	0	0	0	0	6级盾墙
20	21	7	1	500404	500409	0	0	0	75	1475	0	0	0	0	0	0	0	7级盾墙
20	21	8	1	500404	500409	0	0	0	75	1549	0	0	0	0	0	0	0	8级盾墙
20	21	9	1	500404	500409	0	0	0	75	1626	0	0	0	0	0	0	0	9级盾墙
20	21	10	1	500404	500409	0	0	0	75	1707	0	0	0	0	0	0	0	10级盾墙
20	31	1	1	500404	500409	0	0	0	75	1100	0	0	0	0	0	0	0	1级盾墙
20	31	2	1	500404	500409	0	0	0	75	1155	0	0	0	0	0	0	0	2级盾墙
20	31	3	1	500404	500409	0	0	0	75	1213	0	0	0	0	0	0	0	3级盾墙
20	31	4	1	500404	500409	0	0	0	75	1274	0	0	0	0	0	0	0	4级盾墙
20	31	5	1	500404	500409	0	0	0	75	1338	0	0	0	0	0	0	0	5级盾墙
20	31	6	1	500404	500409	0	0	0	75	1405	0	0	0	0	0	0	0	6级盾墙
20	31	7	1	500404	500409	0	0	0	75	1475	0	0	0	0	0	0	0	7级盾墙
20	31	8	1	500404	500409	0	0	0	75	1549	0	0	0	0	0	0	0	8级盾墙
20	31	9	1	500404	500409	0	0	0	75	1626	0	0	0	0	0	0	0	9级盾墙
20	31	10	1	500404	500409	0	0	0	75	1707	0	0	0	0	0	0	0	10级盾墙
20	41	1	1	500404	500409	0	0	0	75	1100	0	0	0	0	0	0	0	1级盾墙
20	41	2	1	500404	500409	0	0	0	75	1155	0	0	0	0	0	0	0	2级盾墙
20	41	3	1	500404	500409	0	0	0	75	1213	0	0	0	0	0	0	0	3级盾墙
20	41	4	1	500404	500409	0	0	0	75	1274	0	0	0	0	0	0	0	4级盾墙
20	41	5	1	500404	500409	0	0	0	75	1338	0	0	0	0	0	0	0	5级盾墙
20	41	6	1	500404	500409	0	0	0	75	1405	0	0	0	0	0	0	0	6级盾墙
20	41	7	1	500404	500409	0	0	0	75	1475	0	0	0	0	0	0	0	7级盾墙
20	41	8	1	500404	500409	0	0	0	75	1549	0	0	0	0	0	0	0	8级盾墙
20	41	9	1	500404	500409	0	0	0	75	1626	0	0	0	0	0	0	0	9级盾墙
20	41	10	1	500404	500409	0	0	0	75	1707	0	0	0	0	0	0	0	10级盾墙
21	11	1	1	500409	500408	0	0	0	67	10286	0	0	0	0	0	0	0	1级强击
21	11	2	1	500409	500408	0	0	0	67	10800	0	0	0	0	0	0	0	2级强击
21	11	3	1	500409	500408	0	0	0	67	11340	0	0	0	0	0	0	0	3级强击
21	11	4	1	500409	500408	0	0	0	67	11907	0	0	0	0	0	0	0	4级强击
21	11	5	1	500409	500408	0	0	0	67	12502	0	0	0	0	0	0	0	5级强击
21	11	6	1	500409	500408	0	0	0	67	13127	0	0	0	0	0	0	0	6级强击
21	11	7	1	500409	500408	0	0	0	67	13783	0	0	0	0	0	0	0	7级强击
21	11	8	1	500409	500408	0	0	0	67	14472	0	0	0	0	0	0	0	8级强击
21	11	9	1	500409	500408	0	0	0	67	15196	0	0	0	0	0	0	0	9级强击
21	11	10	1	500409	500408	0	0	0	67	15956	0	0	0	0	0	0	0	10级强击
21	21	1	1	500409	500408	0	0	0	70	10286	0	0	0	0	0	0	0	1级强击
21	21	2	1	500409	500408	0	0	0	70	10800	0	0	0	0	0	0	0	2级强击
21	21	3	1	500409	500408	0	0	0	70	11340	0	0	0	0	0	0	0	3级强击
21	21	4	1	500409	500408	0	0	0	70	11907	0	0	0	0	0	0	0	4级强击
21	21	5	1	500409	500408	0	0	0	70	12502	0	0	0	0	0	0	0	5级强击
21	21	6	1	500409	500408	0	0	0	70	13127	0	0	0	0	0	0	0	6级强击
21	21	7	1	500409	500408	0	0	0	70	13783	0	0	0	0	0	0	0	7级强击
21	21	8	1	500409	500408	0	0	0	70	14472	0	0	0	0	0	0	0	8级强击
21	21	9	1	500409	500408	0	0	0	70	15196	0	0	0	0	0	0	0	9级强击
21	21	10	1	500409	500408	0	0	0	70	15956	0	0	0	0	0	0	0	10级强击
21	31	1	1	500409	500408	0	0	0	67	10286	0	0	0	0	0	0	0	1级强击
21	31	2	1	500409	500408	0	0	0	67	10800	0	0	0	0	0	0	0	2级强击
21	31	3	1	500409	500408	0	0	0	67	11340	0	0	0	0	0	0	0	3级强击
21	31	4	1	500409	500408	0	0	0	67	11907	0	0	0	0	0	0	0	4级强击
21	31	5	1	500409	500408	0	0	0	67	12502	0	0	0	0	0	0	0	5级强击
21	31	6	1	500409	500408	0	0	0	67	13127	0	0	0	0	0	0	0	6级强击
21	31	7	1	500409	500408	0	0	0	67	13783	0	0	0	0	0	0	0	7级强击
21	31	8	1	500409	500408	0	0	0	67	14472	0	0	0	0	0	0	0	8级强击
21	31	9	1	500409	500408	0	0	0	67	15196	0	0	0	0	0	0	0	9级强击
21	31	10	1	500409	500408	0	0	0	67	15956	0	0	0	0	0	0	0	10级强击
21	41	1	1	500409	500408	0	0	0	70	10286	0	0	0	0	0	0	0	1级强击
21	41	2	1	500409	500408	0	0	0	70	10800	0	0	0	0	0	0	0	2级强击
21	41	3	1	500409	500408	0	0	0	70	11340	0	0	0	0	0	0	0	3级强击
21	41	4	1	500409	500408	0	0	0	70	11907	0	0	0	0	0	0	0	4级强击
21	41	5	1	500409	500408	0	0	0	70	12502	0	0	0	0	0	0	0	5级强击
21	41	6	1	500409	500408	0	0	0	70	13127	0	0	0	0	0	0	0	6级强击
21	41	7	1	500409	500408	0	0	0	70	13783	0	0	0	0	0	0	0	7级强击
21	41	8	1	500409	500408	0	0	0	70	14472	0	0	0	0	0	0	0	8级强击
21	41	9	1	500409	500408	0	0	0	70	15196	0	0	0	0	0	0	0	9级强击
21	41	10	1	500409	500408	0	0	0	70	15956	0	0	0	0	0	0	0	10级强击
22	11	1	1	500408	500410	0	0	0	68	5143	71	5143	0	0	0	0	0	1级铁壁
22	11	2	1	500408	500410	0	0	0	68	5400	71	5143	0	0	0	0	0	2级铁壁
22	11	3	1	500408	500410	0	0	0	68	5670	71	5143	0	0	0	0	0	3级铁壁
22	11	4	1	500408	500410	0	0	0	68	5954	71	5143	0	0	0	0	0	4级铁壁
22	11	5	1	500408	500410	0	0	0	68	6252	71	5143	0	0	0	0	0	5级铁壁
22	11	6	1	500408	500410	0	0	0	68	6565	71	5143	0	0	0	0	0	6级铁壁
22	11	7	1	500408	500410	0	0	0	68	6893	71	5143	0	0	0	0	0	7级铁壁
22	11	8	1	500408	500410	0	0	0	68	7238	71	5143	0	0	0	0	0	8级铁壁
22	11	9	1	500408	500410	0	0	0	68	7600	71	5143	0	0	0	0	0	9级铁壁
22	11	10	1	500408	500410	0	0	0	68	7980	71	5143	0	0	0	0	0	10级铁壁
22	21	1	1	500408	500410	0	0	0	68	5143	71	5143	0	0	0	0	0	1级铁壁
22	21	2	1	500408	500410	0	0	0	68	5400	71	5143	0	0	0	0	0	2级铁壁
22	21	3	1	500408	500410	0	0	0	68	5670	71	5143	0	0	0	0	0	3级铁壁
22	21	4	1	500408	500410	0	0	0	68	5954	71	5143	0	0	0	0	0	4级铁壁
22	21	5	1	500408	500410	0	0	0	68	6252	71	5143	0	0	0	0	0	5级铁壁
22	21	6	1	500408	500410	0	0	0	68	6565	71	5143	0	0	0	0	0	6级铁壁
22	21	7	1	500408	500410	0	0	0	68	6893	71	5143	0	0	0	0	0	7级铁壁
22	21	8	1	500408	500410	0	0	0	68	7238	71	5143	0	0	0	0	0	8级铁壁
22	21	9	1	500408	500410	0	0	0	68	7600	71	5143	0	0	0	0	0	9级铁壁
22	21	10	1	500408	500410	0	0	0	68	7980	71	5143	0	0	0	0	0	10级铁壁
22	31	1	1	500408	500410	0	0	0	68	5143	71	5143	0	0	0	0	0	1级铁壁
22	31	2	1	500408	500410	0	0	0	68	5400	71	5143	0	0	0	0	0	2级铁壁
22	31	3	1	500408	500410	0	0	0	68	5670	71	5143	0	0	0	0	0	3级铁壁
22	31	4	1	500408	500410	0	0	0	68	5954	71	5143	0	0	0	0	0	4级铁壁
22	31	5	1	500408	500410	0	0	0	68	6252	71	5143	0	0	0	0	0	5级铁壁
22	31	6	1	500408	500410	0	0	0	68	6565	71	5143	0	0	0	0	0	6级铁壁
22	31	7	1	500408	500410	0	0	0	68	6893	71	5143	0	0	0	0	0	7级铁壁
22	31	8	1	500408	500410	0	0	0	68	7238	71	5143	0	0	0	0	0	8级铁壁
22	31	9	1	500408	500410	0	0	0	68	7600	71	5143	0	0	0	0	0	9级铁壁
22	31	10	1	500408	500410	0	0	0	68	7980	71	5143	0	0	0	0	0	10级铁壁
22	41	1	1	500408	500410	0	0	0	68	5143	71	5143	0	0	0	0	0	1级铁壁
22	41	2	1	500408	500410	0	0	0	68	5400	71	5143	0	0	0	0	0	2级铁壁
22	41	3	1	500408	500410	0	0	0	68	5670	71	5143	0	0	0	0	0	3级铁壁
22	41	4	1	500408	500410	0	0	0	68	5954	71	5143	0	0	0	0	0	4级铁壁
22	41	5	1	500408	500410	0	0	0	68	6252	71	5143	0	0	0	0	0	5级铁壁
22	41	6	1	500408	500410	0	0	0	68	6565	71	5143	0	0	0	0	0	6级铁壁
22	41	7	1	500408	500410	0	0	0	68	6893	71	5143	0	0	0	0	0	7级铁壁
22	41	8	1	500408	500410	0	0	0	68	7238	71	5143	0	0	0	0	0	8级铁壁
22	41	9	1	500408	500410	0	0	0	68	7600	71	5143	0	0	0	0	0	9级铁壁
22	41	10	1	500408	500410	0	0	0	68	7980	71	5143	0	0	0	0	0	10级铁壁
23	11	1	1	500410	500401	0	0	0	77	500	0	0	0	0	0	0	0	1级铜皮
23	11	2	1	500410	500401	0	0	0	77	525	0	0	0	0	0	0	0	2级铜皮
23	11	3	1	500410	500401	0	0	0	77	551	0	0	0	0	0	0	0	3级铜皮
23	11	4	1	500410	500401	0	0	0	77	579	0	0	0	0	0	0	0	4级铜皮
23	11	5	1	500410	500401	0	0	0	77	608	0	0	0	0	0	0	0	5级铜皮
23	11	6	1	500410	500401	0	0	0	77	638	0	0	0	0	0	0	0	6级铜皮
23	11	7	1	500410	500401	0	0	0	77	670	0	0	0	0	0	0	0	7级铜皮
23	11	8	1	500410	500401	0	0	0	77	704	0	0	0	0	0	0	0	8级铜皮
23	11	9	1	500410	500401	0	0	0	77	739	0	0	0	0	0	0	0	9级铜皮
23	11	10	1	500410	500401	0	0	0	77	776	0	0	0	0	0	0	0	10级铜皮
23	21	1	1	500410	500401	0	0	0	77	500	0	0	0	0	0	0	0	1级铜皮
23	21	2	1	500410	500401	0	0	0	77	525	0	0	0	0	0	0	0	2级铜皮
23	21	3	1	500410	500401	0	0	0	77	551	0	0	0	0	0	0	0	3级铜皮
23	21	4	1	500410	500401	0	0	0	77	579	0	0	0	0	0	0	0	4级铜皮
23	21	5	1	500410	500401	0	0	0	77	608	0	0	0	0	0	0	0	5级铜皮
23	21	6	1	500410	500401	0	0	0	77	638	0	0	0	0	0	0	0	6级铜皮
23	21	7	1	500410	500401	0	0	0	77	670	0	0	0	0	0	0	0	7级铜皮
23	21	8	1	500410	500401	0	0	0	77	704	0	0	0	0	0	0	0	8级铜皮
23	21	9	1	500410	500401	0	0	0	77	739	0	0	0	0	0	0	0	9级铜皮
23	21	10	1	500410	500401	0	0	0	77	776	0	0	0	0	0	0	0	10级铜皮
23	31	1	1	500410	500401	0	0	0	77	500	0	0	0	0	0	0	0	1级铜皮
23	31	2	1	500410	500401	0	0	0	77	525	0	0	0	0	0	0	0	2级铜皮
23	31	3	1	500410	500401	0	0	0	77	551	0	0	0	0	0	0	0	3级铜皮
23	31	4	1	500410	500401	0	0	0	77	579	0	0	0	0	0	0	0	4级铜皮
23	31	5	1	500410	500401	0	0	0	77	608	0	0	0	0	0	0	0	5级铜皮
23	31	6	1	500410	500401	0	0	0	77	638	0	0	0	0	0	0	0	6级铜皮
23	31	7	1	500410	500401	0	0	0	77	670	0	0	0	0	0	0	0	7级铜皮
23	31	8	1	500410	500401	0	0	0	77	704	0	0	0	0	0	0	0	8级铜皮
23	31	9	1	500410	500401	0	0	0	77	739	0	0	0	0	0	0	0	9级铜皮
23	31	10	1	500410	500401	0	0	0	77	776	0	0	0	0	0	0	0	10级铜皮
23	41	1	1	500410	500401	0	0	0	77	500	0	0	0	0	0	0	0	1级铜皮
23	41	2	1	500410	500401	0	0	0	77	525	0	0	0	0	0	0	0	2级铜皮
23	41	3	1	500410	500401	0	0	0	77	551	0	0	0	0	0	0	0	3级铜皮
23	41	4	1	500410	500401	0	0	0	77	579	0	0	0	0	0	0	0	4级铜皮
23	41	5	1	500410	500401	0	0	0	77	608	0	0	0	0	0	0	0	5级铜皮
23	41	6	1	500410	500401	0	0	0	77	638	0	0	0	0	0	0	0	6级铜皮
23	41	7	1	500410	500401	0	0	0	77	670	0	0	0	0	0	0	0	7级铜皮
23	41	8	1	500410	500401	0	0	0	77	704	0	0	0	0	0	0	0	8级铜皮
23	41	9	1	500410	500401	0	0	0	77	739	0	0	0	0	0	0	0	9级铜皮
23	41	10	1	500410	500401	0	0	0	77	776	0	0	0	0	0	0	0	10级铜皮
24	11	1	1	500401	500403	0	0	0	76	500	0	0	0	0	0	0	0	1级巨大化
24	11	2	1	500401	500403	0	0	0	76	525	0	0	0	0	0	0	0	2级巨大化
24	11	3	1	500401	500403	0	0	0	76	551	0	0	0	0	0	0	0	3级巨大化
24	11	4	1	500401	500403	0	0	0	76	579	0	0	0	0	0	0	0	4级巨大化
24	11	5	1	500401	500403	0	0	0	76	608	0	0	0	0	0	0	0	5级巨大化
24	11	6	1	500401	500403	0	0	0	76	638	0	0	0	0	0	0	0	6级巨大化
24	11	7	1	500401	500403	0	0	0	76	670	0	0	0	0	0	0	0	7级巨大化
24	11	8	1	500401	500403	0	0	0	76	704	0	0	0	0	0	0	0	8级巨大化
24	11	9	1	500401	500403	0	0	0	76	739	0	0	0	0	0	0	0	9级巨大化
24	11	10	1	500401	500403	0	0	0	76	776	0	0	0	0	0	0	0	10级巨大化
24	21	1	1	500401	500403	0	0	0	76	500	0	0	0	0	0	0	0	1级巨大化
24	21	2	1	500401	500403	0	0	0	76	525	0	0	0	0	0	0	0	2级巨大化
24	21	3	1	500401	500403	0	0	0	76	551	0	0	0	0	0	0	0	3级巨大化
24	21	4	1	500401	500403	0	0	0	76	579	0	0	0	0	0	0	0	4级巨大化
24	21	5	1	500401	500403	0	0	0	76	608	0	0	0	0	0	0	0	5级巨大化
24	21	6	1	500401	500403	0	0	0	76	638	0	0	0	0	0	0	0	6级巨大化
24	21	7	1	500401	500403	0	0	0	76	670	0	0	0	0	0	0	0	7级巨大化
24	21	8	1	500401	500403	0	0	0	76	704	0	0	0	0	0	0	0	8级巨大化
24	21	9	1	500401	500403	0	0	0	76	739	0	0	0	0	0	0	0	9级巨大化
24	21	10	1	500401	500403	0	0	0	76	776	0	0	0	0	0	0	0	10级巨大化
24	31	1	1	500401	500403	0	0	0	76	500	0	0	0	0	0	0	0	1级巨大化
24	31	2	1	500401	500403	0	0	0	76	525	0	0	0	0	0	0	0	2级巨大化
24	31	3	1	500401	500403	0	0	0	76	551	0	0	0	0	0	0	0	3级巨大化
24	31	4	1	500401	500403	0	0	0	76	579	0	0	0	0	0	0	0	4级巨大化
24	31	5	1	500401	500403	0	0	0	76	608	0	0	0	0	0	0	0	5级巨大化
24	31	6	1	500401	500403	0	0	0	76	638	0	0	0	0	0	0	0	6级巨大化
24	31	7	1	500401	500403	0	0	0	76	670	0	0	0	0	0	0	0	7级巨大化
24	31	8	1	500401	500403	0	0	0	76	704	0	0	0	0	0	0	0	8级巨大化
24	31	9	1	500401	500403	0	0	0	76	739	0	0	0	0	0	0	0	9级巨大化
24	31	10	1	500401	500403	0	0	0	76	776	0	0	0	0	0	0	0	10级巨大化
24	41	1	1	500401	500403	0	0	0	76	500	0	0	0	0	0	0	0	1级巨大化
24	41	2	1	500401	500403	0	0	0	76	525	0	0	0	0	0	0	0	2级巨大化
24	41	3	1	500401	500403	0	0	0	76	551	0	0	0	0	0	0	0	3级巨大化
24	41	4	1	500401	500403	0	0	0	76	579	0	0	0	0	0	0	0	4级巨大化
24	41	5	1	500401	500403	0	0	0	76	608	0	0	0	0	0	0	0	5级巨大化
24	41	6	1	500401	500403	0	0	0	76	638	0	0	0	0	0	0	0	6级巨大化
24	41	7	1	500401	500403	0	0	0	76	670	0	0	0	0	0	0	0	7级巨大化
24	41	8	1	500401	500403	0	0	0	76	704	0	0	0	0	0	0	0	8级巨大化
24	41	9	1	500401	500403	0	0	0	76	739	0	0	0	0	0	0	0	9级巨大化
24	41	10	1	500401	500403	0	0	0	76	776	0	0	0	0	0	0	0	10级巨大化
25	11	1	1	500503	500505	0	0	0	7	1400	0	0	0	0	0	0	0	1级乾坤
25	11	2	1	500503	500505	0	0	0	7	1470	0	0	0	0	0	0	0	2级乾坤
25	11	3	1	500503	500505	0	0	0	7	1544	0	0	0	0	0	0	0	3级乾坤
25	11	4	1	500503	500505	0	0	0	7	1621	0	0	0	0	0	0	0	4级乾坤
25	11	5	1	500503	500505	0	0	0	7	1702	0	0	0	0	0	0	0	5级乾坤
25	11	6	1	500503	500505	0	0	0	7	1787	0	0	0	0	0	0	0	6级乾坤
25	11	7	1	500503	500505	0	0	0	7	1876	0	0	0	0	0	0	0	7级乾坤
25	11	8	1	500503	500505	0	0	0	7	1970	0	0	0	0	0	0	0	8级乾坤
25	11	9	1	500503	500505	0	0	0	7	2069	0	0	0	0	0	0	0	9级乾坤
25	11	10	1	500503	500505	0	0	0	7	2172	0	0	0	0	0	0	0	10级乾坤
25	21	1	1	500503	500505	0	0	0	7	1400	0	0	0	0	0	0	0	1级乾坤
25	21	2	1	500503	500505	0	0	0	7	1470	0	0	0	0	0	0	0	2级乾坤
25	21	3	1	500503	500505	0	0	0	7	1544	0	0	0	0	0	0	0	3级乾坤
25	21	4	1	500503	500505	0	0	0	7	1621	0	0	0	0	0	0	0	4级乾坤
25	21	5	1	500503	500505	0	0	0	7	1702	0	0	0	0	0	0	0	5级乾坤
25	21	6	1	500503	500505	0	0	0	7	1787	0	0	0	0	0	0	0	6级乾坤
25	21	7	1	500503	500505	0	0	0	7	1876	0	0	0	0	0	0	0	7级乾坤
25	21	8	1	500503	500505	0	0	0	7	1970	0	0	0	0	0	0	0	8级乾坤
25	21	9	1	500503	500505	0	0	0	7	2069	0	0	0	0	0	0	0	9级乾坤
25	21	10	1	500503	500505	0	0	0	7	2172	0	0	0	0	0	0	0	10级乾坤
25	31	1	1	500503	500505	0	0	0	7	1400	0	0	0	0	0	0	0	1级乾坤
25	31	2	1	500503	500505	0	0	0	7	1470	0	0	0	0	0	0	0	2级乾坤
25	31	3	1	500503	500505	0	0	0	7	1544	0	0	0	0	0	0	0	3级乾坤
25	31	4	1	500503	500505	0	0	0	7	1621	0	0	0	0	0	0	0	4级乾坤
25	31	5	1	500503	500505	0	0	0	7	1702	0	0	0	0	0	0	0	5级乾坤
25	31	6	1	500503	500505	0	0	0	7	1787	0	0	0	0	0	0	0	6级乾坤
25	31	7	1	500503	500505	0	0	0	7	1876	0	0	0	0	0	0	0	7级乾坤
25	31	8	1	500503	500505	0	0	0	7	1970	0	0	0	0	0	0	0	8级乾坤
25	31	9	1	500503	500505	0	0	0	7	2069	0	0	0	0	0	0	0	9级乾坤
25	31	10	1	500503	500505	0	0	0	7	2172	0	0	0	0	0	0	0	10级乾坤
25	41	1	1	500503	500505	0	0	0	7	1400	0	0	0	0	0	0	0	1级乾坤
25	41	2	1	500503	500505	0	0	0	7	1470	0	0	0	0	0	0	0	2级乾坤
25	41	3	1	500503	500505	0	0	0	7	1544	0	0	0	0	0	0	0	3级乾坤
25	41	4	1	500503	500505	0	0	0	7	1621	0	0	0	0	0	0	0	4级乾坤
25	41	5	1	500503	500505	0	0	0	7	1702	0	0	0	0	0	0	0	5级乾坤
25	41	6	1	500503	500505	0	0	0	7	1787	0	0	0	0	0	0	0	6级乾坤
25	41	7	1	500503	500505	0	0	0	7	1876	0	0	0	0	0	0	0	7级乾坤
25	41	8	1	500503	500505	0	0	0	7	1970	0	0	0	0	0	0	0	8级乾坤
25	41	9	1	500503	500505	0	0	0	7	2069	0	0	0	0	0	0	0	9级乾坤
25	41	10	1	500503	500505	0	0	0	7	2172	0	0	0	0	0	0	0	10级乾坤
26	11	1	1	500505	500506	0	0	0	6	1400	0	0	0	0	0	0	0	1级绝影
26	11	2	1	500505	500506	0	0	0	6	1470	0	0	0	0	0	0	0	2级绝影
26	11	3	1	500505	500506	0	0	0	6	1544	0	0	0	0	0	0	0	3级绝影
26	11	4	1	500505	500506	0	0	0	6	1621	0	0	0	0	0	0	0	4级绝影
26	11	5	1	500505	500506	0	0	0	6	1702	0	0	0	0	0	0	0	5级绝影
26	11	6	1	500505	500506	0	0	0	6	1787	0	0	0	0	0	0	0	6级绝影
26	11	7	1	500505	500506	0	0	0	6	1876	0	0	0	0	0	0	0	7级绝影
26	11	8	1	500505	500506	0	0	0	6	1970	0	0	0	0	0	0	0	8级绝影
26	11	9	1	500505	500506	0	0	0	6	2069	0	0	0	0	0	0	0	9级绝影
26	11	10	1	500505	500506	0	0	0	6	2172	0	0	0	0	0	0	0	10级绝影
26	21	1	1	500505	500506	0	0	0	6	1400	0	0	0	0	0	0	0	1级绝影
26	21	2	1	500505	500506	0	0	0	6	1470	0	0	0	0	0	0	0	2级绝影
26	21	3	1	500505	500506	0	0	0	6	1544	0	0	0	0	0	0	0	3级绝影
26	21	4	1	500505	500506	0	0	0	6	1621	0	0	0	0	0	0	0	4级绝影
26	21	5	1	500505	500506	0	0	0	6	1702	0	0	0	0	0	0	0	5级绝影
26	21	6	1	500505	500506	0	0	0	6	1787	0	0	0	0	0	0	0	6级绝影
26	21	7	1	500505	500506	0	0	0	6	1876	0	0	0	0	0	0	0	7级绝影
26	21	8	1	500505	500506	0	0	0	6	1970	0	0	0	0	0	0	0	8级绝影
26	21	9	1	500505	500506	0	0	0	6	2069	0	0	0	0	0	0	0	9级绝影
26	21	10	1	500505	500506	0	0	0	6	2172	0	0	0	0	0	0	0	10级绝影
26	31	1	1	500505	500506	0	0	0	6	1400	0	0	0	0	0	0	0	1级绝影
26	31	2	1	500505	500506	0	0	0	6	1470	0	0	0	0	0	0	0	2级绝影
26	31	3	1	500505	500506	0	0	0	6	1544	0	0	0	0	0	0	0	3级绝影
26	31	4	1	500505	500506	0	0	0	6	1621	0	0	0	0	0	0	0	4级绝影
26	31	5	1	500505	500506	0	0	0	6	1702	0	0	0	0	0	0	0	5级绝影
26	31	6	1	500505	500506	0	0	0	6	1787	0	0	0	0	0	0	0	6级绝影
26	31	7	1	500505	500506	0	0	0	6	1876	0	0	0	0	0	0	0	7级绝影
26	31	8	1	500505	500506	0	0	0	6	1970	0	0	0	0	0	0	0	8级绝影
26	31	9	1	500505	500506	0	0	0	6	2069	0	0	0	0	0	0	0	9级绝影
26	31	10	1	500505	500506	0	0	0	6	2172	0	0	0	0	0	0	0	10级绝影
26	41	1	1	500505	500506	0	0	0	6	1400	0	0	0	0	0	0	0	1级绝影
26	41	2	1	500505	500506	0	0	0	6	1470	0	0	0	0	0	0	0	2级绝影
26	41	3	1	500505	500506	0	0	0	6	1544	0	0	0	0	0	0	0	3级绝影
26	41	4	1	500505	500506	0	0	0	6	1621	0	0	0	0	0	0	0	4级绝影
26	41	5	1	500505	500506	0	0	0	6	1702	0	0	0	0	0	0	0	5级绝影
26	41	6	1	500505	500506	0	0	0	6	1787	0	0	0	0	0	0	0	6级绝影
26	41	7	1	500505	500506	0	0	0	6	1876	0	0	0	0	0	0	0	7级绝影
26	41	8	1	500505	500506	0	0	0	6	1970	0	0	0	0	0	0	0	8级绝影
26	41	9	1	500505	500506	0	0	0	6	2069	0	0	0	0	0	0	0	9级绝影
26	41	10	1	500505	500506	0	0	0	6	2172	0	0	0	0	0	0	0	10级绝影
27	11	1	1	500506	500513	0	0	0	10	1400	0	0	0	0	0	0	0	1级威烈
27	11	2	1	500506	500513	0	0	0	10	1470	0	0	0	0	0	0	0	2级威烈
27	11	3	1	500506	500513	0	0	0	10	1544	0	0	0	0	0	0	0	3级威烈
27	11	4	1	500506	500513	0	0	0	10	1621	0	0	0	0	0	0	0	4级威烈
27	11	5	1	500506	500513	0	0	0	10	1702	0	0	0	0	0	0	0	5级威烈
27	11	6	1	500506	500513	0	0	0	10	1787	0	0	0	0	0	0	0	6级威烈
27	11	7	1	500506	500513	0	0	0	10	1876	0	0	0	0	0	0	0	7级威烈
27	11	8	1	500506	500513	0	0	0	10	1970	0	0	0	0	0	0	0	8级威烈
27	11	9	1	500506	500513	0	0	0	10	2069	0	0	0	0	0	0	0	9级威烈
27	11	10	1	500506	500513	0	0	0	10	2172	0	0	0	0	0	0	0	10级威烈
27	21	1	1	500506	500513	0	0	0	10	1400	0	0	0	0	0	0	0	1级威烈
27	21	2	1	500506	500513	0	0	0	10	1470	0	0	0	0	0	0	0	2级威烈
27	21	3	1	500506	500513	0	0	0	10	1544	0	0	0	0	0	0	0	3级威烈
27	21	4	1	500506	500513	0	0	0	10	1621	0	0	0	0	0	0	0	4级威烈
27	21	5	1	500506	500513	0	0	0	10	1702	0	0	0	0	0	0	0	5级威烈
27	21	6	1	500506	500513	0	0	0	10	1787	0	0	0	0	0	0	0	6级威烈
27	21	7	1	500506	500513	0	0	0	10	1876	0	0	0	0	0	0	0	7级威烈
27	21	8	1	500506	500513	0	0	0	10	1970	0	0	0	0	0	0	0	8级威烈
27	21	9	1	500506	500513	0	0	0	10	2069	0	0	0	0	0	0	0	9级威烈
27	21	10	1	500506	500513	0	0	0	10	2172	0	0	0	0	0	0	0	10级威烈
27	31	1	1	500506	500513	0	0	0	10	1400	0	0	0	0	0	0	0	1级威烈
27	31	2	1	500506	500513	0	0	0	10	1470	0	0	0	0	0	0	0	2级威烈
27	31	3	1	500506	500513	0	0	0	10	1544	0	0	0	0	0	0	0	3级威烈
27	31	4	1	500506	500513	0	0	0	10	1621	0	0	0	0	0	0	0	4级威烈
27	31	5	1	500506	500513	0	0	0	10	1702	0	0	0	0	0	0	0	5级威烈
27	31	6	1	500506	500513	0	0	0	10	1787	0	0	0	0	0	0	0	6级威烈
27	31	7	1	500506	500513	0	0	0	10	1876	0	0	0	0	0	0	0	7级威烈
27	31	8	1	500506	500513	0	0	0	10	1970	0	0	0	0	0	0	0	8级威烈
27	31	9	1	500506	500513	0	0	0	10	2069	0	0	0	0	0	0	0	9级威烈
27	31	10	1	500506	500513	0	0	0	10	2172	0	0	0	0	0	0	0	10级威烈
27	41	1	1	500506	500513	0	0	0	10	1400	0	0	0	0	0	0	0	1级威烈
27	41	2	1	500506	500513	0	0	0	10	1470	0	0	0	0	0	0	0	2级威烈
27	41	3	1	500506	500513	0	0	0	10	1544	0	0	0	0	0	0	0	3级威烈
27	41	4	1	500506	500513	0	0	0	10	1621	0	0	0	0	0	0	0	4级威烈
27	41	5	1	500506	500513	0	0	0	10	1702	0	0	0	0	0	0	0	5级威烈
27	41	6	1	500506	500513	0	0	0	10	1787	0	0	0	0	0	0	0	6级威烈
27	41	7	1	500506	500513	0	0	0	10	1876	0	0	0	0	0	0	0	7级威烈
27	41	8	1	500506	500513	0	0	0	10	1970	0	0	0	0	0	0	0	8级威烈
27	41	9	1	500506	500513	0	0	0	10	2069	0	0	0	0	0	0	0	9级威烈
27	41	10	1	500506	500513	0	0	0	10	2172	0	0	0	0	0	0	0	10级威烈
28	11	1	1	500513	500503	0	0	0	74	1400	0	0	0	0	0	0	0	1级破军
28	11	2	1	500513	500503	0	0	0	74	1470	0	0	0	0	0	0	0	2级破军
28	11	3	1	500513	500503	0	0	0	74	1544	0	0	0	0	0	0	0	3级破军
28	11	4	1	500513	500503	0	0	0	74	1621	0	0	0	0	0	0	0	4级破军
28	11	5	1	500513	500503	0	0	0	74	1702	0	0	0	0	0	0	0	5级破军
28	11	6	1	500513	500503	0	0	0	74	1787	0	0	0	0	0	0	0	6级破军
28	11	7	1	500513	500503	0	0	0	74	1876	0	0	0	0	0	0	0	7级破军
28	11	8	1	500513	500503	0	0	0	74	1970	0	0	0	0	0	0	0	8级破军
28	11	9	1	500513	500503	0	0	0	74	2069	0	0	0	0	0	0	0	9级破军
28	11	10	1	500513	500503	0	0	0	74	2172	0	0	0	0	0	0	0	10级破军
28	21	1	1	500513	500503	0	0	0	74	1400	0	0	0	0	0	0	0	1级破军
28	21	2	1	500513	500503	0	0	0	74	1470	0	0	0	0	0	0	0	2级破军
28	21	3	1	500513	500503	0	0	0	74	1544	0	0	0	0	0	0	0	3级破军
28	21	4	1	500513	500503	0	0	0	74	1621	0	0	0	0	0	0	0	4级破军
28	21	5	1	500513	500503	0	0	0	74	1702	0	0	0	0	0	0	0	5级破军
28	21	6	1	500513	500503	0	0	0	74	1787	0	0	0	0	0	0	0	6级破军
28	21	7	1	500513	500503	0	0	0	74	1876	0	0	0	0	0	0	0	7级破军
28	21	8	1	500513	500503	0	0	0	74	1970	0	0	0	0	0	0	0	8级破军
28	21	9	1	500513	500503	0	0	0	74	2069	0	0	0	0	0	0	0	9级破军
28	21	10	1	500513	500503	0	0	0	74	2172	0	0	0	0	0	0	0	10级破军
28	31	1	1	500513	500503	0	0	0	74	1400	0	0	0	0	0	0	0	1级破军
28	31	2	1	500513	500503	0	0	0	74	1470	0	0	0	0	0	0	0	2级破军
28	31	3	1	500513	500503	0	0	0	74	1544	0	0	0	0	0	0	0	3级破军
28	31	4	1	500513	500503	0	0	0	74	1621	0	0	0	0	0	0	0	4级破军
28	31	5	1	500513	500503	0	0	0	74	1702	0	0	0	0	0	0	0	5级破军
28	31	6	1	500513	500503	0	0	0	74	1787	0	0	0	0	0	0	0	6级破军
28	31	7	1	500513	500503	0	0	0	74	1876	0	0	0	0	0	0	0	7级破军
28	31	8	1	500513	500503	0	0	0	74	1970	0	0	0	0	0	0	0	8级破军
28	31	9	1	500513	500503	0	0	0	74	2069	0	0	0	0	0	0	0	9级破军
28	31	10	1	500513	500503	0	0	0	74	2172	0	0	0	0	0	0	0	10级破军
28	41	1	1	500513	500503	0	0	0	74	1400	0	0	0	0	0	0	0	1级破军
28	41	2	1	500513	500503	0	0	0	74	1470	0	0	0	0	0	0	0	2级破军
28	41	3	1	500513	500503	0	0	0	74	1544	0	0	0	0	0	0	0	3级破军
28	41	4	1	500513	500503	0	0	0	74	1621	0	0	0	0	0	0	0	4级破军
28	41	5	1	500513	500503	0	0	0	74	1702	0	0	0	0	0	0	0	5级破军
28	41	6	1	500513	500503	0	0	0	74	1787	0	0	0	0	0	0	0	6级破军
28	41	7	1	500513	500503	0	0	0	74	1876	0	0	0	0	0	0	0	7级破军
28	41	8	1	500513	500503	0	0	0	74	1970	0	0	0	0	0	0	0	8级破军
28	41	9	1	500513	500503	0	0	0	74	2069	0	0	0	0	0	0	0	9级破军
28	41	10	1	500513	500503	0	0	0	74	2172	0	0	0	0	0	0	0	10级破军
29	11	1	1	500509	500507	0	0	0	8	1400	0	0	0	0	0	0	0	1级磐石
29	11	2	1	500509	500507	0	0	0	8	1470	0	0	0	0	0	0	0	2级磐石
29	11	3	1	500509	500507	0	0	0	8	1544	0	0	0	0	0	0	0	3级磐石
29	11	4	1	500509	500507	0	0	0	8	1621	0	0	0	0	0	0	0	4级磐石
29	11	5	1	500509	500507	0	0	0	8	1702	0	0	0	0	0	0	0	5级磐石
29	11	6	1	500509	500507	0	0	0	8	1787	0	0	0	0	0	0	0	6级磐石
29	11	7	1	500509	500507	0	0	0	8	1876	0	0	0	0	0	0	0	7级磐石
29	11	8	1	500509	500507	0	0	0	8	1970	0	0	0	0	0	0	0	8级磐石
29	11	9	1	500509	500507	0	0	0	8	2069	0	0	0	0	0	0	0	9级磐石
29	11	10	1	500509	500507	0	0	0	8	2172	0	0	0	0	0	0	0	10级磐石
29	21	1	1	500509	500507	0	0	0	8	1400	0	0	0	0	0	0	0	1级磐石
29	21	2	1	500509	500507	0	0	0	8	1470	0	0	0	0	0	0	0	2级磐石
29	21	3	1	500509	500507	0	0	0	8	1544	0	0	0	0	0	0	0	3级磐石
29	21	4	1	500509	500507	0	0	0	8	1621	0	0	0	0	0	0	0	4级磐石
29	21	5	1	500509	500507	0	0	0	8	1702	0	0	0	0	0	0	0	5级磐石
29	21	6	1	500509	500507	0	0	0	8	1787	0	0	0	0	0	0	0	6级磐石
29	21	7	1	500509	500507	0	0	0	8	1876	0	0	0	0	0	0	0	7级磐石
29	21	8	1	500509	500507	0	0	0	8	1970	0	0	0	0	0	0	0	8级磐石
29	21	9	1	500509	500507	0	0	0	8	2069	0	0	0	0	0	0	0	9级磐石
29	21	10	1	500509	500507	0	0	0	8	2172	0	0	0	0	0	0	0	10级磐石
29	31	1	1	500509	500507	0	0	0	8	1400	0	0	0	0	0	0	0	1级磐石
29	31	2	1	500509	500507	0	0	0	8	1470	0	0	0	0	0	0	0	2级磐石
29	31	3	1	500509	500507	0	0	0	8	1544	0	0	0	0	0	0	0	3级磐石
29	31	4	1	500509	500507	0	0	0	8	1621	0	0	0	0	0	0	0	4级磐石
29	31	5	1	500509	500507	0	0	0	8	1702	0	0	0	0	0	0	0	5级磐石
29	31	6	1	500509	500507	0	0	0	8	1787	0	0	0	0	0	0	0	6级磐石
29	31	7	1	500509	500507	0	0	0	8	1876	0	0	0	0	0	0	0	7级磐石
29	31	8	1	500509	500507	0	0	0	8	1970	0	0	0	0	0	0	0	8级磐石
29	31	9	1	500509	500507	0	0	0	8	2069	0	0	0	0	0	0	0	9级磐石
29	31	10	1	500509	500507	0	0	0	8	2172	0	0	0	0	0	0	0	10级磐石
29	41	1	1	500509	500507	0	0	0	8	1400	0	0	0	0	0	0	0	1级磐石
29	41	2	1	500509	500507	0	0	0	8	1470	0	0	0	0	0	0	0	2级磐石
29	41	3	1	500509	500507	0	0	0	8	1544	0	0	0	0	0	0	0	3级磐石
29	41	4	1	500509	500507	0	0	0	8	1621	0	0	0	0	0	0	0	4级磐石
29	41	5	1	500509	500507	0	0	0	8	1702	0	0	0	0	0	0	0	5级磐石
29	41	6	1	500509	500507	0	0	0	8	1787	0	0	0	0	0	0	0	6级磐石
29	41	7	1	500509	500507	0	0	0	8	1876	0	0	0	0	0	0	0	7级磐石
29	41	8	1	500509	500507	0	0	0	8	1970	0	0	0	0	0	0	0	8级磐石
29	41	9	1	500509	500507	0	0	0	8	2069	0	0	0	0	0	0	0	9级磐石
29	41	10	1	500509	500507	0	0	0	8	2172	0	0	0	0	0	0	0	10级磐石
30	11	1	1	500507	500512	0	0	0	5	1400	0	0	0	0	0	0	0	1级精准
30	11	2	1	500507	500512	0	0	0	5	1470	0	0	0	0	0	0	0	2级精准
30	11	3	1	500507	500512	0	0	0	5	1544	0	0	0	0	0	0	0	3级精准
30	11	4	1	500507	500512	0	0	0	5	1621	0	0	0	0	0	0	0	4级精准
30	11	5	1	500507	500512	0	0	0	5	1702	0	0	0	0	0	0	0	5级精准
30	11	6	1	500507	500512	0	0	0	5	1787	0	0	0	0	0	0	0	6级精准
30	11	7	1	500507	500512	0	0	0	5	1876	0	0	0	0	0	0	0	7级精准
30	11	8	1	500507	500512	0	0	0	5	1970	0	0	0	0	0	0	0	8级精准
30	11	9	1	500507	500512	0	0	0	5	2069	0	0	0	0	0	0	0	9级精准
30	11	10	1	500507	500512	0	0	0	5	2172	0	0	0	0	0	0	0	10级精准
30	21	1	1	500507	500512	0	0	0	5	1400	0	0	0	0	0	0	0	1级精准
30	21	2	1	500507	500512	0	0	0	5	1470	0	0	0	0	0	0	0	2级精准
30	21	3	1	500507	500512	0	0	0	5	1544	0	0	0	0	0	0	0	3级精准
30	21	4	1	500507	500512	0	0	0	5	1621	0	0	0	0	0	0	0	4级精准
30	21	5	1	500507	500512	0	0	0	5	1702	0	0	0	0	0	0	0	5级精准
30	21	6	1	500507	500512	0	0	0	5	1787	0	0	0	0	0	0	0	6级精准
30	21	7	1	500507	500512	0	0	0	5	1876	0	0	0	0	0	0	0	7级精准
30	21	8	1	500507	500512	0	0	0	5	1970	0	0	0	0	0	0	0	8级精准
30	21	9	1	500507	500512	0	0	0	5	2069	0	0	0	0	0	0	0	9级精准
30	21	10	1	500507	500512	0	0	0	5	2172	0	0	0	0	0	0	0	10级精准
30	31	1	1	500507	500512	0	0	0	5	1400	0	0	0	0	0	0	0	1级精准
30	31	2	1	500507	500512	0	0	0	5	1470	0	0	0	0	0	0	0	2级精准
30	31	3	1	500507	500512	0	0	0	5	1544	0	0	0	0	0	0	0	3级精准
30	31	4	1	500507	500512	0	0	0	5	1621	0	0	0	0	0	0	0	4级精准
30	31	5	1	500507	500512	0	0	0	5	1702	0	0	0	0	0	0	0	5级精准
30	31	6	1	500507	500512	0	0	0	5	1787	0	0	0	0	0	0	0	6级精准
30	31	7	1	500507	500512	0	0	0	5	1876	0	0	0	0	0	0	0	7级精准
30	31	8	1	500507	500512	0	0	0	5	1970	0	0	0	0	0	0	0	8级精准
30	31	9	1	500507	500512	0	0	0	5	2069	0	0	0	0	0	0	0	9级精准
30	31	10	1	500507	500512	0	0	0	5	2172	0	0	0	0	0	0	0	10级精准
30	41	1	1	500507	500512	0	0	0	5	1400	0	0	0	0	0	0	0	1级精准
30	41	2	1	500507	500512	0	0	0	5	1470	0	0	0	0	0	0	0	2级精准
30	41	3	1	500507	500512	0	0	0	5	1544	0	0	0	0	0	0	0	3级精准
30	41	4	1	500507	500512	0	0	0	5	1621	0	0	0	0	0	0	0	4级精准
30	41	5	1	500507	500512	0	0	0	5	1702	0	0	0	0	0	0	0	5级精准
30	41	6	1	500507	500512	0	0	0	5	1787	0	0	0	0	0	0	0	6级精准
30	41	7	1	500507	500512	0	0	0	5	1876	0	0	0	0	0	0	0	7级精准
30	41	8	1	500507	500512	0	0	0	5	1970	0	0	0	0	0	0	0	8级精准
30	41	9	1	500507	500512	0	0	0	5	2069	0	0	0	0	0	0	0	9级精准
30	41	10	1	500507	500512	0	0	0	5	2172	0	0	0	0	0	0	0	10级精准
31	11	1	1	500512	500504	0	0	0	11	1400	0	0	0	0	0	0	0	1级静心
31	11	2	1	500512	500504	0	0	0	11	1470	0	0	0	0	0	0	0	2级静心
31	11	3	1	500512	500504	0	0	0	11	1544	0	0	0	0	0	0	0	3级静心
31	11	4	1	500512	500504	0	0	0	11	1621	0	0	0	0	0	0	0	4级静心
31	11	5	1	500512	500504	0	0	0	11	1702	0	0	0	0	0	0	0	5级静心
31	11	6	1	500512	500504	0	0	0	11	1787	0	0	0	0	0	0	0	6级静心
31	11	7	1	500512	500504	0	0	0	11	1876	0	0	0	0	0	0	0	7级静心
31	11	8	1	500512	500504	0	0	0	11	1970	0	0	0	0	0	0	0	8级静心
31	11	9	1	500512	500504	0	0	0	11	2069	0	0	0	0	0	0	0	9级静心
31	11	10	1	500512	500504	0	0	0	11	2172	0	0	0	0	0	0	0	10级静心
31	21	1	1	500512	500504	0	0	0	11	1400	0	0	0	0	0	0	0	1级静心
31	21	2	1	500512	500504	0	0	0	11	1470	0	0	0	0	0	0	0	2级静心
31	21	3	1	500512	500504	0	0	0	11	1544	0	0	0	0	0	0	0	3级静心
31	21	4	1	500512	500504	0	0	0	11	1621	0	0	0	0	0	0	0	4级静心
31	21	5	1	500512	500504	0	0	0	11	1702	0	0	0	0	0	0	0	5级静心
31	21	6	1	500512	500504	0	0	0	11	1787	0	0	0	0	0	0	0	6级静心
31	21	7	1	500512	500504	0	0	0	11	1876	0	0	0	0	0	0	0	7级静心
31	21	8	1	500512	500504	0	0	0	11	1970	0	0	0	0	0	0	0	8级静心
31	21	9	1	500512	500504	0	0	0	11	2069	0	0	0	0	0	0	0	9级静心
31	21	10	1	500512	500504	0	0	0	11	2172	0	0	0	0	0	0	0	10级静心
31	31	1	1	500512	500504	0	0	0	11	1400	0	0	0	0	0	0	0	1级静心
31	31	2	1	500512	500504	0	0	0	11	1470	0	0	0	0	0	0	0	2级静心
31	31	3	1	500512	500504	0	0	0	11	1544	0	0	0	0	0	0	0	3级静心
31	31	4	1	500512	500504	0	0	0	11	1621	0	0	0	0	0	0	0	4级静心
31	31	5	1	500512	500504	0	0	0	11	1702	0	0	0	0	0	0	0	5级静心
31	31	6	1	500512	500504	0	0	0	11	1787	0	0	0	0	0	0	0	6级静心
31	31	7	1	500512	500504	0	0	0	11	1876	0	0	0	0	0	0	0	7级静心
31	31	8	1	500512	500504	0	0	0	11	1970	0	0	0	0	0	0	0	8级静心
31	31	9	1	500512	500504	0	0	0	11	2069	0	0	0	0	0	0	0	9级静心
31	31	10	1	500512	500504	0	0	0	11	2172	0	0	0	0	0	0	0	10级静心
31	41	1	1	500512	500504	0	0	0	11	1400	0	0	0	0	0	0	0	1级静心
31	41	2	1	500512	500504	0	0	0	11	1470	0	0	0	0	0	0	0	2级静心
31	41	3	1	500512	500504	0	0	0	11	1544	0	0	0	0	0	0	0	3级静心
31	41	4	1	500512	500504	0	0	0	11	1621	0	0	0	0	0	0	0	4级静心
31	41	5	1	500512	500504	0	0	0	11	1702	0	0	0	0	0	0	0	5级静心
31	41	6	1	500512	500504	0	0	0	11	1787	0	0	0	0	0	0	0	6级静心
31	41	7	1	500512	500504	0	0	0	11	1876	0	0	0	0	0	0	0	7级静心
31	41	8	1	500512	500504	0	0	0	11	1970	0	0	0	0	0	0	0	8级静心
31	41	9	1	500512	500504	0	0	0	11	2069	0	0	0	0	0	0	0	9级静心
31	41	10	1	500512	500504	0	0	0	11	2172	0	0	0	0	0	0	0	10级静心
32	11	1	1	500504	500509	0	0	0	75	1400	0	0	0	0	0	0	0	1级盾墙
32	11	2	1	500504	500509	0	0	0	75	1470	0	0	0	0	0	0	0	2级盾墙
32	11	3	1	500504	500509	0	0	0	75	1544	0	0	0	0	0	0	0	3级盾墙
32	11	4	1	500504	500509	0	0	0	75	1621	0	0	0	0	0	0	0	4级盾墙
32	11	5	1	500504	500509	0	0	0	75	1702	0	0	0	0	0	0	0	5级盾墙
32	11	6	1	500504	500509	0	0	0	75	1787	0	0	0	0	0	0	0	6级盾墙
32	11	7	1	500504	500509	0	0	0	75	1876	0	0	0	0	0	0	0	7级盾墙
32	11	8	1	500504	500509	0	0	0	75	1970	0	0	0	0	0	0	0	8级盾墙
32	11	9	1	500504	500509	0	0	0	75	2069	0	0	0	0	0	0	0	9级盾墙
32	11	10	1	500504	500509	0	0	0	75	2172	0	0	0	0	0	0	0	10级盾墙
32	21	1	1	500504	500509	0	0	0	75	1400	0	0	0	0	0	0	0	1级盾墙
32	21	2	1	500504	500509	0	0	0	75	1470	0	0	0	0	0	0	0	2级盾墙
32	21	3	1	500504	500509	0	0	0	75	1544	0	0	0	0	0	0	0	3级盾墙
32	21	4	1	500504	500509	0	0	0	75	1621	0	0	0	0	0	0	0	4级盾墙
32	21	5	1	500504	500509	0	0	0	75	1702	0	0	0	0	0	0	0	5级盾墙
32	21	6	1	500504	500509	0	0	0	75	1787	0	0	0	0	0	0	0	6级盾墙
32	21	7	1	500504	500509	0	0	0	75	1876	0	0	0	0	0	0	0	7级盾墙
32	21	8	1	500504	500509	0	0	0	75	1970	0	0	0	0	0	0	0	8级盾墙
32	21	9	1	500504	500509	0	0	0	75	2069	0	0	0	0	0	0	0	9级盾墙
32	21	10	1	500504	500509	0	0	0	75	2172	0	0	0	0	0	0	0	10级盾墙
32	31	1	1	500504	500509	0	0	0	75	1400	0	0	0	0	0	0	0	1级盾墙
32	31	2	1	500504	500509	0	0	0	75	1470	0	0	0	0	0	0	0	2级盾墙
32	31	3	1	500504	500509	0	0	0	75	1544	0	0	0	0	0	0	0	3级盾墙
32	31	4	1	500504	500509	0	0	0	75	1621	0	0	0	0	0	0	0	4级盾墙
32	31	5	1	500504	500509	0	0	0	75	1702	0	0	0	0	0	0	0	5级盾墙
32	31	6	1	500504	500509	0	0	0	75	1787	0	0	0	0	0	0	0	6级盾墙
32	31	7	1	500504	500509	0	0	0	75	1876	0	0	0	0	0	0	0	7级盾墙
32	31	8	1	500504	500509	0	0	0	75	1970	0	0	0	0	0	0	0	8级盾墙
32	31	9	1	500504	500509	0	0	0	75	2069	0	0	0	0	0	0	0	9级盾墙
32	31	10	1	500504	500509	0	0	0	75	2172	0	0	0	0	0	0	0	10级盾墙
32	41	1	1	500504	500509	0	0	0	75	1400	0	0	0	0	0	0	0	1级盾墙
32	41	2	1	500504	500509	0	0	0	75	1470	0	0	0	0	0	0	0	2级盾墙
32	41	3	1	500504	500509	0	0	0	75	1544	0	0	0	0	0	0	0	3级盾墙
32	41	4	1	500504	500509	0	0	0	75	1621	0	0	0	0	0	0	0	4级盾墙
32	41	5	1	500504	500509	0	0	0	75	1702	0	0	0	0	0	0	0	5级盾墙
32	41	6	1	500504	500509	0	0	0	75	1787	0	0	0	0	0	0	0	6级盾墙
32	41	7	1	500504	500509	0	0	0	75	1876	0	0	0	0	0	0	0	7级盾墙
32	41	8	1	500504	500509	0	0	0	75	1970	0	0	0	0	0	0	0	8级盾墙
32	41	9	1	500504	500509	0	0	0	75	2069	0	0	0	0	0	0	0	9级盾墙
32	41	10	1	500504	500509	0	0	0	75	2172	0	0	0	0	0	0	0	10级盾墙
33	11	1	1	500509	500508	0	0	0	67	12660	0	0	0	0	0	0	0	1级强击
33	11	2	1	500509	500508	0	0	0	67	13293	0	0	0	0	0	0	0	2级强击
33	11	3	1	500509	500508	0	0	0	67	13958	0	0	0	0	0	0	0	3级强击
33	11	4	1	500509	500508	0	0	0	67	14656	0	0	0	0	0	0	0	4级强击
33	11	5	1	500509	500508	0	0	0	67	15389	0	0	0	0	0	0	0	5级强击
33	11	6	1	500509	500508	0	0	0	67	16158	0	0	0	0	0	0	0	6级强击
33	11	7	1	500509	500508	0	0	0	67	16966	0	0	0	0	0	0	0	7级强击
33	11	8	1	500509	500508	0	0	0	67	17814	0	0	0	0	0	0	0	8级强击
33	11	9	1	500509	500508	0	0	0	67	18705	0	0	0	0	0	0	0	9级强击
33	11	10	1	500509	500508	0	0	0	67	19640	0	0	0	0	0	0	0	10级强击
33	21	1	1	500509	500508	0	0	0	70	12660	0	0	0	0	0	0	0	1级强击
33	21	2	1	500509	500508	0	0	0	70	13293	0	0	0	0	0	0	0	2级强击
33	21	3	1	500509	500508	0	0	0	70	13958	0	0	0	0	0	0	0	3级强击
33	21	4	1	500509	500508	0	0	0	70	14656	0	0	0	0	0	0	0	4级强击
33	21	5	1	500509	500508	0	0	0	70	15389	0	0	0	0	0	0	0	5级强击
33	21	6	1	500509	500508	0	0	0	70	16158	0	0	0	0	0	0	0	6级强击
33	21	7	1	500509	500508	0	0	0	70	16966	0	0	0	0	0	0	0	7级强击
33	21	8	1	500509	500508	0	0	0	70	17814	0	0	0	0	0	0	0	8级强击
33	21	9	1	500509	500508	0	0	0	70	18705	0	0	0	0	0	0	0	9级强击
33	21	10	1	500509	500508	0	0	0	70	19640	0	0	0	0	0	0	0	10级强击
33	31	1	1	500509	500508	0	0	0	67	12660	0	0	0	0	0	0	0	1级强击
33	31	2	1	500509	500508	0	0	0	67	13293	0	0	0	0	0	0	0	2级强击
33	31	3	1	500509	500508	0	0	0	67	13958	0	0	0	0	0	0	0	3级强击
33	31	4	1	500509	500508	0	0	0	67	14656	0	0	0	0	0	0	0	4级强击
33	31	5	1	500509	500508	0	0	0	67	15389	0	0	0	0	0	0	0	5级强击
33	31	6	1	500509	500508	0	0	0	67	16158	0	0	0	0	0	0	0	6级强击
33	31	7	1	500509	500508	0	0	0	67	16966	0	0	0	0	0	0	0	7级强击
33	31	8	1	500509	500508	0	0	0	67	17814	0	0	0	0	0	0	0	8级强击
33	31	9	1	500509	500508	0	0	0	67	18705	0	0	0	0	0	0	0	9级强击
33	31	10	1	500509	500508	0	0	0	67	19640	0	0	0	0	0	0	0	10级强击
33	41	1	1	500509	500508	0	0	0	70	12660	0	0	0	0	0	0	0	1级强击
33	41	2	1	500509	500508	0	0	0	70	13293	0	0	0	0	0	0	0	2级强击
33	41	3	1	500509	500508	0	0	0	70	13958	0	0	0	0	0	0	0	3级强击
33	41	4	1	500509	500508	0	0	0	70	14656	0	0	0	0	0	0	0	4级强击
33	41	5	1	500509	500508	0	0	0	70	15389	0	0	0	0	0	0	0	5级强击
33	41	6	1	500509	500508	0	0	0	70	16158	0	0	0	0	0	0	0	6级强击
33	41	7	1	500509	500508	0	0	0	70	16966	0	0	0	0	0	0	0	7级强击
33	41	8	1	500509	500508	0	0	0	70	17814	0	0	0	0	0	0	0	8级强击
33	41	9	1	500509	500508	0	0	0	70	18705	0	0	0	0	0	0	0	9级强击
33	41	10	1	500509	500508	0	0	0	70	19640	0	0	0	0	0	0	0	10级强击
34	11	1	1	500508	500510	0	0	0	68	6330	71	6330	0	0	0	0	0	1级铁壁
34	11	2	1	500508	500510	0	0	0	68	6647	71	6330	0	0	0	0	0	2级铁壁
34	11	3	1	500508	500510	0	0	0	68	6979	71	6330	0	0	0	0	0	3级铁壁
34	11	4	1	500508	500510	0	0	0	68	7328	71	6330	0	0	0	0	0	4级铁壁
34	11	5	1	500508	500510	0	0	0	68	7694	71	6330	0	0	0	0	0	5级铁壁
34	11	6	1	500508	500510	0	0	0	68	8079	71	6330	0	0	0	0	0	6级铁壁
34	11	7	1	500508	500510	0	0	0	68	8483	71	6330	0	0	0	0	0	7级铁壁
34	11	8	1	500508	500510	0	0	0	68	8907	71	6330	0	0	0	0	0	8级铁壁
34	11	9	1	500508	500510	0	0	0	68	9352	71	6330	0	0	0	0	0	9级铁壁
34	11	10	1	500508	500510	0	0	0	68	9820	71	6330	0	0	0	0	0	10级铁壁
34	21	1	1	500508	500510	0	0	0	68	6330	71	6330	0	0	0	0	0	1级铁壁
34	21	2	1	500508	500510	0	0	0	68	6647	71	6330	0	0	0	0	0	2级铁壁
34	21	3	1	500508	500510	0	0	0	68	6979	71	6330	0	0	0	0	0	3级铁壁
34	21	4	1	500508	500510	0	0	0	68	7328	71	6330	0	0	0	0	0	4级铁壁
34	21	5	1	500508	500510	0	0	0	68	7694	71	6330	0	0	0	0	0	5级铁壁
34	21	6	1	500508	500510	0	0	0	68	8079	71	6330	0	0	0	0	0	6级铁壁
34	21	7	1	500508	500510	0	0	0	68	8483	71	6330	0	0	0	0	0	7级铁壁
34	21	8	1	500508	500510	0	0	0	68	8907	71	6330	0	0	0	0	0	8级铁壁
34	21	9	1	500508	500510	0	0	0	68	9352	71	6330	0	0	0	0	0	9级铁壁
34	21	10	1	500508	500510	0	0	0	68	9820	71	6330	0	0	0	0	0	10级铁壁
34	31	1	1	500508	500510	0	0	0	68	6330	71	6330	0	0	0	0	0	1级铁壁
34	31	2	1	500508	500510	0	0	0	68	6647	71	6330	0	0	0	0	0	2级铁壁
34	31	3	1	500508	500510	0	0	0	68	6979	71	6330	0	0	0	0	0	3级铁壁
34	31	4	1	500508	500510	0	0	0	68	7328	71	6330	0	0	0	0	0	4级铁壁
34	31	5	1	500508	500510	0	0	0	68	7694	71	6330	0	0	0	0	0	5级铁壁
34	31	6	1	500508	500510	0	0	0	68	8079	71	6330	0	0	0	0	0	6级铁壁
34	31	7	1	500508	500510	0	0	0	68	8483	71	6330	0	0	0	0	0	7级铁壁
34	31	8	1	500508	500510	0	0	0	68	8907	71	6330	0	0	0	0	0	8级铁壁
34	31	9	1	500508	500510	0	0	0	68	9352	71	6330	0	0	0	0	0	9级铁壁
34	31	10	1	500508	500510	0	0	0	68	9820	71	6330	0	0	0	0	0	10级铁壁
34	41	1	1	500508	500510	0	0	0	68	6330	71	6330	0	0	0	0	0	1级铁壁
34	41	2	1	500508	500510	0	0	0	68	6647	71	6330	0	0	0	0	0	2级铁壁
34	41	3	1	500508	500510	0	0	0	68	6979	71	6330	0	0	0	0	0	3级铁壁
34	41	4	1	500508	500510	0	0	0	68	7328	71	6330	0	0	0	0	0	4级铁壁
34	41	5	1	500508	500510	0	0	0	68	7694	71	6330	0	0	0	0	0	5级铁壁
34	41	6	1	500508	500510	0	0	0	68	8079	71	6330	0	0	0	0	0	6级铁壁
34	41	7	1	500508	500510	0	0	0	68	8483	71	6330	0	0	0	0	0	7级铁壁
34	41	8	1	500508	500510	0	0	0	68	8907	71	6330	0	0	0	0	0	8级铁壁
34	41	9	1	500508	500510	0	0	0	68	9352	71	6330	0	0	0	0	0	9级铁壁
34	41	10	1	500508	500510	0	0	0	68	9820	71	6330	0	0	0	0	0	10级铁壁
35	11	1	1	500510	500501	0	0	0	77	800	0	0	0	0	0	0	0	1级铜皮
35	11	2	1	500510	500501	0	0	0	77	840	0	0	0	0	0	0	0	2级铜皮
35	11	3	1	500510	500501	0	0	0	77	882	0	0	0	0	0	0	0	3级铜皮
35	11	4	1	500510	500501	0	0	0	77	926	0	0	0	0	0	0	0	4级铜皮
35	11	5	1	500510	500501	0	0	0	77	972	0	0	0	0	0	0	0	5级铜皮
35	11	6	1	500510	500501	0	0	0	77	1021	0	0	0	0	0	0	0	6级铜皮
35	11	7	1	500510	500501	0	0	0	77	1072	0	0	0	0	0	0	0	7级铜皮
35	11	8	1	500510	500501	0	0	0	77	1126	0	0	0	0	0	0	0	8级铜皮
35	11	9	1	500510	500501	0	0	0	77	1182	0	0	0	0	0	0	0	9级铜皮
35	11	10	1	500510	500501	0	0	0	77	1241	0	0	0	0	0	0	0	10级铜皮
35	21	1	1	500510	500501	0	0	0	77	800	0	0	0	0	0	0	0	1级铜皮
35	21	2	1	500510	500501	0	0	0	77	840	0	0	0	0	0	0	0	2级铜皮
35	21	3	1	500510	500501	0	0	0	77	882	0	0	0	0	0	0	0	3级铜皮
35	21	4	1	500510	500501	0	0	0	77	926	0	0	0	0	0	0	0	4级铜皮
35	21	5	1	500510	500501	0	0	0	77	972	0	0	0	0	0	0	0	5级铜皮
35	21	6	1	500510	500501	0	0	0	77	1021	0	0	0	0	0	0	0	6级铜皮
35	21	7	1	500510	500501	0	0	0	77	1072	0	0	0	0	0	0	0	7级铜皮
35	21	8	1	500510	500501	0	0	0	77	1126	0	0	0	0	0	0	0	8级铜皮
35	21	9	1	500510	500501	0	0	0	77	1182	0	0	0	0	0	0	0	9级铜皮
35	21	10	1	500510	500501	0	0	0	77	1241	0	0	0	0	0	0	0	10级铜皮
35	31	1	1	500510	500501	0	0	0	77	800	0	0	0	0	0	0	0	1级铜皮
35	31	2	1	500510	500501	0	0	0	77	840	0	0	0	0	0	0	0	2级铜皮
35	31	3	1	500510	500501	0	0	0	77	882	0	0	0	0	0	0	0	3级铜皮
35	31	4	1	500510	500501	0	0	0	77	926	0	0	0	0	0	0	0	4级铜皮
35	31	5	1	500510	500501	0	0	0	77	972	0	0	0	0	0	0	0	5级铜皮
35	31	6	1	500510	500501	0	0	0	77	1021	0	0	0	0	0	0	0	6级铜皮
35	31	7	1	500510	500501	0	0	0	77	1072	0	0	0	0	0	0	0	7级铜皮
35	31	8	1	500510	500501	0	0	0	77	1126	0	0	0	0	0	0	0	8级铜皮
35	31	9	1	500510	500501	0	0	0	77	1182	0	0	0	0	0	0	0	9级铜皮
35	31	10	1	500510	500501	0	0	0	77	1241	0	0	0	0	0	0	0	10级铜皮
35	41	1	1	500510	500501	0	0	0	77	800	0	0	0	0	0	0	0	1级铜皮
35	41	2	1	500510	500501	0	0	0	77	840	0	0	0	0	0	0	0	2级铜皮
35	41	3	1	500510	500501	0	0	0	77	882	0	0	0	0	0	0	0	3级铜皮
35	41	4	1	500510	500501	0	0	0	77	926	0	0	0	0	0	0	0	4级铜皮
35	41	5	1	500510	500501	0	0	0	77	972	0	0	0	0	0	0	0	5级铜皮
35	41	6	1	500510	500501	0	0	0	77	1021	0	0	0	0	0	0	0	6级铜皮
35	41	7	1	500510	500501	0	0	0	77	1072	0	0	0	0	0	0	0	7级铜皮
35	41	8	1	500510	500501	0	0	0	77	1126	0	0	0	0	0	0	0	8级铜皮
35	41	9	1	500510	500501	0	0	0	77	1182	0	0	0	0	0	0	0	9级铜皮
35	41	10	1	500510	500501	0	0	0	77	1241	0	0	0	0	0	0	0	10级铜皮
36	11	1	1	500501	500503	0	0	0	76	800	0	0	0	0	0	0	0	1级巨大化
36	11	2	1	500501	500503	0	0	0	76	840	0	0	0	0	0	0	0	2级巨大化
36	11	3	1	500501	500503	0	0	0	76	882	0	0	0	0	0	0	0	3级巨大化
36	11	4	1	500501	500503	0	0	0	76	926	0	0	0	0	0	0	0	4级巨大化
36	11	5	1	500501	500503	0	0	0	76	972	0	0	0	0	0	0	0	5级巨大化
36	11	6	1	500501	500503	0	0	0	76	1021	0	0	0	0	0	0	0	6级巨大化
36	11	7	1	500501	500503	0	0	0	76	1072	0	0	0	0	0	0	0	7级巨大化
36	11	8	1	500501	500503	0	0	0	76	1126	0	0	0	0	0	0	0	8级巨大化
36	11	9	1	500501	500503	0	0	0	76	1182	0	0	0	0	0	0	0	9级巨大化
36	11	10	1	500501	500503	0	0	0	76	1241	0	0	0	0	0	0	0	10级巨大化
36	21	1	1	500501	500503	0	0	0	76	800	0	0	0	0	0	0	0	1级巨大化
36	21	2	1	500501	500503	0	0	0	76	840	0	0	0	0	0	0	0	2级巨大化
36	21	3	1	500501	500503	0	0	0	76	882	0	0	0	0	0	0	0	3级巨大化
36	21	4	1	500501	500503	0	0	0	76	926	0	0	0	0	0	0	0	4级巨大化
36	21	5	1	500501	500503	0	0	0	76	972	0	0	0	0	0	0	0	5级巨大化
36	21	6	1	500501	500503	0	0	0	76	1021	0	0	0	0	0	0	0	6级巨大化
36	21	7	1	500501	500503	0	0	0	76	1072	0	0	0	0	0	0	0	7级巨大化
36	21	8	1	500501	500503	0	0	0	76	1126	0	0	0	0	0	0	0	8级巨大化
36	21	9	1	500501	500503	0	0	0	76	1182	0	0	0	0	0	0	0	9级巨大化
36	21	10	1	500501	500503	0	0	0	76	1241	0	0	0	0	0	0	0	10级巨大化
36	31	1	1	500501	500503	0	0	0	76	800	0	0	0	0	0	0	0	1级巨大化
36	31	2	1	500501	500503	0	0	0	76	840	0	0	0	0	0	0	0	2级巨大化
36	31	3	1	500501	500503	0	0	0	76	882	0	0	0	0	0	0	0	3级巨大化
36	31	4	1	500501	500503	0	0	0	76	926	0	0	0	0	0	0	0	4级巨大化
36	31	5	1	500501	500503	0	0	0	76	972	0	0	0	0	0	0	0	5级巨大化
36	31	6	1	500501	500503	0	0	0	76	1021	0	0	0	0	0	0	0	6级巨大化
36	31	7	1	500501	500503	0	0	0	76	1072	0	0	0	0	0	0	0	7级巨大化
36	31	8	1	500501	500503	0	0	0	76	1126	0	0	0	0	0	0	0	8级巨大化
36	31	9	1	500501	500503	0	0	0	76	1182	0	0	0	0	0	0	0	9级巨大化
36	31	10	1	500501	500503	0	0	0	76	1241	0	0	0	0	0	0	0	10级巨大化
36	41	1	1	500501	500503	0	0	0	76	800	0	0	0	0	0	0	0	1级巨大化
36	41	2	1	500501	500503	0	0	0	76	840	0	0	0	0	0	0	0	2级巨大化
36	41	3	1	500501	500503	0	0	0	76	882	0	0	0	0	0	0	0	3级巨大化
36	41	4	1	500501	500503	0	0	0	76	926	0	0	0	0	0	0	0	4级巨大化
36	41	5	1	500501	500503	0	0	0	76	972	0	0	0	0	0	0	0	5级巨大化
36	41	6	1	500501	500503	0	0	0	76	1021	0	0	0	0	0	0	0	6级巨大化
36	41	7	1	500501	500503	0	0	0	76	1072	0	0	0	0	0	0	0	7级巨大化
36	41	8	1	500501	500503	0	0	0	76	1126	0	0	0	0	0	0	0	8级巨大化
36	41	9	1	500501	500503	0	0	0	76	1182	0	0	0	0	0	0	0	9级巨大化
36	41	10	1	500501	500503	0	0	0	76	1241	0	0	0	0	0	0	0	10级巨大化
