步骤ID（9位，7位AI主ID+1位AI条目+1位步骤序号）	VALID	行为优先级	行为类型（0放技能，2召黑户，3召白户，5跑到点，12删白户，14触发事件，15召群组，20删群组，22逃距离，23传送，24删黑户）	行为参数1	行为参数2	行为参数3	行为参数4	行为参数5	行为参数6	行为参数7	行为参数8	行为参数9	行为参数10	行为参数11	行为参数12	行为参数13	行为参数14	行为参数15	行为参数16	行为参数17	行为参数18	行为参数19	客户端脚本ID（其实是参数20）
server	server	server	server	server	server	server	server	server	server	server	server	server	server	server	server	server	server	server	server	server	server	server	server
101	1	1	0	2	21044	1	10000	0	0	0	0	0	0	0	0	0	0	0	0	0	0	0	90011012
511	1	1	0	2	21085	1	10000	0	0	0	0	0	0	0	0	0	0	0	0	0	0	0	99980052
601	1	1	0	10	21024	1	10000	0	0	0	0	0	0	0	0	0	0	0	0	0	0	0	99980061
1701	1	1	0	0	21024	1	10000	0	0	0	0	0	0	0	0	0	0	0	0	0	0	0	90011012
2001	1	1	0	0	21024	1	5000	21048	1	10000	0	0	0	0	0	0	0	0	0	0	0	0	90011012
2101	1	1	2	4201000	1	10	0	0	0	0	0	0	0	0	0	0	0	0	0	0	0	0	90011012
2201	1	1	2	4201000	1	10	4285	4118	0	0	0	0	0	0	0	0	0	0	0	0	0	0	90011012
2301	1	1	3	1100002	1100002	0	0	0	0	0	0	0	0	0	0	0	0	0	0	0	0	0	90011012
2401	1	1	5	1803	1778	0	0	0	0	0	0	0	0	0	0	0	0	0	0	0	0	0	90011012
2501	1	1	12	1100002	1100002	0	0	0	0	0	0	0	0	0	0	0	0	0	0	0	0	0	90011012
2601	1	1	14	0	0	0	0	0	0	0	0	0	0	0	0	0	0	0	0	0	0	0	90011012
2701	1	1	15	320102001	0	0	0	0	0	0	0	0	0	0	0	0	0	0	0	0	0	0	90011012
2801	1	1	20	320102001	0	0	0	0	0	0	0	0	0	0	0	0	0	0	0	0	0	0	90011012
2901	1	1	22	100	0	0	0	0	0	0	0	0	0	0	0	0	0	0	0	0	0	0	90011012
3001	1	1	2	9001502	1	10	1	2	0	0	20	2	30	3	40	4	0	0	0	0	0	0	0
3101	1	1	2	9001502	1	10	1	2	50	0	20	2	30	3	40	4	0	0	0	0	0	0	0
3201	1	1	2	9001502	1	10	1	2	0	50	20	2	30	3	40	4	0	0	0	0	0	0	0
3301	1	1	22	2	50	50	0	0	0	0	0	0	0	0	0	0	0	0	0	0	0	0	0
3401	1	1	22	1	50	50	0	0	0	0	0	0	0	0	0	0	0	0	0	0	0	0	0
3501	1	1	24	0	50	9001502	0	0	0	0	0	0	0	0	0	0	0	0	0	0	0	0	0
3601	1	1	24	2	50	9001502	0	0	0	0	0	0	0	0	0	0	0	0	0	0	0	0	0
3701	1	1	24	4	50	9001616	0	0	0	0	0	0	0	0	0	0	0	0	0	0	0	0	0
3801	1	1	23	0	1	50	50	0	0	0	0	0	0	0	0	0	0	0	0	0	0	0	0
3901	1	1	23	2	2	50	50	0	0	0	0	0	0	0	0	0	0	0	0	0	0	0	0
4001	1	1	23	10	2	0	0	50	0	0	0	0	0	0	0	0	0	0	0	0	0	0	0
30430101	1	1	0	0	21354	1	10000	0	0	0	0	0	0	0	0	0	0	0	0	0	0	0	0
30430201	1	1	0	0	21355	1	10000	0	0	0	0	0	0	0	0	0	0	0	0	0	0	0	0
30430301	1	1	0	0	21356	1	10000	0	0	0	0	0	0	0	0	0	0	0	0	0	0	0	0
30430401	1	1	0	0	21359	1	10000	0	0	0	0	0	0	0	0	0	0	0	0	0	0	0	0
30430501	1	1	0	0	21357	1	10000	0	0	0	0	0	0	0	0	0	0	0	0	0	0	0	0
301100501	1	1	0	0	21010	1	10000	0	0	0	0	0	0	0	0	0	0	0	0	0	0	0	0
301100511	1	0	0	0	21050	1	10000	0	0	0	0	0	0	0	0	0	0	0	0	0	0	0	0
301101001	1	0	0	0	21043	1	5000	21046	1	10000	0	0	0	0	0	0	0	0	0	0	0	0	0
301101011	1	3	0	0	21010	1	10000	0	0	0	0	0	0	0	0	0	0	0	0	0	0	0	0
301101021	1	0	0	0	21050	1	10000	0	0	0	0	0	0	0	0	0	0	0	0	0	0	0	0
301101301	1	0	14	30110007	0	0	0	0	0	0	0	0	0	0	0	0	0	0	0	0	0	0	0
301101302	1	1	14	30110010	0	0	0	0	0	0	0	0	0	0	0	0	0	0	0	0	0	0	0
301101311	1	3	14	30110011	0	0	0	0	0	0	0	0	0	0	0	0	0	0	0	0	0	0	0
301101321	1	0	0	0	21050	1	10000	0	0	0	0	0	0	0	0	0	0	0	0	0	0	0	0
301101401	1	0	14	30110004	0	0	0	0	0	0	0	0	0	0	0	0	0	0	0	0	0	0	0
301101501	1	0	14	30110008	0	0	0	0	0	0	0	0	0	0	0	0	0	0	0	0	0	0	0
301105001	1	0	0	0	21009	1	10000	0	0	0	0	0	0	0	0	0	0	0	0	0	0	0	0
301105011	1	0	0	0	21043	1	5000	21046	1	10000	0	0	0	0	0	0	0	0	0	0	0	0	0
301105021	1	0	0	0	21010	1	10000	0	0	0	0	0	0	0	0	0	0	0	0	0	0	0	0
301110101	1	0	0	0	21001	1	10000	0	0	0	0	0	0	0	0	0	0	0	0	0	0	0	0
301110111	1	0	0	0	21049	1	10000	0	0	0	0	0	0	0	0	0	0	0	0	0	0	0	0
301110121	1	0	0	0	21010	1	10000	0	0	0	0	0	0	0	0	0	0	0	0	0	0	0	0
301110201	1	0	0	0	21003	1	10000	0	0	0	0	0	0	0	0	0	0	0	0	0	0	0	0
301110301	1	0	0	0	21003	1	10000	0	0	0	0	0	0	0	0	0	0	0	0	0	0	0	0
301110501	1	0	0	0	21025	1	10000	0	0	0	0	0	0	0	0	0	0	0	0	0	0	0	0
301110511	1	0	0	0	21030	1	10000	0	0	0	0	0	0	0	0	0	0	0	0	0	0	0	0
301110601	1	0	0	0	21042	1	10000	0	0	0	0	0	0	0	0	0	0	0	0	0	0	0	0
301110701	1	0	0	0	21018	1	10000	0	0	0	0	0	0	0	0	0	0	0	0	0	0	0	0
301110711	1	0	0	0	21023	1	10000	0	0	0	0	0	0	0	0	0	0	0	0	0	0	0	0
301110801	1	0	0	0	21028	1	10000	0	0	0	0	0	0	0	0	0	0	0	0	0	0	0	0
301110811	1	0	0	0	21039	1	10000	0	0	0	0	0	0	0	0	0	0	0	0	0	0	0	0
301110901	1	1	0	0	1031	1	10000	0	0	0	0	0	0	0	0	0	0	0	0	0	0	0	0
301110911	1	0	0	0	1021	1	10000	0	0	0	0	0	0	0	0	0	0	0	0	0	0	0	0
301110921	1	0	0	0	1011	1	10000	0	0	0	0	0	0	0	0	0	0	0	0	0	0	0	0
301111001	1	0	0	0	3031	1	10000	0	0	0	0	0	0	0	0	0	0	0	0	0	0	0	0
301111011	1	0	0	0	3011	1	10000	0	0	0	0	0	0	0	0	0	0	0	0	0	0	0	0
301111021	1	0	0	0	3021	1	10000	0	0	0	0	0	0	0	0	0	0	0	0	0	0	0	0
301111201	1	0	0	0	2031	1	10000	0	0	0	0	0	0	0	0	0	0	0	0	0	0	0	0
301111211	1	0	0	0	2021	1	10000	0	0	0	0	0	0	0	0	0	0	0	0	0	0	0	0
301111221	1	0	0	0	2011	1	10000	0	0	0	0	0	0	0	0	0	0	0	0	0	0	0	0
301111301	1	0	0	0	4011	1	10000	0	0	0	0	0	0	0	0	0	0	0	0	0	0	0	0
301111311	1	0	0	0	4021	1	10000	0	0	0	0	0	0	0	0	0	0	0	0	0	0	0	0
301111321	1	0	0	0	4031	1	10000	0	0	0	0	0	0	0	0	0	0	0	0	0	0	0	0
301111401	1	0	0	0	21013	1	10000	0	0	0	0	0	0	0	0	0	0	0	0	0	0	0	0
301111501	1	0	0	0	21024	1	10000	0	0	0	0	0	0	0	0	0	0	0	0	0	0	0	0
301111601	1	0	0	0	21017	1	10000	0	0	0	0	0	0	0	0	0	0	0	0	0	0	0	0
301111611	1	0	0	0	21006	1	10000	0	0	0	0	0	0	0	0	0	0	0	0	0	0	0	0
301111621	1	0	0	0	21034	1	10000	0	0	0	0	0	0	0	0	0	0	0	0	0	0	0	0
301111701	1	0	0	0	21037	1	10000	0	0	0	0	0	0	0	0	0	0	0	0	0	0	0	0
301111711	1	0	0	0	21024	1	10000	0	0	0	0	0	0	0	0	0	0	0	0	0	0	0	0
301111721	1	0	0	0	21037	1	10000	0	0	0	0	0	0	0	0	0	0	0	0	0	0	0	0
301111801	1	0	0	0	21022	1	10000	0	0	0	0	0	0	0	0	0	0	0	0	0	0	0	0
301212001	1	0	0	0	21062	1	10000	0	0	0	0	0	0	0	0	0	0	0	0	0	0	0	0
301212101	1	0	0	0	21027	1	10000	0	0	0	0	0	0	0	0	0	0	0	0	0	0	0	0
301212401	1	0	0	0	21078	1	10000	0	0	0	0	0	0	0	0	0	0	0	0	0	0	0	0
301212701	1	0	0	0	21037	1	10000	0	0	0	0	0	0	0	0	0	0	0	0	0	0	0	0
301212801	1	0	0	0	21007	1	10000	0	0	0	0	0	0	0	0	0	0	0	0	0	0	0	0
301212901	1	0	0	0	21006	1	10000	0	0	0	0	0	0	0	0	0	0	0	0	0	0	0	0
301213001	1	0	0	0	21034	1	10000	0	0	0	0	0	0	0	0	0	0	0	0	0	0	0	0
301213401	1	0	0	0	21085	1	10000	0	0	0	0	0	0	0	0	0	0	0	0	0	0	0	0
301230201	1	0	15	301200065	0	0	0	0	0	0	0	0	0	0	0	0	0	0	0	0	0	0	0
301230101	1	0	14	30120016	0	0	0	0	0	0	0	0	0	0	0	0	0	0	0	0	0	0	0
310100111	1	0	0	0	21232	1	10000	0	0	0	0	0	0	0	0	0	0	0	0	0	0	0	0
310100211	1	0	0	0	21233	1	10000	0	0	0	0	0	0	0	0	0	0	0	0	0	0	0	0
310101111	1	0	0	0	21234	1	10000	0	0	0	0	0	0	0	0	0	0	0	0	0	0	0	0
310101211	1	0	0	0	21235	1	10000	0	0	0	0	0	0	0	0	0	0	0	0	0	0	0	0
310103011	1	0	0	0	21238	1	10000	0	0	0	0	0	0	0	0	0	0	0	0	0	0	0	0
310103021	1	0	0	0	21237	1	10000	0	0	0	0	0	0	0	0	0	0	0	0	0	0	0	0
310103031	1	0	0	0	21236	1	10000	0	0	0	0	0	0	0	0	0	0	0	0	0	0	0	0
310300511	1	0	0	0	21262	1	10000	0	0	0	0	0	0	0	0	0	0	0	0	0	0	0	0
310400411	1	0	0	0	21263	1	10000	0	0	0	0	0	0	0	0	0	0	0	0	0	0	0	0
310400511	1	0	0	0	21062	1	10000	0	0	0	0	0	0	0	0	0	0	0	0	0	0	0	0
310400521	1	0	0	0	21063	1	10000	0	0	0	0	0	0	0	0	0	0	0	0	0	0	0	0
310200411	1	0	0	0	21265	1	10000	0	0	0	0	0	0	0	0	0	0	0	0	0	0	0	0
320100101	1	0	0	0	21058	1	10000	0	0	0	0	0	0	0	0	0	0	0	0	0	0	0	93201001
320100111	1	0	22	1	0	0	130	0	0	0	0	0	0	0	0	0	0	0	0	0	0	0	0
320101011	1	0	0	0	21082	1	10000	0	0	0	0	0	0	0	0	0	0	0	0	0	0	0	0
320101021	1	0	15	320100011	0	0	0	0	0	0	0	0	0	0	0	0	0	0	0	0	0	0	0
320101031	1	0	0	0	21013	1	10000	0	0	0	0	0	0	0	0	0	0	0	0	0	0	0	0
320101041	1	0	0	0	21045	1	10000	0	0	0	0	0	0	0	0	0	0	0	0	0	0	0	0
320101051	1	0	0	0	21264	1	10000	0	0	0	0	0	0	0	0	0	0	0	0	0	0	0	0
320214001	1	0	14	63020001	0	0	0	0	0	0	0	0	0	0	0	0	0	0	0	0	0	0	0
320214101	1	0	14	63020002	0	0	0	0	0	0	0	0	0	0	0	0	0	0	0	0	0	0	0
320214201	1	0	14	63020003	0	0	0	0	0	0	0	0	0	0	0	0	0	0	0	0	0	0	0
320214301	1	0	14	63020004	0	0	0	0	0	0	0	0	0	0	0	0	0	0	0	0	0	0	0
320214401	1	0	14	63020005	0	0	0	0	0	0	0	0	0	0	0	0	0	0	0	0	0	0	0
320213101	1	0	0	0	4011	1	10000	0	0	0	0	0	0	0	0	0	0	0	0	0	0	0	0
320213102	1	0	0	0	4021	1	10000	0	0	0	0	0	0	0	0	0	0	0	0	0	0	0	0
320213103	1	0	0	0	4031	1	10000	0	0	0	0	0	0	0	0	0	0	0	0	0	0	0	0
320213201	1	0	0	0	21013	1	10000	0	0	0	0	0	0	0	0	0	0	0	0	0	0	0	0
320213202	1	0	0	0	21003	1	10000	0	0	0	0	0	0	0	0	0	0	0	0	0	0	0	0
320213301	1	0	0	0	21024	1	10000	0	0	0	0	0	0	0	0	0	0	0	0	0	0	0	0
320213302	1	0	0	0	21098	1	10000	0	0	0	0	0	0	0	0	0	0	0	0	0	0	0	0
320213401	1	0	0	0	21037	1	10000	0	0	0	0	0	0	0	0	0	0	0	0	0	0	0	0
320213402	1	0	0	0	21007	1	10000	0	0	0	0	0	0	0	0	0	0	0	0	0	0	0	0
320213501	1	0	0	0	21022	1	10000	0	0	0	0	0	0	0	0	0	0	0	0	0	0	0	0
320213502	1	0	0	0	21100	1	10000	0	0	0	0	0	0	0	0	0	0	0	0	0	0	0	0
320213503	1	0	0	0	21001	1	10000	0	0	0	0	0	0	0	0	0	0	0	0	0	0	0	0
320213601	1	0	0	0	21055	1	10000	0	0	0	0	0	0	0	0	0	0	0	0	0	0	0	0
320213602	1	0	0	0	21068	1	10000	0	0	0	0	0	0	0	0	0	0	0	0	0	0	0	0
320213603	1	0	0	0	21060	1	10000	0	0	0	0	0	0	0	0	0	0	0	0	0	0	0	0
320212701	1	0	0	0	1031	1	10000	0	0	0	0	0	0	0	0	0	0	0	0	0	0	0	0
320212702	1	0	0	0	21043	1	10000	0	0	0	0	0	0	0	0	0	0	0	0	0	0	0	0
320212801	1	0	0	0	3031	1	10000	0	0	0	0	0	0	0	0	0	0	0	0	0	0	0	0
320212802	1	0	0	0	3011	1	10000	0	0	0	0	0	0	0	0	0	0	0	0	0	0	0	0
320212901	1	0	0	0	3031	1	10000	0	0	0	0	0	0	0	0	0	0	0	0	0	0	0	0
320212902	1	0	0	0	21097	1	10000	0	0	0	0	0	0	0	0	0	0	0	0	0	0	0	0
320213001	1	0	0	0	2031	1	10000	0	0	0	0	0	0	0	0	0	0	0	0	0	0	0	0
320213002	1	0	0	0	2021	1	10000	0	0	0	0	0	0	0	0	0	0	0	0	0	0	0	0
320214601	1	0	0	0	21203	1	10000	0	0	0	0	0	0	0	0	0	0	0	0	0	0	0	0
320214602	1	0	0	0	21204	1	10000	0	0	0	0	0	0	0	0	0	0	0	0	0	0	0	0
320214801	1	0	0	0	22055	1	10000	0	0	0	0	0	0	0	0	0	0	0	0	0	0	0	0
320214802	1	0	0	0	21030	1	10000	0	0	0	0	0	0	0	0	0	0	0	0	0	0	0	0
320214803	1	0	0	0	21108	1	10000	0	0	0	0	0	0	0	0	0	0	0	0	0	0	0	0
320214901	1	0	0	0	21202	1	10000	0	0	0	0	0	0	0	0	0	0	0	0	0	0	0	0
320214902	1	0	0	0	22020	1	10000	0	0	0	0	0	0	0	0	0	0	0	0	0	0	0	0
320401401	1	0	14	32040011	0	0	0	0	0	0	0	0	0	0	0	0	0	0	0	0	0	0	0
320401501	1	0	14	32040012	0	0	0	0	0	0	0	0	0	0	0	0	0	0	0	0	0	0	0
320401601	1	0	14	32040013	0	0	0	0	0	0	0	0	0	0	0	0	0	0	0	0	0	0	0
320401701	1	0	14	32040014	0	0	0	0	0	0	0	0	0	0	0	0	0	0	0	0	0	0	0
320401801	1	0	14	32040015	0	0	0	0	0	0	0	0	0	0	0	0	0	0	0	0	0	0	0
420100301	1	0	0	0	21047	1	10000	0	0	0	0	0	0	0	0	0	0	0	0	0	0	0	0
420100311	1	0	0	0	21035	1	10000	0	0	0	0	0	0	0	0	0	0	0	0	0	0	0	0
420100321	1	0	0	0	21045	1	10000	0	0	0	0	0	0	0	0	0	0	0	0	0	0	0	0
420100331	1	0	15	420100037	0	0	0	0	0	0	0	0	0	0	0	0	0	0	0	0	0	0	0
420100341	1	1	15	420000037	0	0	0	0	0	0	0	0	0	0	0	0	0	0	0	0	0	0	0
420100901	1	0	0	0	21016	1	10000	0	0	0	0	0	0	0	0	0	0	0	0	0	0	0	0
420100911	1	0	0	0	21044	1	10000	0	0	0	0	0	0	0	0	0	0	0	0	0	0	0	0
420102601	1	0	0	0	21036	1	10000	0	0	0	0	0	0	0	0	0	0	0	0	0	0	0	0
701025101	1	0	0	0	21001	1	10000	0	0	0	0	0	0	0	0	0	0	0	0	0	0	0	0
701025111	1	0	0	0	21049	1	10000	0	0	0	0	0	0	0	0	0	0	0	0	0	0	0	0
701025201	1	0	0	0	21076	1	10000	0	0	0	0	0	0	0	0	0	0	0	0	0	0	0	0
701025301	1	0	0	0	21060	1	10000	0	0	0	0	0	0	0	0	0	0	0	0	0	0	0	0
701025302	1	1	0	0	21061	1	10000	0	0	0	0	0	0	0	0	0	0	0	0	0	0	0	0
701025401	1	0	0	0	21069	1	10000	0	0	0	0	0	0	0	0	0	0	0	0	0	0	0	0
701025411	1	0	0	0	21064	1	10000	0	0	0	0	0	0	0	0	0	0	0	0	0	0	0	0
701025412	1	1	0	0	21065	1	10000	0	0	0	0	0	0	0	0	0	0	0	0	0	0	0	0
900110101	1	2	0	0	22002	1	10000	0	0	0	0	0	0	0	0	0	0	0	0	0	0	0	0
900110111	1	1	0	0	22003	1	10000	0	0	0	0	0	0	0	0	0	0	0	0	0	0	0	0
900110121	1	0	0	0	22004	1	10000	0	0	0	0	0	0	0	0	0	0	0	0	0	0	0	0
900110131	1	1	0	2	22022	1	10000	0	0	0	0	0	0	0	0	0	0	0	0	0	0	0	0
900110151	1	2	0	0	22021	1	10000	0	0	0	0	0	0	0	0	0	0	0	0	0	0	0	0
900110161	1	1	0	2	22502	1	10000	0	0	0	0	0	0	0	0	0	0	0	0	0	0	0	0
900110171	1	0	2	9001102	1	10	1	2	0	0	20	1	0	0	0	0	0	0	0	0	0	0	0
900110181	1	1	0	2	22501	1	10000	0	0	0	0	0	0	0	0	0	0	0	0	0	0	0	0
900120101	1	3	0	0	22006	1	10000	0	0	0	0	0	0	0	0	0	0	0	0	0	0	0	0
900120111	1	2	0	0	22007	1	10000	0	0	0	0	0	0	0	0	0	0	0	0	0	0	0	0
900120121	1	1	0	10	22008	1	10000	0	0	0	0	0	0	0	0	0	0	0	0	0	0	0	0
900120131	1	2	2	9001202	1	10	0	3	0	0	0	0	0	0	0	0	0	0	0	0	0	0	0
900160101	1	0	14	90010001	0	0	0	0	0	0	0	0	0	0	0	0	0	0	0	0	0	0	0
900160201	1	0	14	90010002	0	0	0	0	0	0	0	0	0	0	0	0	0	0	0	0	0	0	0
900160301	1	0	14	90010003	0	0	0	0	0	0	0	0	0	0	0	0	0	0	0	0	0	0	0
900160401	1	0	14	90010004	0	0	0	0	0	0	0	0	0	0	0	0	0	0	0	0	0	0	0
900160501	1	0	14	90010005	0	0	0	0	0	0	0	0	0	0	0	0	0	0	0	0	0	0	0
900110201	1	0	0	2	500205	1	10000	0	0	0	0	0	0	0	0	0	0	0	0	0	0	0	0
900130101	1	0	0	0	22010	1	10000	0	0	0	0	0	0	0	0	0	0	0	0	0	0	0	0
900130111	1	1	0	0	22012	1	10000	0	0	0	0	0	0	0	0	0	0	0	0	0	0	0	0
900130121	1	2	0	0	22011	1	10000	0	0	0	0	0	0	0	0	0	0	0	0	0	0	0	0
900150101	1	1	0	0	22018	1	10000	0	0	0	0	0	0	0	0	0	0	0	0	0	0	0	0
900150111	1	2	0	0	22020	1	10000	0	0	0	0	0	0	0	0	0	0	0	0	0	0	0	0
900150121	1	0	0	0	22023	1	10000	0	0	0	0	0	0	0	0	0	0	0	0	0	0	0	0
900150201	1	1	0	2	220201	1	10000	0	0	0	0	0	0	0	0	0	0	0	0	0	0	0	0
900140101	1	1	0	0	22014	1	10000	0	0	0	0	0	0	0	0	0	0	0	0	0	0	0	0
900150102	1	1	2	9001502	0	20	1	2	0	0	20	4	55	6	90	7	125	8	165	9	200	10	0
900150221	1	0	0	2	220202	1	10000	0	0	0	0	0	0	0	0	0	0	0	0	0	0	0	0
900160601	1	0	14	90010011	0	0	0	0	0	0	0	0	0	0	0	0	0	0	0	0	0	0	0
900160701	1	0	14	90010012	0	0	0	0	0	0	0	0	0	0	0	0	0	0	0	0	0	0	0
900160801	1	0	14	90010013	0	0	0	0	0	0	0	0	0	0	0	0	0	0	0	0	0	0	0
900160901	1	0	14	90010014	0	0	0	0	0	0	0	0	0	0	0	0	0	0	0	0	0	0	0
900161001	1	0	14	90010015	0	0	0	0	0	0	0	0	0	0	0	0	0	0	0	0	0	0	0
900260101	1	0	14	90020001	0	0	0	0	0	0	0	0	0	0	0	0	0	0	0	0	0	0	0
900260201	1	0	14	90020002	0	0	0	0	0	0	0	0	0	0	0	0	0	0	0	0	0	0	0
900260301	1	0	14	90020003	0	0	0	0	0	0	0	0	0	0	0	0	0	0	0	0	0	0	0
900260401	1	0	14	90020004	0	0	0	0	0	0	0	0	0	0	0	0	0	0	0	0	0	0	0
900260501	1	0	14	90020005	0	0	0	0	0	0	0	0	0	0	0	0	0	0	0	0	0	0	0
900260601	1	0	14	90020011	0	0	0	0	0	0	0	0	0	0	0	0	0	0	0	0	0	0	0
900260701	1	0	14	90020012	0	0	0	0	0	0	0	0	0	0	0	0	0	0	0	0	0	0	0
900260801	1	0	14	90020013	0	0	0	0	0	0	0	0	0	0	0	0	0	0	0	0	0	0	0
900260901	1	0	14	90020014	0	0	0	0	0	0	0	0	0	0	0	0	0	0	0	0	0	0	0
900261001	1	0	14	90020015	0	0	0	0	0	0	0	0	0	0	0	0	0	0	0	0	0	0	0
900360101	1	0	14	90030001	0	0	0	0	0	0	0	0	0	0	0	0	0	0	0	0	0	0	0
900360201	1	0	14	90030002	0	0	0	0	0	0	0	0	0	0	0	0	0	0	0	0	0	0	0
900360301	1	0	14	90030003	0	0	0	0	0	0	0	0	0	0	0	0	0	0	0	0	0	0	0
900360401	1	0	14	90030004	0	0	0	0	0	0	0	0	0	0	0	0	0	0	0	0	0	0	0
900360501	1	0	14	90030005	0	0	0	0	0	0	0	0	0	0	0	0	0	0	0	0	0	0	0
900360601	1	0	14	90030011	0	0	0	0	0	0	0	0	0	0	0	0	0	0	0	0	0	0	0
900360701	1	0	14	90030012	0	0	0	0	0	0	0	0	0	0	0	0	0	0	0	0	0	0	0
900360801	1	0	14	90030013	0	0	0	0	0	0	0	0	0	0	0	0	0	0	0	0	0	0	0
900360901	1	0	14	90030014	0	0	0	0	0	0	0	0	0	0	0	0	0	0	0	0	0	0	0
900361001	1	0	14	90030015	0	0	0	0	0	0	0	0	0	0	0	0	0	0	0	0	0	0	0
900460101	1	0	14	90040001	0	0	0	0	0	0	0	0	0	0	0	0	0	0	0	0	0	0	0
900460201	1	0	14	90040002	0	0	0	0	0	0	0	0	0	0	0	0	0	0	0	0	0	0	0
900460301	1	0	14	90040003	0	0	0	0	0	0	0	0	0	0	0	0	0	0	0	0	0	0	0
900460401	1	0	14	90040004	0	0	0	0	0	0	0	0	0	0	0	0	0	0	0	0	0	0	0
900460501	1	0	14	90040005	0	0	0	0	0	0	0	0	0	0	0	0	0	0	0	0	0	0	0
900460601	1	0	14	90040011	0	0	0	0	0	0	0	0	0	0	0	0	0	0	0	0	0	0	0
900460701	1	0	14	90040012	0	0	0	0	0	0	0	0	0	0	0	0	0	0	0	0	0	0	0
900460801	1	0	14	90040013	0	0	0	0	0	0	0	0	0	0	0	0	0	0	0	0	0	0	0
900460901	1	0	14	90040014	0	0	0	0	0	0	0	0	0	0	0	0	0	0	0	0	0	0	0
900461001	1	0	14	90040015	0	0	0	0	0	0	0	0	0	0	0	0	0	0	0	0	0	0	0
900560101	1	0	14	90050001	0	0	0	0	0	0	0	0	0	0	0	0	0	0	0	0	0	0	0
900560201	1	0	14	90050002	0	0	0	0	0	0	0	0	0	0	0	0	0	0	0	0	0	0	0
900560301	1	0	14	90050003	0	0	0	0	0	0	0	0	0	0	0	0	0	0	0	0	0	0	0
900560401	1	0	14	90050004	0	0	0	0	0	0	0	0	0	0	0	0	0	0	0	0	0	0	0
900560501	1	0	14	90050005	0	0	0	0	0	0	0	0	0	0	0	0	0	0	0	0	0	0	0
900560601	1	0	14	90050011	0	0	0	0	0	0	0	0	0	0	0	0	0	0	0	0	0	0	0
900560701	1	0	14	90050012	0	0	0	0	0	0	0	0	0	0	0	0	0	0	0	0	0	0	0
900560801	1	0	14	90050013	0	0	0	0	0	0	0	0	0	0	0	0	0	0	0	0	0	0	0
900560901	1	0	14	90050014	0	0	0	0	0	0	0	0	0	0	0	0	0	0	0	0	0	0	0
900561001	1	0	14	90050015	0	0	0	0	0	0	0	0	0	0	0	0	0	0	0	0	0	0	0
900660101	1	0	14	90060001	0	0	0	0	0	0	0	0	0	0	0	0	0	0	0	0	0	0	0
900660201	1	0	14	90060002	0	0	0	0	0	0	0	0	0	0	0	0	0	0	0	0	0	0	0
900660301	1	0	14	90060003	0	0	0	0	0	0	0	0	0	0	0	0	0	0	0	0	0	0	0
900660401	1	0	14	90060004	0	0	0	0	0	0	0	0	0	0	0	0	0	0	0	0	0	0	0
900660501	1	0	14	90060005	0	0	0	0	0	0	0	0	0	0	0	0	0	0	0	0	0	0	0
900660601	1	0	14	90060011	0	0	0	0	0	0	0	0	0	0	0	0	0	0	0	0	0	0	0
900660701	1	0	14	90060012	0	0	0	0	0	0	0	0	0	0	0	0	0	0	0	0	0	0	0
900660801	1	0	14	90060013	0	0	0	0	0	0	0	0	0	0	0	0	0	0	0	0	0	0	0
900660901	1	0	14	90060014	0	0	0	0	0	0	0	0	0	0	0	0	0	0	0	0	0	0	0
900661001	1	0	14	90060015	0	0	0	0	0	0	0	0	0	0	0	0	0	0	0	0	0	0	0
900760101	1	0	14	90070001	0	0	0	0	0	0	0	0	0	0	0	0	0	0	0	0	0	0	0
900760201	1	0	14	90070002	0	0	0	0	0	0	0	0	0	0	0	0	0	0	0	0	0	0	0
900760301	1	0	14	90070003	0	0	0	0	0	0	0	0	0	0	0	0	0	0	0	0	0	0	0
900760401	1	0	14	90070004	0	0	0	0	0	0	0	0	0	0	0	0	0	0	0	0	0	0	0
900760501	1	0	14	90070005	0	0	0	0	0	0	0	0	0	0	0	0	0	0	0	0	0	0	0
900760601	1	0	14	90070011	0	0	0	0	0	0	0	0	0	0	0	0	0	0	0	0	0	0	0
900760701	1	0	14	90070012	0	0	0	0	0	0	0	0	0	0	0	0	0	0	0	0	0	0	0
900760801	1	0	14	90070013	0	0	0	0	0	0	0	0	0	0	0	0	0	0	0	0	0	0	0
900760901	1	0	14	90070014	0	0	0	0	0	0	0	0	0	0	0	0	0	0	0	0	0	0	0
900761001	1	0	14	90070015	0	0	0	0	0	0	0	0	0	0	0	0	0	0	0	0	0	0	0
900860101	1	0	14	90080001	0	0	0	0	0	0	0	0	0	0	0	0	0	0	0	0	0	0	0
900860201	1	0	14	90080002	0	0	0	0	0	0	0	0	0	0	0	0	0	0	0	0	0	0	0
900860301	1	0	14	90080003	0	0	0	0	0	0	0	0	0	0	0	0	0	0	0	0	0	0	0
900860401	1	0	14	90080004	0	0	0	0	0	0	0	0	0	0	0	0	0	0	0	0	0	0	0
900860501	1	0	14	90080005	0	0	0	0	0	0	0	0	0	0	0	0	0	0	0	0	0	0	0
900860601	1	0	14	90080011	0	0	0	0	0	0	0	0	0	0	0	0	0	0	0	0	0	0	0
900860701	1	0	14	90080012	0	0	0	0	0	0	0	0	0	0	0	0	0	0	0	0	0	0	0
900860801	1	0	14	90080013	0	0	0	0	0	0	0	0	0	0	0	0	0	0	0	0	0	0	0
900860901	1	0	14	90080014	0	0	0	0	0	0	0	0	0	0	0	0	0	0	0	0	0	0	0
900861001	1	0	14	90080015	0	0	0	0	0	0	0	0	0	0	0	0	0	0	0	0	0	0	0
900960101	1	0	14	90090001	0	0	0	0	0	0	0	0	0	0	0	0	0	0	0	0	0	0	0
900960201	1	0	14	90090002	0	0	0	0	0	0	0	0	0	0	0	0	0	0	0	0	0	0	0
900960301	1	0	14	90090003	0	0	0	0	0	0	0	0	0	0	0	0	0	0	0	0	0	0	0
900960401	1	0	14	90090004	0	0	0	0	0	0	0	0	0	0	0	0	0	0	0	0	0	0	0
900960501	1	0	14	90090005	0	0	0	0	0	0	0	0	0	0	0	0	0	0	0	0	0	0	0
900960601	1	0	14	90090011	0	0	0	0	0	0	0	0	0	0	0	0	0	0	0	0	0	0	0
900960701	1	0	14	90090012	0	0	0	0	0	0	0	0	0	0	0	0	0	0	0	0	0	0	0
900960801	1	0	14	90090013	0	0	0	0	0	0	0	0	0	0	0	0	0	0	0	0	0	0	0
900960901	1	0	14	90090014	0	0	0	0	0	0	0	0	0	0	0	0	0	0	0	0	0	0	0
900961001	1	0	14	90090015	0	0	0	0	0	0	0	0	0	0	0	0	0	0	0	0	0	0	0
901060101	1	0	14	90100001	0	0	0	0	0	0	0	0	0	0	0	0	0	0	0	0	0	0	0
901060201	1	0	14	90100002	0	0	0	0	0	0	0	0	0	0	0	0	0	0	0	0	0	0	0
901060301	1	0	14	90100003	0	0	0	0	0	0	0	0	0	0	0	0	0	0	0	0	0	0	0
901060401	1	0	14	90100004	0	0	0	0	0	0	0	0	0	0	0	0	0	0	0	0	0	0	0
901060501	1	0	14	90100005	0	0	0	0	0	0	0	0	0	0	0	0	0	0	0	0	0	0	0
901060601	1	0	14	90100011	0	0	0	0	0	0	0	0	0	0	0	0	0	0	0	0	0	0	0
901060701	1	0	14	90100012	0	0	0	0	0	0	0	0	0	0	0	0	0	0	0	0	0	0	0
901060801	1	0	14	90100013	0	0	0	0	0	0	0	0	0	0	0	0	0	0	0	0	0	0	0
901060901	1	0	14	90100014	0	0	0	0	0	0	0	0	0	0	0	0	0	0	0	0	0	0	0
901061001	1	0	14	90100015	0	0	0	0	0	0	0	0	0	0	0	0	0	0	0	0	0	0	0
901160101	1	0	14	90110001	0	0	0	0	0	0	0	0	0	0	0	0	0	0	0	0	0	0	0
901160201	1	0	14	90110002	0	0	0	0	0	0	0	0	0	0	0	0	0	0	0	0	0	0	0
901160301	1	0	14	90110003	0	0	0	0	0	0	0	0	0	0	0	0	0	0	0	0	0	0	0
901160401	1	0	14	90110004	0	0	0	0	0	0	0	0	0	0	0	0	0	0	0	0	0	0	0
901160501	1	0	14	90110005	0	0	0	0	0	0	0	0	0	0	0	0	0	0	0	0	0	0	0
901160601	1	0	14	90110011	0	0	0	0	0	0	0	0	0	0	0	0	0	0	0	0	0	0	0
901160701	1	0	14	90110012	0	0	0	0	0	0	0	0	0	0	0	0	0	0	0	0	0	0	0
901160801	1	0	14	90110013	0	0	0	0	0	0	0	0	0	0	0	0	0	0	0	0	0	0	0
901160901	1	0	14	90110014	0	0	0	0	0	0	0	0	0	0	0	0	0	0	0	0	0	0	0
901161001	1	0	14	90110015	0	0	0	0	0	0	0	0	0	0	0	0	0	0	0	0	0	0	0
901260101	1	0	14	90120001	0	0	0	0	0	0	0	0	0	0	0	0	0	0	0	0	0	0	0
901260201	1	0	14	90120002	0	0	0	0	0	0	0	0	0	0	0	0	0	0	0	0	0	0	0
901260301	1	0	14	90120003	0	0	0	0	0	0	0	0	0	0	0	0	0	0	0	0	0	0	0
901260401	1	0	14	90120004	0	0	0	0	0	0	0	0	0	0	0	0	0	0	0	0	0	0	0
901260501	1	0	14	90120005	0	0	0	0	0	0	0	0	0	0	0	0	0	0	0	0	0	0	0
901260601	1	0	14	90120011	0	0	0	0	0	0	0	0	0	0	0	0	0	0	0	0	0	0	0
901260701	1	0	14	90120012	0	0	0	0	0	0	0	0	0	0	0	0	0	0	0	0	0	0	0
901260801	1	0	14	90120013	0	0	0	0	0	0	0	0	0	0	0	0	0	0	0	0	0	0	0
901260901	1	0	14	90120014	0	0	0	0	0	0	0	0	0	0	0	0	0	0	0	0	0	0	0
901261001	1	0	14	90120015	0	0	0	0	0	0	0	0	0	0	0	0	0	0	0	0	0	0	0
901360101	1	0	14	90130001	0	0	0	0	0	0	0	0	0	0	0	0	0	0	0	0	0	0	0
901360201	1	0	14	90130002	0	0	0	0	0	0	0	0	0	0	0	0	0	0	0	0	0	0	0
901360301	1	0	14	90130003	0	0	0	0	0	0	0	0	0	0	0	0	0	0	0	0	0	0	0
901360401	1	0	14	90130004	0	0	0	0	0	0	0	0	0	0	0	0	0	0	0	0	0	0	0
901360501	1	0	14	90130005	0	0	0	0	0	0	0	0	0	0	0	0	0	0	0	0	0	0	0
901360601	1	0	14	90130011	0	0	0	0	0	0	0	0	0	0	0	0	0	0	0	0	0	0	0
901360701	1	0	14	90130012	0	0	0	0	0	0	0	0	0	0	0	0	0	0	0	0	0	0	0
901360801	1	0	14	90130013	0	0	0	0	0	0	0	0	0	0	0	0	0	0	0	0	0	0	0
901360901	1	0	14	90130014	0	0	0	0	0	0	0	0	0	0	0	0	0	0	0	0	0	0	0
901361001	1	0	14	90130015	0	0	0	0	0	0	0	0	0	0	0	0	0	0	0	0	0	0	0
901460101	1	0	14	90140001	0	0	0	0	0	0	0	0	0	0	0	0	0	0	0	0	0	0	0
901460201	1	0	14	90140002	0	0	0	0	0	0	0	0	0	0	0	0	0	0	0	0	0	0	0
901460301	1	0	14	90140003	0	0	0	0	0	0	0	0	0	0	0	0	0	0	0	0	0	0	0
901460401	1	0	14	90140004	0	0	0	0	0	0	0	0	0	0	0	0	0	0	0	0	0	0	0
901460501	1	0	14	90140005	0	0	0	0	0	0	0	0	0	0	0	0	0	0	0	0	0	0	0
901460601	1	0	14	90140011	0	0	0	0	0	0	0	0	0	0	0	0	0	0	0	0	0	0	0
901460701	1	0	14	90140012	0	0	0	0	0	0	0	0	0	0	0	0	0	0	0	0	0	0	0
901460801	1	0	14	90140013	0	0	0	0	0	0	0	0	0	0	0	0	0	0	0	0	0	0	0
901460901	1	0	14	90140014	0	0	0	0	0	0	0	0	0	0	0	0	0	0	0	0	0	0	0
901461001	1	0	14	90140015	0	0	0	0	0	0	0	0	0	0	0	0	0	0	0	0	0	0	0
901560101	1	0	14	90150001	0	0	0	0	0	0	0	0	0	0	0	0	0	0	0	0	0	0	0
901560201	1	0	14	90150002	0	0	0	0	0	0	0	0	0	0	0	0	0	0	0	0	0	0	0
901560301	1	0	14	90150003	0	0	0	0	0	0	0	0	0	0	0	0	0	0	0	0	0	0	0
901560401	1	0	14	90150004	0	0	0	0	0	0	0	0	0	0	0	0	0	0	0	0	0	0	0
901560501	1	0	14	90150005	0	0	0	0	0	0	0	0	0	0	0	0	0	0	0	0	0	0	0
901560601	1	0	14	90150011	0	0	0	0	0	0	0	0	0	0	0	0	0	0	0	0	0	0	0
901560701	1	0	14	90150012	0	0	0	0	0	0	0	0	0	0	0	0	0	0	0	0	0	0	0
901560801	1	0	14	90150013	0	0	0	0	0	0	0	0	0	0	0	0	0	0	0	0	0	0	0
901560901	1	0	14	90150014	0	0	0	0	0	0	0	0	0	0	0	0	0	0	0	0	0	0	0
901561001	1	0	14	90150015	0	0	0	0	0	0	0	0	0	0	0	0	0	0	0	0	0	0	0
901660101	1	0	14	90160001	0	0	0	0	0	0	0	0	0	0	0	0	0	0	0	0	0	0	0
901660201	1	0	14	90160002	0	0	0	0	0	0	0	0	0	0	0	0	0	0	0	0	0	0	0
901660301	1	0	14	90160003	0	0	0	0	0	0	0	0	0	0	0	0	0	0	0	0	0	0	0
901660401	1	0	14	90160004	0	0	0	0	0	0	0	0	0	0	0	0	0	0	0	0	0	0	0
901660501	1	0	14	90160005	0	0	0	0	0	0	0	0	0	0	0	0	0	0	0	0	0	0	0
901660601	1	0	14	90160011	0	0	0	0	0	0	0	0	0	0	0	0	0	0	0	0	0	0	0
901660701	1	0	14	90160012	0	0	0	0	0	0	0	0	0	0	0	0	0	0	0	0	0	0	0
901660801	1	0	14	90160013	0	0	0	0	0	0	0	0	0	0	0	0	0	0	0	0	0	0	0
901660901	1	0	14	90160014	0	0	0	0	0	0	0	0	0	0	0	0	0	0	0	0	0	0	0
901661001	1	0	14	90160015	0	0	0	0	0	0	0	0	0	0	0	0	0	0	0	0	0	0	0
901760101	1	0	14	90170001	0	0	0	0	0	0	0	0	0	0	0	0	0	0	0	0	0	0	0
901760201	1	0	14	90170002	0	0	0	0	0	0	0	0	0	0	0	0	0	0	0	0	0	0	0
901760301	1	0	14	90170003	0	0	0	0	0	0	0	0	0	0	0	0	0	0	0	0	0	0	0
901760401	1	0	14	90170004	0	0	0	0	0	0	0	0	0	0	0	0	0	0	0	0	0	0	0
901760501	1	0	14	90170005	0	0	0	0	0	0	0	0	0	0	0	0	0	0	0	0	0	0	0
901760601	1	0	14	90170011	0	0	0	0	0	0	0	0	0	0	0	0	0	0	0	0	0	0	0
901760701	1	0	14	90170012	0	0	0	0	0	0	0	0	0	0	0	0	0	0	0	0	0	0	0
901760801	1	0	14	90170013	0	0	0	0	0	0	0	0	0	0	0	0	0	0	0	0	0	0	0
901760901	1	0	14	90170014	0	0	0	0	0	0	0	0	0	0	0	0	0	0	0	0	0	0	0
901761001	1	0	14	90170015	0	0	0	0	0	0	0	0	0	0	0	0	0	0	0	0	0	0	0
901860101	1	0	14	90180001	0	0	0	0	0	0	0	0	0	0	0	0	0	0	0	0	0	0	0
901860201	1	0	14	90180002	0	0	0	0	0	0	0	0	0	0	0	0	0	0	0	0	0	0	0
901860301	1	0	14	90180003	0	0	0	0	0	0	0	0	0	0	0	0	0	0	0	0	0	0	0
901860401	1	0	14	90180004	0	0	0	0	0	0	0	0	0	0	0	0	0	0	0	0	0	0	0
901860501	1	0	14	90180005	0	0	0	0	0	0	0	0	0	0	0	0	0	0	0	0	0	0	0
901860601	1	0	14	90180011	0	0	0	0	0	0	0	0	0	0	0	0	0	0	0	0	0	0	0
901860701	1	0	14	90180012	0	0	0	0	0	0	0	0	0	0	0	0	0	0	0	0	0	0	0
901860801	1	0	14	90180013	0	0	0	0	0	0	0	0	0	0	0	0	0	0	0	0	0	0	0
901860901	1	0	14	90180014	0	0	0	0	0	0	0	0	0	0	0	0	0	0	0	0	0	0	0
901861001	1	0	14	90180015	0	0	0	0	0	0	0	0	0	0	0	0	0	0	0	0	0	0	0
901960101	1	0	14	90190001	0	0	0	0	0	0	0	0	0	0	0	0	0	0	0	0	0	0	0
901960201	1	0	14	90190002	0	0	0	0	0	0	0	0	0	0	0	0	0	0	0	0	0	0	0
901960301	1	0	14	90190003	0	0	0	0	0	0	0	0	0	0	0	0	0	0	0	0	0	0	0
901960401	1	0	14	90190004	0	0	0	0	0	0	0	0	0	0	0	0	0	0	0	0	0	0	0
901960501	1	0	14	90190005	0	0	0	0	0	0	0	0	0	0	0	0	0	0	0	0	0	0	0
901960601	1	0	14	90190011	0	0	0	0	0	0	0	0	0	0	0	0	0	0	0	0	0	0	0
901960701	1	0	14	90190012	0	0	0	0	0	0	0	0	0	0	0	0	0	0	0	0	0	0	0
901960801	1	0	14	90190013	0	0	0	0	0	0	0	0	0	0	0	0	0	0	0	0	0	0	0
901960901	1	0	14	90190014	0	0	0	0	0	0	0	0	0	0	0	0	0	0	0	0	0	0	0
901961001	1	0	14	90190015	0	0	0	0	0	0	0	0	0	0	0	0	0	0	0	0	0	0	0
902060101	1	0	14	90200001	0	0	0	0	0	0	0	0	0	0	0	0	0	0	0	0	0	0	0
902060201	1	0	14	90200002	0	0	0	0	0	0	0	0	0	0	0	0	0	0	0	0	0	0	0
902060301	1	0	14	90200003	0	0	0	0	0	0	0	0	0	0	0	0	0	0	0	0	0	0	0
902060401	1	0	14	90200004	0	0	0	0	0	0	0	0	0	0	0	0	0	0	0	0	0	0	0
902060501	1	0	14	90200005	0	0	0	0	0	0	0	0	0	0	0	0	0	0	0	0	0	0	0
902060601	1	0	14	90200011	0	0	0	0	0	0	0	0	0	0	0	0	0	0	0	0	0	0	0
902060701	1	0	14	90200012	0	0	0	0	0	0	0	0	0	0	0	0	0	0	0	0	0	0	0
902060801	1	0	14	90200013	0	0	0	0	0	0	0	0	0	0	0	0	0	0	0	0	0	0	0
902060901	1	0	14	90200014	0	0	0	0	0	0	0	0	0	0	0	0	0	0	0	0	0	0	0
902061001	1	0	14	90200015	0	0	0	0	0	0	0	0	0	0	0	0	0	0	0	0	0	0	0
900150202	1	0	24	0	10	9001502	0	0	0	0	0	0	0	0	0	0	0	0	0	0	0	0	0
900140111	1	0	0	0	22015	1	10000	0	0	0	0	0	0	0	0	0	0	0	0	0	0	0	0
900111101	1	2	0	0	22053	1	10000	0	0	0	0	0	0	0	0	0	0	0	0	0	0	0	0
900111111	1	1	0	0	22054	1	10000	0	0	0	0	0	0	0	0	0	0	0	0	0	0	0	0
900111121	1	0	0	0	22055	1	10000	0	0	0	0	0	0	0	0	0	0	0	0	0	0	0	0
900112101	1	1	0	2	22057	1	10000	0	0	0	0	0	0	0	0	0	0	0	0	0	0	0	0
900112111	1	0	0	0	22058	1	10000	0	0	0	0	0	0	0	0	0	0	0	0	0	0	0	0
900113101	1	0	0	0	22059	1	10000	0	0	0	0	0	0	0	0	0	0	0	0	0	0	0	0
900113111	1	0	0	0	22060	1	10000	0	0	0	0	0	0	0	0	0	0	0	0	0	0	0	0
900114101	1	0	0	0	22061	1	10000	0	0	0	0	0	0	0	0	0	0	0	0	0	0	0	0
900114111	1	0	0	0	22062	1	10000	0	0	0	0	0	0	0	0	0	0	0	0	0	0	0	0
900150112	1	0	2	9001152	1	10	1	1	0	0	0	1	0	0	0	0	0	0	0	0	0	0	0
900115301	1	0	0	2	22032	1	10000	0	0	0	0	0	0	0	0	0	0	0	0	0	0	0	0
900115111	1	0	0	0	22031	1	10000	0	0	0	0	0	0	0	0	0	0	0	0	0	0	0	0
900115101	1	0	2	9001153	1	20	1	3	0	0	0	1	0	0	0	0	0	0	0	0	0	0	0
900116101	1	0	0	0	22039	1	10000	0	0	0	0	0	0	0	0	0	0	0	0	0	0	0	0
900116111	1	0	0	0	220401	1	10000	0	0	0	0	0	0	0	0	0	0	0	0	0	0	0	0
900116121	1	0	23	0	3	12	0	0	0	0	0	0	0	0	0	0	0	0	0	0	0	0	0
900116112	1	0	0	10	22040	1	10000	0	0	0	0	0	0	0	0	0	0	0	0	0	0	0	0
900116201	1	0	0	0	22042	1	10000	0	0	0	0	0	0	0	0	0	0	0	0	0	0	0	0
800200101	1	0	0	2	21079	1	10000	0	0	0	0	0	0	0	0	0	0	0	0	0	0	0	0
800200201	1	0	0	2	21083	1	10000	0	0	0	0	0	0	0	0	0	0	0	0	0	0	0	0
800200211	1	0	0	0	21110	1	10000	0	0	0	0	0	0	0	0	0	0	0	0	0	0	0	0
800200301	1	0	0	0	21003	1	10000	0	0	0	0	0	0	0	0	0	0	0	0	0	0	0	0
800200401	1	0	0	0	21148	1	10000	0	0	0	0	0	0	0	0	0	0	0	0	0	0	0	0
800200501	1	0	0	0	21055	1	10000	0	0	0	0	0	0	0	0	0	0	0	0	0	0	0	0
800200601	1	0	0	0	21127	1	10000	0	0	0	0	0	0	0	0	0	0	0	0	0	0	0	0
800200701	1	0	0	0	21027	1	10000	0	0	0	0	0	0	0	0	0	0	0	0	0	0	0	0
800200801	1	0	0	0	21025	1	10000	0	0	0	0	0	0	0	0	0	0	0	0	0	0	0	0
800200901	1	0	0	0	21030	1	10000	0	0	0	0	0	0	0	0	0	0	0	0	0	0	0	0
800201001	1	0	0	0	21042	1	10000	0	0	0	0	0	0	0	0	0	0	0	0	0	0	0	0
800201101	1	0	0	0	21018	1	10000	0	0	0	0	0	0	0	0	0	0	0	0	0	0	0	0
800201111	1	0	0	0	21023	1	10000	0	0	0	0	0	0	0	0	0	0	0	0	0	0	0	0
800201201	1	0	0	0	21084	1	10000	0	0	0	0	0	0	0	0	0	0	0	0	0	0	0	0
800201211	1	0	0	0	21028	1	10000	0	0	0	0	0	0	0	0	0	0	0	0	0	0	0	0
800201301	1	0	0	0	21039	1	10000	0	0	0	0	0	0	0	0	0	0	0	0	0	0	0	0
800201401	1	0	0	0	21010	1	10000	0	0	0	0	0	0	0	0	0	0	0	0	0	0	0	0
800201501	1	0	0	0	21085	1	10000	0	0	0	0	0	0	0	0	0	0	0	0	0	0	0	0
800201601	1	0	0	0	21087	1	10000	0	0	0	0	0	0	0	0	0	0	0	0	0	0	0	0
800210101	1	0	0	0	21146	1	10000	0	0	0	0	0	0	0	0	0	0	0	0	0	0	0	0
800210201	1	0	0	0	21147	1	10000	0	0	0	0	0	0	0	0	0	0	0	0	0	0	0	0
800210301	1	0	0	0	21006	1	10000	0	0	0	0	0	0	0	0	0	0	0	0	0	0	0	0
800210401	1	0	0	0	21034	1	10000	0	0	0	0	0	0	0	0	0	0	0	0	0	0	0	0
800210501	1	0	0	0	21033	1	10000	0	0	0	0	0	0	0	0	0	0	0	0	0	0	0	0
800210601	1	0	0	0	21001	1	10000	0	0	0	0	0	0	0	0	0	0	0	0	0	0	0	0
800210701	1	0	0	0	21078	1	10000	0	0	0	0	0	0	0	0	0	0	0	0	0	0	0	0
800241001	1	0	0	0	21092	1	10000	0	0	0	0	0	0	0	0	0	0	0	0	0	0	0	0
800241101	1	0	0	0	21079	1	10000	0	0	0	0	0	0	0	0	0	0	0	0	0	0	0	0
800241111	1	0	0	0	21001	1	10000	0	0	0	0	0	0	0	0	0	0	0	0	0	0	0	0
800250101	1	0	0	0	1012	1	10000	0	0	0	0	0	0	0	0	0	0	0	0	0	0	0	0
800250111	1	0	0	0	21171	1	10000	0	0	0	0	0	0	0	0	0	0	0	0	0	0	0	0
800250201	1	0	0	0	1013	1	10000	0	0	0	0	0	0	0	0	0	0	0	0	0	0	0	0
800250301	1	0	0	0	1022	1	10000	0	0	0	0	0	0	0	0	0	0	0	0	0	0	0	0
800250401	1	0	0	0	1023	1	10000	0	0	0	0	0	0	0	0	0	0	0	0	0	0	0	0
800250501	1	0	0	0	103201	1	10000	0	0	0	0	0	0	0	0	0	0	0	0	0	0	0	0
800250502	1	0	0	0	103202	1	10000	0	0	0	0	0	0	0	0	0	0	0	0	0	0	0	0
800250503	1	0	0	0	103203	1	10000	0	0	0	0	0	0	0	0	0	0	0	0	0	0	0	0
800250504	1	0	0	0	103204	1	10000	0	0	0	0	0	0	0	0	0	0	0	0	0	0	0	0
800250505	1	0	0	0	103205	1	10000	0	0	0	0	0	0	0	0	0	0	0	0	0	0	0	0
800250601	1	0	0	0	103301	1	10000	0	0	0	0	0	0	0	0	0	0	0	0	0	0	0	0
800250602	1	0	0	0	103302	1	10000	0	0	0	0	0	0	0	0	0	0	0	0	0	0	0	0
800250603	1	0	0	0	103303	1	10000	0	0	0	0	0	0	0	0	0	0	0	0	0	0	0	0
800250604	1	0	0	0	103304	1	10000	0	0	0	0	0	0	0	0	0	0	0	0	0	0	0	0
800250605	1	0	0	0	103305	1	10000	0	0	0	0	0	0	0	0	0	0	0	0	0	0	0	0
800250701	1	0	0	0	1042	1	10000	0	0	0	0	0	0	0	0	0	0	0	0	0	0	0	0
800250801	1	0	0	0	1043	1	10000	0	0	0	0	0	0	0	0	0	0	0	0	0	0	0	0
800251101	1	0	0	0	2012	1	10000	0	0	0	0	0	0	0	0	0	0	0	0	0	0	0	0
800251111	1	0	0	0	201201	1	10000	0	0	0	0	0	0	0	0	0	0	0	0	0	0	0	0
800251201	1	0	0	0	2013	1	10000	0	0	0	0	0	0	0	0	0	0	0	0	0	0	0	0
800251301	1	0	0	0	2022	1	10000	0	0	0	0	0	0	0	0	0	0	0	0	0	0	0	0
800251401	1	0	0	0	2023	1	10000	0	0	0	0	0	0	0	0	0	0	0	0	0	0	0	0
800251501	1	0	0	0	2032	1	10000	0	0	0	0	0	0	0	0	0	0	0	0	0	0	0	0
800251601	1	0	0	0	2033	1	10000	0	0	0	0	0	0	0	0	0	0	0	0	0	0	0	0
800251701	1	0	0	0	2042	1	10000	0	0	0	0	0	0	0	0	0	0	0	0	0	0	0	0
800251801	1	0	0	0	2043	1	10000	0	0	0	0	0	0	0	0	0	0	0	0	0	0	0	0
800252101	1	0	0	0	3012	1	10000	0	0	0	0	0	0	0	0	0	0	0	0	0	0	0	0
800252201	1	0	0	0	3013	1	10000	0	0	0	0	0	0	0	0	0	0	0	0	0	0	0	0
800252301	1	0	0	0	3022	1	10000	0	0	0	0	0	0	0	0	0	0	0	0	0	0	0	0
800252401	1	0	0	0	3023	1	10000	0	0	0	0	0	0	0	0	0	0	0	0	0	0	0	0
800252501	1	0	0	0	3032	1	10000	0	0	0	0	0	0	0	0	0	0	0	0	0	0	0	0
800252601	1	0	0	0	3033	1	10000	0	0	0	0	0	0	0	0	0	0	0	0	0	0	0	0
800252701	1	0	0	0	3042	1	10000	0	0	0	0	0	0	0	0	0	0	0	0	0	0	0	0
800252801	1	0	0	0	3043	1	10000	0	0	0	0	0	0	0	0	0	0	0	0	0	0	0	0
800253101	1	0	0	0	4012	1	10000	0	0	0	0	0	0	0	0	0	0	0	0	0	0	0	0
800253201	1	0	0	0	4013	1	10000	0	0	0	0	0	0	0	0	0	0	0	0	0	0	0	0
800253301	1	0	0	0	4022	1	10000	0	0	0	0	0	0	0	0	0	0	0	0	0	0	0	0
800253401	1	0	0	0	4023	1	10000	0	0	0	0	0	0	0	0	0	0	0	0	0	0	0	0
800253501	1	0	0	0	4032	1	10000	0	0	0	0	0	0	0	0	0	0	0	0	0	0	0	0
800253601	1	0	0	0	4033	1	10000	0	0	0	0	0	0	0	0	0	0	0	0	0	0	0	0
800253701	1	0	0	0	4042	1	10000	0	0	0	0	0	0	0	0	0	0	0	0	0	0	0	0
800253801	1	0	0	0	4043	1	10000	0	0	0	0	0	0	0	0	0	0	0	0	0	0	0	0
800254101	1	0	0	0	1011	1	10000	0	0	0	0	0	0	0	0	0	0	0	0	0	0	0	0
800254201	1	0	0	0	1021	1	10000	0	0	0	0	0	0	0	0	0	0	0	0	0	0	0	0
800254301	1	0	0	0	103101	1	10000	0	0	0	0	0	0	0	0	0	0	0	0	0	0	0	0
800254302	1	0	0	0	103102	1	10000	0	0	0	0	0	0	0	0	0	0	0	0	0	0	0	0
800254303	1	0	0	0	103103	1	10000	0	0	0	0	0	0	0	0	0	0	0	0	0	0	0	0
800254304	1	0	0	0	103104	1	10000	0	0	0	0	0	0	0	0	0	0	0	0	0	0	0	0
800254305	1	0	0	0	103105	1	10000	0	0	0	0	0	0	0	0	0	0	0	0	0	0	0	0
800254401	1	0	0	0	1041	1	10000	0	0	0	0	0	0	0	0	0	0	0	0	0	0	0	0
800255101	1	0	0	0	2011	1	10000	0	0	0	0	0	0	0	0	0	0	0	0	0	0	0	0
800255201	1	0	0	0	2021	1	10000	0	0	0	0	0	0	0	0	0	0	0	0	0	0	0	0
800255301	1	0	0	0	2031	1	10000	0	0	0	0	0	0	0	0	0	0	0	0	0	0	0	0
800255401	1	0	0	0	2041	1	10000	0	0	0	0	0	0	0	0	0	0	0	0	0	0	0	0
800256101	1	0	0	0	3011	1	10000	0	0	0	0	0	0	0	0	0	0	0	0	0	0	0	0
800256201	1	0	0	0	3021	1	10000	0	0	0	0	0	0	0	0	0	0	0	0	0	0	0	0
800256301	1	0	0	0	3031	1	10000	0	0	0	0	0	0	0	0	0	0	0	0	0	0	0	0
800256401	1	0	0	0	3041	1	10000	0	0	0	0	0	0	0	0	0	0	0	0	0	0	0	0
800257101	1	0	0	0	4011	1	10000	0	0	0	0	0	0	0	0	0	0	0	0	0	0	0	0
800257201	1	0	0	0	4021	1	10000	0	0	0	0	0	0	0	0	0	0	0	0	0	0	0	0
800257301	1	0	0	0	4031	1	10000	0	0	0	0	0	0	0	0	0	0	0	0	0	0	0	0
800257401	1	0	0	0	4041	1	10000	0	0	0	0	0	0	0	0	0	0	0	0	0	0	0	0
800258101	1	0	0	0	1101	1	10000	0	0	0	0	0	0	0	0	0	0	0	0	0	0	0	0
800258201	1	0	0	0	2101	1	10000	0	0	0	0	0	0	0	0	0	0	0	0	0	0	0	0
800258301	1	0	0	0	3101	1	10000	0	0	0	0	0	0	0	0	0	0	0	0	0	0	0	0
800258401	1	0	0	0	4101	1	10000	0	0	0	0	0	0	0	0	0	0	0	0	0	0	0	0
800260101	1	0	0	0	21116	1	10000	0	0	0	0	0	0	0	0	0	0	0	0	0	0	0	0
800260201	1	0	0	0	21117	1	10000	0	0	0	0	0	0	0	0	0	0	0	0	0	0	0	0
800260301	1	0	0	0	21110	1	10000	0	0	0	0	0	0	0	0	0	0	0	0	0	0	0	0
800260401	1	0	0	0	21112	1	10000	0	0	0	0	0	0	0	0	0	0	0	0	0	0	0	0
800260501	1	0	0	0	21113	1	10000	0	0	0	0	0	0	0	0	0	0	0	0	0	0	0	0
800260601	1	0	0	0	21114	1	10000	0	0	0	0	0	0	0	0	0	0	0	0	0	0	0	0
800260701	1	0	0	0	21120	1	10000	0	0	0	0	0	0	0	0	0	0	0	0	0	0	0	0
800260801	1	0	0	0	21121	1	10000	0	0	0	0	0	0	0	0	0	0	0	0	0	0	0	0
800260901	1	0	0	0	21122	1	10000	0	0	0	0	0	0	0	0	0	0	0	0	0	0	0	0
800261001	1	0	0	0	21123	1	10000	0	0	0	0	0	0	0	0	0	0	0	0	0	0	0	0
800261101	1	0	0	0	21124	1	10000	0	0	0	0	0	0	0	0	0	0	0	0	0	0	0	0
800262101	1	0	0	0	21172	1	10000	0	0	0	0	0	0	0	0	0	0	0	0	0	0	0	0
800262201	1	0	0	0	21173	1	10000	0	0	0	0	0	0	0	0	0	0	0	0	0	0	0	0
800262301	1	0	0	0	21174	1	10000	0	0	0	0	0	0	0	0	0	0	0	0	0	0	0	0
800262401	1	0	0	0	21175	1	10000	0	0	0	0	0	0	0	0	0	0	0	0	0	0	0	0
800262501	1	0	0	0	21176	1	10000	0	0	0	0	0	0	0	0	0	0	0	0	0	0	0	0
800262601	1	0	0	0	21177	1	10000	0	0	0	0	0	0	0	0	0	0	0	0	0	0	0	0
800262701	1	0	0	0	21182	1	10000	0	0	0	0	0	0	0	0	0	0	0	0	0	0	0	0
800262801	1	0	0	0	21183	1	10000	0	0	0	0	0	0	0	0	0	0	0	0	0	0	0	0
800270101	1	0	0	0	21191	1	10000	0	0	0	0	0	0	0	0	0	0	0	0	0	0	0	0
800270301	1	0	0	0	21157	1	10000	0	0	0	0	0	0	0	0	0	0	0	0	0	0	0	0
800270401	1	0	0	0	21158	1	10000	0	0	0	0	0	0	0	0	0	0	0	0	0	0	0	0
800270411	1	0	0	0	21030	1	10000	0	0	0	0	0	0	0	0	0	0	0	0	0	0	0	0
800270421	1	0	0	0	21025	1	10000	0	0	0	0	0	0	0	0	0	0	0	0	0	0	0	0
800270501	1	0	0	0	21159	1	10000	0	0	0	0	0	0	0	0	0	0	0	0	0	0	0	0
800270601	1	0	0	0	21125	1	10000	0	0	0	0	0	0	0	0	0	0	0	0	0	0	0	0
800270611	1	0	0	0	21126	1	10000	0	0	0	0	0	0	0	0	0	0	0	0	0	0	0	0
800270621	1	0	0	0	21160	1	10000	0	0	0	0	0	0	0	0	0	0	0	0	0	0	0	0
800270701	1	0	0	0	21161	1	10000	0	0	0	0	0	0	0	0	0	0	0	0	0	0	0	0
800270711	1	0	0	0	21162	1	10000	0	0	0	0	0	0	0	0	0	0	0	0	0	0	0	0
800270721	1	0	0	0	21085	1	10000	0	0	0	0	0	0	0	0	0	0	0	0	0	0	0	0
800270801	1	0	0	0	21128	1	10000	0	0	0	0	0	0	0	0	0	0	0	0	0	0	0	0
800270811	1	0	0	0	21129	1	10000	0	0	0	0	0	0	0	0	0	0	0	0	0	0	0	0
800270821	1	0	0	0	21130	1	10000	0	0	0	0	0	0	0	0	0	0	0	0	0	0	0	0
800270901	1	0	0	0	21163	1	10000	0	0	0	0	0	0	0	0	0	0	0	0	0	0	0	0
800270911	1	0	0	0	21164	1	10000	0	0	0	0	0	0	0	0	0	0	0	0	0	0	0	0
800270931	1	0	0	0	21165	1	10000	0	0	0	0	0	0	0	0	0	0	0	0	0	0	0	0
800270941	1	0	0	0	21166	1	10000	0	0	0	0	0	0	0	0	0	0	0	0	0	0	0	0
800271001	1	0	0	0	21037	1	10000	0	0	0	0	0	0	0	0	0	0	0	0	0	0	0	0
800271011	1	0	0	0	21024	1	10000	0	0	0	0	0	0	0	0	0	0	0	0	0	0	0	0
800300201	1	0	0	0	21150	1	10000	0	0	0	0	0	0	0	0	0	0	0	0	0	0	0	0
800300211	1	0	0	0	21138	1	10000	0	0	0	0	0	0	0	0	0	0	0	0	0	0	0	0
800300221	1	0	0	0	21066	1	10000	0	0	0	0	0	0	0	0	0	0	0	0	0	0	0	0
800300501	1	0	0	0	21067	1	10000	0	0	0	0	0	0	0	0	0	0	0	0	0	0	0	0
800300511	1	0	0	0	21068	1	10000	0	0	0	0	0	0	0	0	0	0	0	0	0	0	0	0
800300521	1	0	0	0	21025	1	10000	0	0	0	0	0	0	0	0	0	0	0	0	0	0	0	0
800300301	1	0	0	0	21060	1	10000	0	0	0	0	0	0	0	0	0	0	0	0	0	0	0	0
800300302	1	0	0	0	21061	1	10000	0	0	0	0	0	0	0	0	0	0	0	0	0	0	0	0
800300401	1	0	0	0	21062	1	10000	0	0	0	0	0	0	0	0	0	0	0	0	0	0	0	0
800300402	1	0	0	0	21063	1	10000	0	0	0	0	0	0	0	0	0	0	0	0	0	0	0	0
800300601	1	0	0	0	21069	1	10000	0	0	0	0	0	0	0	0	0	0	0	0	0	0	0	0
800300611	1	0	0	0	21064	1	10000	0	0	0	0	0	0	0	0	0	0	0	0	0	0	0	0
800300621	1	0	0	0	21136	1	10000	0	0	0	0	0	0	0	0	0	0	0	0	0	0	0	0
800300701	1	0	0	0	22005	1	10000	0	0	0	0	0	0	0	0	0	0	0	0	0	0	0	0
800300711	1	0	0	0	22006	1	10000	0	0	0	0	0	0	0	0	0	0	0	0	0	0	0	0
800300721	1	0	0	0	22007	1	10000	0	0	0	0	0	0	0	0	0	0	0	0	0	0	0	0
800300731	1	0	0	0	22008	1	10000	0	0	0	0	0	0	0	0	0	0	0	0	0	0	0	0
800300801	1	0	0	0	21142	1	10000	0	0	0	0	0	0	0	0	0	0	0	0	0	0	0	0
800300811	1	0	0	0	21143	1	10000	0	0	0	0	0	0	0	0	0	0	0	0	0	0	0	0
800300901	1	0	0	0	22002	1	10000	0	0	0	0	0	0	0	0	0	0	0	0	0	0	0	0
800300911	1	0	0	0	22003	1	10000	0	0	0	0	0	0	0	0	0	0	0	0	0	0	0	0
800300921	1	0	0	0	22004	1	10000	0	0	0	0	0	0	0	0	0	0	0	0	0	0	0	0
800301101	1	0	0	0	22014	1	10000	0	0	0	0	0	0	0	0	0	0	0	0	0	0	0	0
800301111	1	0	0	0	22015	1	10000	0	0	0	0	0	0	0	0	0	0	0	0	0	0	0	0
800301201	1	0	0	0	22032	1	10000	0	0	0	0	0	0	0	0	0	0	0	0	0	0	0	0
800301211	1	0	0	0	22031	1	10000	0	0	0	0	0	0	0	0	0	0	0	0	0	0	0	0
800301301	1	0	0	0	22020	1	10000	0	0	0	0	0	0	0	0	0	0	0	0	0	0	0	0
800301311	1	0	0	0	22021	1	10000	0	0	0	0	0	0	0	0	0	0	0	0	0	0	0	0
800301401	1	0	0	0	21045	1	10000	0	0	0	0	0	0	0	0	0	0	0	0	0	0	0	0
800301411	1	0	0	0	21047	1	10000	0	0	0	0	0	0	0	0	0	0	0	0	0	0	0	0
800301421	1	0	0	0	21035	1	10000	0	0	0	0	0	0	0	0	0	0	0	0	0	0	0	0
800301501	1	0	0	0	21210	1	10000	0	0	0	0	0	0	0	0	0	0	0	0	0	0	0	0
800301511	1	0	0	0	21211	1	10000	0	0	0	0	0	0	0	0	0	0	0	0	0	0	0	0
800301601	1	0	0	0	21208	1	10000	0	0	0	0	0	0	0	0	0	0	0	0	0	0	0	0
800301611	1	0	0	0	21209	1	10000	0	0	0	0	0	0	0	0	0	0	0	0	0	0	0	0
800301701	1	0	0	0	21212	1	10000	0	0	0	0	0	0	0	0	0	0	0	0	0	0	0	0
800301711	1	0	0	0	22039	1	10000	0	0	0	0	0	0	0	0	0	0	0	0	0	0	0	0
800301801	1	0	0	0	22045	1	10000	0	0	0	0	0	0	0	0	0	0	0	0	0	0	0	0
800301811	1	0	0	0	22046	1	10000	0	0	0	0	0	0	0	0	0	0	0	0	0	0	0	0
800301901	1	0	0	0	21351	1	10000	0	0	0	0	0	0	0	0	0	0	0	0	0	0	0	0
900117101	1	0	2	9001172	1	10	1	2	0	0	20	1	0	0	0	0	0	0	0	0	0	0	0
900117201	1	0	0	0	22049	1	10000	0	0	0	0	0	0	0	0	0	0	0	0	0	0	0	0
900117111	1	0	0	0	22050	1	10000	0	0	0	0	0	0	0	0	0	0	0	0	0	0	0	0
900117121	1	0	22	3	0	0	0	0	0	0	0	0	0	0	0	0	0	0	0	0	0	0	0
900117131	1	0	0	0	22051	1	10000	0	0	0	0	0	0	0	0	0	0	0	0	0	0	0	0
900118101	1	3	0	0	22045	1	10000	0	0	0	0	0	0	0	0	0	0	0	0	0	0	0	0
900118111	1	0	0	0	22046	1	10000	0	0	0	0	0	0	0	0	0	0	0	0	0	0	0	0
900118112	1	1	23	2	1	0	0	0	0	0	0	0	0	0	0	0	0	0	0	0	0	0	0
900118113	1	2	0	0	220461	1	10000	0	0	0	0	0	0	0	0	0	0	0	0	0	0	0	0
700120401	1	1	0	0	21022	1	10000	0	0	0	0	0	0	0	0	0	0	0	0	0	0	0	0
700120501	1	1	0	0	21024	1	10000	0	0	0	0	0	0	0	0	0	0	0	0	0	0	0	0
340101001	1	1	0	0	21241	1	10000	0	0	0	0	0	0	0	0	0	0	0	0	0	0	0	0
340101101	1	1	0	0	21338	1	10000	0	0	0	0	0	0	0	0	0	0	0	0	0	0	0	0
340101102	1	1	0	0	21339	1	10000	0	0	0	0	0	0	0	0	0	0	0	0	0	0	0	0
340101201	1	1	0	0	21242	1	10000	0	0	0	0	0	0	0	0	0	0	0	0	0	0	0	0
340101202	1	1	0	0	21243	1	10000	0	0	0	0	0	0	0	0	0	0	0	0	0	0	0	0
340101301	1	1	0	0	21244	1	10000	0	0	0	0	0	0	0	0	0	0	0	0	0	0	0	0
340101501	1	1	0	0	21255	1	10000	0	0	0	0	0	0	0	0	0	0	0	0	0	0	0	0
340101601	1	1	0	0	21245	1	10000	0	0	0	0	0	0	0	0	0	0	0	0	0	0	0	0
340101602	1	1	0	0	21246	1	10000	0	0	0	0	0	0	0	0	0	0	0	0	0	0	0	0
340101603	1	1	0	0	22011	1	10000	0	0	0	0	0	0	0	0	0	0	0	0	0	0	0	0
340102001	1	1	0	0	21251	1	10000	0	0	0	0	0	0	0	0	0	0	0	0	0	0	0	0
340102101	1	1	0	0	21275	1	10000	0	0	0	0	0	0	0	0	0	0	0	0	0	0	0	0
340101801	1	1	0	0	21247	1	10000	0	0	0	0	0	0	0	0	0	0	0	0	0	0	0	0
340101802	1	1	0	0	21248	1	10000	0	0	0	0	0	0	0	0	0	0	0	0	0	0	0	0
340101803	1	1	0	0	21045	1	10000	0	0	0	0	0	0	0	0	0	0	0	0	0	0	0	0
340102501	1	1	0	0	21249	1	10000	0	0	0	0	0	0	0	0	0	0	0	0	0	0	0	0
340102502	1	1	0	0	21250	1	10000	0	0	0	0	0	0	0	0	0	0	0	0	0	0	0	0
340102503	1	1	2	3401032	1	60	1	2	0	0	10	1	0	0	0	0	0	0	0	0	0	0	0
340102301	1	1	0	0	21252	1	10000	0	0	0	0	0	0	0	0	0	0	0	0	0	0	0	0
340102401	1	1	0	0	21017	1	10000	1	0	0	0	0	0	0	0	0	0	0	0	0	0	0	0
340102801	1	1	0	0	21274	1	3333	0	0	0	0	0	0	0	0	0	0	0	0	0	0	0	0
340103001	1	1	0	0	21276	1	10000	0	0	0	0	0	0	0	0	0	0	0	0	0	0	0	0
340103301	1	1	0	0	21305	1	10000	0	0	0	0	0	0	0	0	0	0	0	0	0	0	0	0
340103601	1	1	0	0	21043	1	10000	0	0	0	0	0	0	0	0	0	0	0	0	0	0	0	0
340103901	1	1	0	0	21238	1	10000	0	0	0	0	0	0	0	0	0	0	0	0	0	0	0	0
340103902	1	1	0	0	21301	1	10000	0	0	0	0	0	0	0	0	0	0	0	0	0	0	0	0
340103903	1	1	0	0	21302	1	10000	0	0	0	0	0	0	0	0	0	0	0	0	0	0	0	0
340104001	1	1	0	0	21291	1	10000	0	0	0	0	0	0	0	0	0	0	0	0	0	0	0	0
340104002	1	1	0	0	21303	1	10000	0	0	0	0	0	0	0	0	0	0	0	0	0	0	0	0
340103701	1	1	0	0	21296	1	10000	0	0	0	0	0	0	0	0	0	0	0	0	0	0	0	0
340103702	1	1	0	0	21341	1	10000	0	0	0	0	0	0	0	0	0	0	0	0	0	0	0	0
340103801	1	1	0	0	21300	1	10000	0	0	0	0	0	0	0	0	0	0	0	0	0	0	0	0
340103802	1	1	0	0	21340	1	10000	0	0	0	0	0	0	0	0	0	0	0	0	0	0	0	0
350110101	1	1	2	3501001	1	300	1	2	0	0	2	1	0	0	0	0	0	0	0	0	0	0	0
350110201	1	1	2	3501002	1	300	1	2	0	0	2	1	0	0	0	0	0	0	0	0	0	0	0
360100401	1	1	0	2	21268	1	10000	0	0	0	0	0	0	0	0	0	0	0	0	0	0	0	0
360100101	1	1	0	0	21270	1	10000	0	0	0	0	0	0	0	0	0	0	0	0	0	0	0	0
360100102	1	1	0	0	21271	1	10000	0	0	0	0	0	0	0	0	0	0	0	0	0	0	0	0
360100103	1	1	0	0	21272	1	10000	0	0	0	0	0	0	0	0	0	0	0	0	0	0	0	0
360100104	1	1	0	0	21045	1	10000	0	0	0	0	0	0	0	0	0	0	0	0	0	0	0	0
360110001	1	1	0	0	22049	1	10000	0	0	0	0	0	0	0	0	0	0	0	0	0	0	0	0
360110002	1	1	0	0	22050	1	10000	0	0	0	0	0	0	0	0	0	0	0	0	0	0	0	0
360110003	1	1	0	0	22051	1	10000	0	0	0	0	0	0	0	0	0	0	0	0	0	0	0	0
430200101	1	1	0	0	1011	1	10000	0	0	0	0	0	0	0	0	0	0	0	0	0	0	0	0
430200102	1	1	0	0	1021	1	10000	0	0	0	0	0	0	0	0	0	0	0	0	0	0	0	0
430200103	1	1	0	0	1031	1	10000	0	0	0	0	0	0	0	0	0	0	0	0	0	0	0	0
430200104	1	1	0	0	1041	1	10000	0	0	0	0	0	0	0	0	0	0	0	0	0	0	0	0
430200105	1	1	0	0	1012	1	10000	0	0	0	0	0	0	0	0	0	0	0	0	0	0	0	0
430200106	1	1	0	0	1022	1	10000	0	0	0	0	0	0	0	0	0	0	0	0	0	0	0	0
430200107	1	1	0	0	1032	1	10000	0	0	0	0	0	0	0	0	0	0	0	0	0	0	0	0
430200108	1	1	0	0	1042	1	10000	0	0	0	0	0	0	0	0	0	0	0	0	0	0	0	0
430200109	1	1	0	0	500203	1	10000	0	0	0	0	0	0	0	0	0	0	0	0	0	0	0	0
430200201	1	1	0	0	2011	1	10000	0	0	0	0	0	0	0	0	0	0	0	0	0	0	0	0
430200202	1	1	0	0	2021	1	10000	0	0	0	0	0	0	0	0	0	0	0	0	0	0	0	0
430200203	1	1	0	0	2031	1	10000	0	0	0	0	0	0	0	0	0	0	0	0	0	0	0	0
430200204	1	1	0	0	2041	1	10000	0	0	0	0	0	0	0	0	0	0	0	0	0	0	0	0
430200205	1	1	0	0	2012	1	10000	0	0	0	0	0	0	0	0	0	0	0	0	0	0	0	0
430200206	1	1	0	0	2022	1	10000	0	0	0	0	0	0	0	0	0	0	0	0	0	0	0	0
430200207	1	1	0	0	2032	1	10000	0	0	0	0	0	0	0	0	0	0	0	0	0	0	0	0
430200208	1	1	0	0	2042	1	10000	0	0	0	0	0	0	0	0	0	0	0	0	0	0	0	0
430200209	1	1	0	0	500205	1	10000	0	0	0	0	0	0	0	0	0	0	0	0	0	0	0	0
430200301	1	1	0	0	3011	1	10000	0	0	0	0	0	0	0	0	0	0	0	0	0	0	0	0
430200302	1	1	0	0	3021	1	10000	0	0	0	0	0	0	0	0	0	0	0	0	0	0	0	0
430200303	1	1	0	0	3031	1	10000	0	0	0	0	0	0	0	0	0	0	0	0	0	0	0	0
430200304	1	1	0	0	3041	1	10000	0	0	0	0	0	0	0	0	0	0	0	0	0	0	0	0
430200305	1	1	0	0	3012	1	10000	0	0	0	0	0	0	0	0	0	0	0	0	0	0	0	0
430200306	1	1	0	0	3022	1	10000	0	0	0	0	0	0	0	0	0	0	0	0	0	0	0	0
430200307	1	1	0	0	3032	1	10000	0	0	0	0	0	0	0	0	0	0	0	0	0	0	0	0
430200308	1	1	0	0	3042	1	10000	0	0	0	0	0	0	0	0	0	0	0	0	0	0	0	0
430200309	1	1	0	0	500206	1	10000	0	0	0	0	0	0	0	0	0	0	0	0	0	0	0	0
430200401	1	1	0	0	4011	1	10000	0	0	0	0	0	0	0	0	0	0	0	0	0	0	0	0
430200402	1	1	0	0	4021	1	10000	0	0	0	0	0	0	0	0	0	0	0	0	0	0	0	0
430200403	1	1	0	0	4031	1	10000	0	0	0	0	0	0	0	0	0	0	0	0	0	0	0	0
430200404	1	1	0	0	4041	1	10000	0	0	0	0	0	0	0	0	0	0	0	0	0	0	0	0
430200405	1	1	0	0	4012	1	10000	0	0	0	0	0	0	0	0	0	0	0	0	0	0	0	0
430200406	1	1	0	0	4022	1	10000	0	0	0	0	0	0	0	0	0	0	0	0	0	0	0	0
430200407	1	1	0	0	4032	1	10000	0	0	0	0	0	0	0	0	0	0	0	0	0	0	0	0
430200408	1	1	0	0	4042	1	10000	0	0	0	0	0	0	0	0	0	0	0	0	0	0	0	0
430200409	1	1	0	0	500213	1	10000	0	0	0	0	0	0	0	0	0	0	0	0	0	0	0	0
710124801	1	2	0	0	21280	1	10000	0	0	0	0	0	0	0	0	0	0	0	0	0	0	0	0
710124901	1	2	0	0	21287	1	10000	0	0	0	0	0	0	0	0	0	0	0	0	0	0	0	0
710125001	1	2	0	0	21288	1	10000	0	0	0	0	0	0	0	0	0	0	0	0	0	0	0	0
710125401	1	2	0	0	21307	1	10000	0	0	0	0	0	0	0	0	0	0	0	0	0	0	0	0
710125501	1	2	0	0	21310	1	10000	0	0	0	0	0	0	0	0	0	0	0	0	0	0	0	0
710125601	1	2	0	0	21312	1	10000	0	0	0	0	0	0	0	0	0	0	0	0	0	0	0	0
710125701	1	2	0	0	21314	1	10000	0	0	0	0	0	0	0	0	0	0	0	0	0	0	0	0
710125801	1	2	0	0	21344	1	10000	0	0	0	0	0	0	0	0	0	0	0	0	0	0	0	0
710125901	1	2	0	0	21345	1	10000	0	0	0	0	0	0	0	0	0	0	0	0	0	0	0	0
710126001	1	2	0	0	21346	1	10000	0	0	0	0	0	0	0	0	0	0	0	0	0	0	0	0
710126101	1	2	0	0	21347	1	10000	0	0	0	0	0	0	0	0	0	0	0	0	0	0	0	0
710126201	1	2	0	0	21348	1	10000	0	0	0	0	0	0	0	0	0	0	0	0	0	0	0	0
