备注	行为ID	有效标志	警戒范围（已*10)	战斗范围（已*10)	待机行走方式（0呆站，9个体巡逻，10群组巡逻）	走路速度（未*10）	奔跑速度（未*10）	camp1阵营1，2阵营2兼敌对，3阵营3和12敌对，21友好(学院攻防：防1攻2)	普攻类型1	普攻1概率(万分比)	普攻类型2	普攻2概率(万分比)	普攻类型3	普攻2概率(万分比)	普通攻击间隔(毫秒)	普通攻击对象(0普通，8炮塔，16固定朝向)	是否回位补给	回位是否重置	尸体存在时间	免疫的debuff类型	"免疫被击硬直和击退(1免疫普攻，2免疫普攻、技能带来的,3免疫一切被击硬直和击退)"	采集读条cmd	读条时间（毫秒）	单位类型，位域：0是普通单位，1是机械单位(不能被加血)、2是免疫XP技能、4是免疫宠物攻击单位	出生范围	攻击范围（已*10）	游荡范围（游荡的距离，已*10，单位M）	采集消耗主键	采集消耗副键
备注	[K][C][S]id	server	[C][S]alertrange	[C][S]fightrange	[C][S]idlewalktype	[C][S]walkspeed	[C][S]runspeed	[C]camp	[C][S]attack1	[C][S]attack1rate	[C][S]attack2	[C][S]attack2rate	[C][S]attack3	[C][S]attack3rate	[C][S]attackcd	[C][S]fightprop	server	server	server	server	[C][S]normalhard	[C][S]readbar_id	[C][S]readbar_time	server	[C][S]bornrange	[C][S]attackrange	server	server	server
主角	11	1	10	20	0	14	38	1	10001	3333	10002	3334	10003	3333	2000	0	0	0	1	0	0	0	0	0	20	2	0	0	0
主角	21	1	10	20	0	14	38	1	10001	3333	10002	3334	10003	3333	2000	0	0	0	1	0	0	0	0	0	20	2	0	0	0
主角	31	1	10	20	0	14	38	1	10001	3333	10002	3334	10003	3333	2000	0	0	0	1	0	0	0	0	0	20	2	0	0	0
栅栏	100	1	0	0	0	0	0	21	0	0	0	0	0	0	2000	0	0	0	0	0	2	0	0	0	0	0	0	0	0
一般采集物	101	1	0	0	0	0	0	21	0	0	0	0	0	0	2000	0	0	0	0	0	3	101	3000	0	0	0	0	0	0
移动型陷阱	102	1	0	0	0	14	38	2	0	0	0	0	0	0	2000	0	0	1	0	0	2	0	0	0	0	0	0	0	0
木桩	103	1	0	10	0	0	0	2	0	0	0	0	0	0	2000	0	0	0	0	0	3	0	0	0	0	0	0	0	0
定点陷阱	104	1	0	0	0	0	0	2	0	0	0	0	0	0	2000	0	0	1	0	0	2	0	0	0	0	0	0	0	0
世界材料采集物	105	1	0	0	0	0	0	21	0	0	0	0	0	0	2000	0	0	0	0	0	3	101	3000	0	0	0	0	30602	1
雷电机关	106	1	0	0	0	0	0	21	0	0	0	0	0	0	2000	0	0	0	0	0	3	101	3000	0	0	0	0	0	0
迷宫采集消耗	107	1	0	0	0	0	0	21	0	0	0	0	0	0	2000	0	0	0	0	0	3	101	3000	0	0	0	0	34002	1
吃鸡战场采集物	108	1	0	0	0	0	0	21	0	0	0	0	0	0	2000	0	0	0	0	0	3	101	1500	0	0	0	0	0	0
20警戒20出生-推图普通近战小怪	1100	1	20	20	0	14	38	2	10001	10000	0	0	0	0	2000	0	0	0	3	0	0	0	0	0	20	2.5	0	0	0
20警戒20出生-蝙蝠类-推图普通远程小怪	1101	1	20	20	0	14	38	2	10004	10000	0	0	0	0	2000	0	0	0	3	0	0	0	0	0	20	7	0	0	0
20警戒20出生-推图脆皮快速近战小怪	1102	1	20	20	0	14	53	2	10001	10000	0	0	0	0	2000	0	0	0	3	0	0	0	0	0	20	2	0	0	0
10警戒20出生-推图普通近战小怪	1103	1	10	20	0	14	38	2	10001	10000	0	0	0	0	2000	0	0	0	3	0	0	0	0	0	20	2.5	0	0	0
10警戒20出生-蝙蝠类-推图普通远程小怪	1104	1	10	20	0	14	38	2	10004	10000	0	0	0	0	2000	0	0	0	3	0	0	0	0	0	20	7	0	0	0
10警戒20出生-推图脆皮快速近战小怪	1105	1	10	20	0	14	53	2	10001	10000	0	0	0	0	2000	0	0	0	3	0	0	0	0	0	20	2	0	0	0
10警戒10出生-推图普通近战小怪	1106	1	10	20	0	14	38	2	10001	10000	0	0	0	0	2000	0	0	0	3	0	0	0	0	0	10	2.5	0	0	0
10警戒10出生-蝙蝠类-推图普通远程小怪	1107	1	10	20	0	14	38	2	10004	10000	0	0	0	0	2000	0	0	0	3	0	0	0	0	0	10	7	0	0	0
10警戒10出生-推图脆皮快速近战小怪	1108	1	10	20	0	14	53	2	10001	10000	0	0	0	0	2000	0	0	0	3	0	0	0	0	0	10	2	0	0	0
推图普通近战小怪-伏兵	1109	1	100	20	0	14	38	2	10001	10000	0	0	0	0	2000	0	0	0	3	0	0	0	0	0	4	2.5	0	0	0
推图普通远程小怪-伏兵-蝙蝠类	1110	1	100	20	0	14	38	2	10004	10000	0	0	0	0	2000	0	0	0	3	0	0	0	0	0	4	7	0	0	0
推图脆皮快速近战小怪-伏兵	1111	1	100	20	0	14	53	2	10001	10000	0	0	0	0	2000	0	0	0	3	0	0	0	0	0	4	2	0	0	0
20警戒20出生-推图弓兵类小怪	1112	1	20	20	0	14	38	2	10005	10000	0	0	0	0	2000	0	0	0	3	0	0	0	0	0	20	7	0	0	0
10警戒20出生-推图弓兵类小怪	1113	1	10	20	0	14	38	2	10005	10000	0	0	0	0	2000	0	0	0	3	0	0	0	0	0	20	7	0	0	0
10警戒10出生-推图弓兵类小怪	1114	1	10	20	0	14	38	2	10005	10000	0	0	0	0	2000	0	0	0	3	0	0	0	0	0	10	7	0	0	0
推图弓兵类小怪-伏兵	1115	1	100	20	0	14	38	2	10005	10000	0	0	0	0	2000	0	0	0	3	0	0	0	0	0	4	7	0	0	0
推图普通近战小怪-8出生	1116	1	100	20	0	14	38	2	10001	10000	0	0	0	0	2000	0	0	0	3	0	0	0	0	0	8	2.5	0	0	0
推图普通远程小怪-蝙蝠-8出生	1117	1	100	20	0	14	38	2	10004	10000	0	0	0	0	2000	0	0	0	3	0	0	0	0	0	8	7	0	0	0
推图脆皮快速近战小怪-8出生	1118	1	100	20	0	14	53	2	10001	10000	0	0	0	0	2000	0	0	0	3	0	0	0	0	0	8	2	0	0	0
推图弓兵类小怪-8出生	1119	1	100	20	0	14	38	2	10005	10000	0	0	0	0	2000	0	0	0	3	0	0	0	0	0	8	7	0	0	0
推图普通近战小怪-5警戒20出生	1120	1	5	20	0	14	38	2	10001	10000	0	0	0	0	2000	0	0	0	3	0	1	0	0	0	20	2.5	0	0	0
推图普通远程小怪-5警戒20出生-蝙蝠类	1121	1	5	20	0	14	38	2	10004	10000	0	0	0	0	2000	0	0	0	3	0	0	0	0	0	20	7	0	0	0
推图脆皮快速近战小怪-5警戒20出生	1122	1	5	20	0	14	53	2	10001	10000	0	0	0	0	2000	0	0	0	3	0	0	0	0	0	20	2	0	0	0
推图弓兵类小怪-5警戒20出生	1123	1	5	20	0	14	38	2	10005	10000	0	0	0	0	2000	0	0	0	3	0	0	0	0	0	20	7	0	0	0
推图普通近战小怪-5米出生5米警戒	1124	1	100	20	0	14	38	2	10001	3334	10002	3333	10003	3333	2000	0	0	0	3	0	0	0	0	0	5	2.5	0	0	0
推图普通远程小怪-5米出生5米警戒-蝙蝠类	1125	1	100	20	0	14	38	2	10004	10000	0	0	0	0	2000	0	0	0	3	0	0	0	0	0	5	7	0	0	0
推图脆皮快速近战小怪-5米出生5米警戒	1126	1	100	20	0	14	53	2	10001	10000	0	0	0	0	2000	0	0	0	3	0	0	0	0	0	5	2	0	0	0
推图弓兵类小怪-5米出生5米警戒	1127	1	100	20	0	14	38	2	10005	10000	0	0	0	0	2000	0	0	0	3	0	0	0	0	0	5	7	0	0	0
推图普通远程小怪-近警戒远出生-刺牙	1128	1	10	20	0	14	38	2	10006	10000	0	0	0	0	2000	0	0	0	3	0	0	0	0	0	20	7	0	0	0
10警戒50出生-推图普通近战小怪	1129	1	10	20	0	14	38	2	10001	10000	0	0	0	0	2000	0	0	0	3	0	0	0	0	0	50	2.5	0	0	0
推图普通近战小怪-8出生	1150	1	100	20	0	14	28	2	10001	10000	0	0	0	0	2000	0	0	0	3	0	0	0	0	0	8	2.5	0	0	0
推图弓兵类小怪-8出生	1151	1	100	20	0	14	28	2	10005	10000	0	0	0	0	2000	0	0	0	3	0	0	0	0	0	8	7	0	0	0
推图普通近战小怪-5米出生5米警戒	1152	1	100	20	0	14	28	2	10001	10000	0	0	0	0	2000	0	0	0	3	0	0	0	0	0	5	2.5	0	0	0
推图弓兵类小怪-5米出生5米警戒	1153	1	100	20	0	14	28	2	10005	10000	0	0	0	0	2000	0	0	0	3	0	0	0	0	0	5	7	0	0	0
血族刀兵（逗逼）-守护类地图	1154	1	100	20	0	14	28	2	10001	5000	10007	5000	0	0	2000	0	0	0	3	0	0	0	0	0	20	2.5	0	0	0
血族刀兵（逗逼）-前推类地图	1155	1	10	100	0	14	28	2	10001	5000	10007	5000	0	0	2000	0	0	0	3	0	0	0	0	0	10	2.5	0	0	0
妖族士兵-守护类地图	1156	1	100	20	0	14	28	2	10003	10000	0	0	0	0	2000	0	0	0	3	0	0	0	0	0	20	2.5	0	0	0
血族刀兵（逗逼）-前推类地图(20出生)	1157	1	8	20	0	14	28	2	10001	5000	10007	5000	0	0	2000	0	0	0	3	0	0	0	0	0	20	2.5	0	0	0
推图弓兵类小怪	1158	1	5	20	0	14	28	2	10005	10000	0	0	0	0	2000	0	0	0	3	0	0	0	0	0	5	7	0	0	0
推图骷髅近战小怪	1159	1	5	20	0	14	28	2	10001	10000	0	0	0	0	2000	0	0	0	3	0	0	0	0	0	5	2.5	0	0	0
推图普通近战小怪-8出生	1160	1	8	20	0	14	28	2	10001	3334	10002	3333	10003	3333	2000	0	0	0	3	0	1	0	0	0	8	2.5	0	0	0
陆家村野猪-0警戒100出生	1161	1	0	20	2	14	38	2	10001	10000	0	0	0	0	2000	0	0	0	1	0	0	0	0	0	100	2.5	2	0	0
云村蓝胖-5警戒100范围	1162	1	5	20	0	14	38	2	22005	10000	0	0	0	0	2000	0	0	0	3	0	1	0	0	0	100	2.5	0	0	0
桃源村魔族奸细-0警戒100范围	1163	1	0	20	0	14	38	2	21259	10000	0	0	0	0	2000	0	0	0	3	0	3	0	0	0	100	2.5	0	0	0
云村蓝胖-5警戒100范围	1164	1	5	20	0	14	38	2	10001	10000	0	0	0	0	2000	0	0	0	1	0	3	0	0	0	100	2.5	0	0	0
推图精英进战怪-20米出生-10米警戒	2100	1	10	20	0	14	38	2	10001	10000	0	0	0	0	2000	0	0	0	1	0	2	0	0	0	100	2.5	0	0	0
推图精英蝙蝠怪-20米出生-10米警戒	2101	1	10	20	0	14	38	2	10004	10000	0	0	0	0	2000	0	0	0	1	0	2	0	0	0	20	7	0	0	0
推图精英骷髅怪-20米出生-10米警戒	2102	1	10	20	0	14	28	2	10001	10000	0	0	0	0	2000	0	0	0	1	0	2	0	0	0	20	2.5	0	0	0
推图精英法系-20米出生-10米警戒	2103	1	10	20	0	14	38	2	20005	10000	0	0	0	0	2000	0	0	0	1	0	2	0	0	0	20	6	0	0	0
推图精英法系-20米出生-4米警戒	2104	1	4	20	0	14	38	2	20005	10000	0	0	0	0	2000	0	0	0	1	0	2	0	0	0	20	6	0	0	0
推图精英进战怪-20米出生-4米警戒	2105	1	4	20	0	14	38	2	10001	10000	0	0	0	0	2000	0	0	0	1	0	2	0	0	0	20	2.5	0	0	0
推图精英进战怪-6米出生-6米警戒	2106	1	6	20	0	14	38	2	10001	10000	0	0	0	0	2000	0	0	0	1	0	2	0	0	0	6	2.5	0	0	0
推图精英法系-20米出生-10米警戒	2107	1	10	20	0	14	38	2	20005	10000	0	0	0	0	2000	0	0	0	1	0	0	0	0	0	20	6	0	0	0
推图通用近战BOSS-100出生-6米警戒	3100	1	6	20	0	14	38	2	20001	10000	0	0	0	0	2000	0	0	0	1	0	2	0	0	0	100	2	0	0	0
推图通用法系远程BOSS-100出生-6米警戒	3101	1	6	20	0	14	38	2	20005	10000	0	0	0	0	2000	0	0	0	1	0	2	0	0	0	100	7	0	0	0
特殊小怪-豺狼长弓手-30警戒-箭雨	4100	1	30	30	0	14	38	2	21055	10000	0	0	0	0	5000	0	0	0	1	0	0	0	0	0	100	30	0	0	0
特殊小怪-塔类型	4101	1	7	8	0	0	0	2	10202	10000	0	0	0	0	2000	8	0	0	1	0	3	0	0	1	10	7	0	0	0
观灵阁近战小怪-慢速-低攻速	8000	1	10	100	0	14	20	2	10001	3334	10001	3333	10001	3333	3000	0	1	1	1	0	0	0	0	0	20	2.5	0	0	0
观灵阁近战小怪-中速-中攻速	8001	1	10	100	0	14	35	2	10001	3334	10001	3333	10001	3333	2000	0	1	1	1	0	0	0	0	0	20	2.5	0	0	0
观灵阁近战小怪-中速-中攻速-弓手	8002	1	10	100	0	14	35	2	10005	10000	0	0	0	0	2000	0	1	1	1	0	0	0	0	0	20	7	0	0	0
观灵阁近战小怪-中速-中攻速-蝙蝠	8003	1	10	100	0	14	35	2	10004	10000	0	0	0	0	2000	0	1	1	1	0	0	0	0	0	20	7	0	0	0
观灵阁近战小怪-快速-高攻速	8005	1	10	100	0	14	50	2	10001	3334	10001	3333	10001	3333	1000	0	1	1	1	0	0	0	0	0	20	2.5	0	0	0
观灵阁近战小怪-中速-中攻速-小鱼人	8006	1	10	100	0	14	35	2	21070	5000	0	5000	0	0	2000	0	1	1	1	0	0	0	0	0	20	7	0	0	0
观灵阁近战小怪-中速-中攻速-野猪	8007	1	10	100	0	14	35	2	21023	10000	0	0	0	0	4000	0	1	1	1	0	0	0	0	0	20	4	0	0	0
观灵阁近战精英-慢速-低攻速	8100	1	10	100	0	14	20	2	10001	3334	10001	3333	10001	3333	3000	0	1	1	1	0	1	0	0	0	20	2.5	0	0	0
观灵阁近战精英-中速-中攻速	8101	1	10	100	0	14	35	2	10001	3334	10001	3333	10001	3333	2000	0	1	1	1	0	1	0	0	0	20	2.5	0	0	0
观灵阁近战精英-快速-高攻速	8102	1	10	100	0	14	50	2	10001	3334	10001	3333	10001	3333	1000	0	1	1	1	0	1	0	0	0	20	2.5	0	0	0
观灵阁法系精英-小黑球	8103	1	10	100	0	14	35	2	20005	10000	0	0	0	0	2000	0	0	0	1	0	1	0	0	0	20	7	0	0	0
观灵阁弓手精英-射箭	8104	1	10	100	0	14	35	2	10005	10000	0	0	0	0	2000	0	1	1	1	0	1	0	0	0	20	7	0	0	0
观灵阁法系精英-冰球	8105	1	10	100	0	14	35	2	20008	10000	0	0	0	0	2000	0	1	1	1	0	1	0	0	0	20	7	0	0	0
观灵阁法系精英-火球	8106	1	10	100	0	14	35	2	20013	10000	0	0	0	0	4000	0	1	1	1	0	1	0	0	0	20	7	0	0	0
观灵阁法系精英-剑气	8107	1	10	100	0	14	35	2	20006	10000	0	0	0	0	2000	0	1	1	1	0	1	0	0	0	20	7	0	0	0
观灵阁近战精英-慢速-熊妖	8108	1	10	100	0	14	20	2	10009	3334	10009	3333	10009	3333	3000	0	1	1	1	0	1	0	0	0	20	5	0	0	0
观灵阁近战精英-慢速-血族盾兵	8109	1	10	100	0	14	20	2	10010	3334	10010	3333	10010	3333	3000	0	1	1	1	0	1	0	0	0	20	2.5	0	0	0
观灵阁近战精英-快速-狼妖	8110	1	10	100	0	14	50	2	10011	3334	10011	3333	10011	3333	1000	0	1	1	1	0	1	0	0	0	20	2.5	0	0	0
观灵阁近战精英-快速-血族暗刺	8111	1	10	100	0	14	50	2	10012	3334	10012	3333	10012	3333	1000	0	1	1	1	0	1	0	0	0	20	4.5	0	0	0
法系精英-火球	8112	1	10	100	0	14	35	2	20013	10000	0	0	0	0	4000	0	0	0	1	0	1	0	0	0	20	7	0	0	0
自爆型	8113	1	10	20	0	14	35	2	21253	10000	0	0	0	0	2000	0	1	1	1	0	1	0	0	0	20	2	0	0	0
观灵阁近战BOSS-慢速-低攻速-铜血将	8200	1	10	100	0	14	20	2	22056	3334	22056	3333	22056	3333	3000	0	1	1	1	0	2	0	0	0	20	2.5	0	0	0
观灵阁近战BOSS-中速-中攻速	8201	1	10	100	0	14	35	2	10001	3334	10001	3333	10001	3333	2000	0	1	1	1	0	2	0	0	0	20	2.5	0	0	0
观灵阁法系BOSS-小黑球	8202	1	10	100	0	14	35	2	20005	10000	0	0	0	0	2000	0	1	1	1	0	2	0	0	0	20	7	0	0	0
观灵阁法系BOSS-冰系魔将	8203	1	10	100	0	14	35	2	20008	10000	0	0	0	0	2000	0	1	1	1	0	2	0	0	0	20	7	0	0	0
观灵阁法系BOSS-火系炎魔	8204	1	10	100	0	14	35	2	20009	10000	0	0	0	0	2000	0	1	1	1	0	2	0	0	0	20	7	0	0	0
观灵阁法系BOSS-雷系魔将	8205	1	10	100	0	14	35	2	21151	10000	0	0	0	0	2000	0	0	0	1	0	2	0	0	0	20	7	0	0	0
观灵阁BOSS-火血将	8206	1	10	100	0	14	35	2	25071	10000	0	0	0	0	2000	0	1	1	1	0	2	0	0	0	20	7	0	0	0
观灵阁BOSS-魔童	8207	1	10	100	0	14	50	2	22013	5000	220131	5000	0	0	1000	0	1	1	1	0	2	0	0	0	20	9	0	0	0
观灵阁BOSS-腾小明	8208	1	10	100	0	14	35	2	22030	10000	0	0	0	0	2000	0	1	1	1	0	2	0	0	0	20	6	0	0	0
观灵阁BOSS-血将・圣魔	8209	1	10	100	0	0	0	2	22017	10000	0	0	0	0	3000	0	1	1	1	0	2	0	0	0	20	18	0	0	0
观灵阁BOSS-画翠	8210	1	10	100	0	14	35	2	22038	10000	0	0	0	0	2000	0	1	1	1	0	2	0	0	0	20	9	0	0	0
观灵阁-血将・海笛	8211	1	10	100	0	14	30	2	22044	10000	0	0	0	0	2000	0	1	1	1	0	3	0	0	0	20	6	0	0	0
观灵阁-刺血将	8212	1	20	100	0	18	50	2	22005	10000	0	0	0	0	2000	0	0	0	1	0	3	0	0	0	20	4	0	0	0
观灵阁-风魔	8219	1	10	100	0	18	55	2	10027	10000	0	0	0	0	2000	0	0	0	1	0	3	0	0	0	20	8	0	0	0
观灵阁-剑客	8301	1	10	100	0	14	40	2	41001	3333	41002	3333	41004	3334	1000	0	1	1	1	0	1	0	0	0	20	2.5	0	0	0
观灵阁-御灵	8302	1	10	100	0	14	40	2	42001	3333	42002	3333	42004	3334	1000	0	1	1	1	0	1	0	0	0	20	5	0	0	0
观灵阁-刀客	8303	1	10	100	0	14	40	2	43001	3333	43002	3333	43004	3334	1000	0	1	1	1	0	1	0	0	0	20	2.5	0	0	0
观灵阁-弓手	8304	1	10	100	0	14	40	2	44001	3333	44002	3333	44004	3334	1000	0	1	1	1	0	1	0	0	0	20	7	0	0	0
观灵阁-剑客-百分比伤害	8311	1	10	100	0	14	40	2	21315	3333	21316	3333	21318	3334	1000	0	1	1	1	0	1	0	0	0	20	2.5	0	0	0
观灵阁-御灵-百分比伤害	8312	1	10	100	0	14	40	2	21322	3333	21323	3333	21325	3334	1000	0	1	1	1	0	1	0	0	0	20	5	0	0	0
观灵阁-刀客-百分比伤害	8313	1	10	100	0	14	40	2	21327	3333	21328	3333	21330	3334	1000	0	1	1	1	0	1	0	0	0	20	2.5	0	0	0
观灵阁-弓手-百分比伤害	8314	1	10	100	0	14	40	2	21332	3333	21333	3333	21335	3334	1000	0	1	1	1	0	1	0	0	0	20	7	0	0	0
特殊BOSS玩法-驱散图腾	8401	1	10	20	0	0	0	21	0	0	0	0	0	0	1000	0	0	0	1	0	2	0	0	0	20	0	0	0	0
特殊BOSS玩法-守护法阵	8402	1	10	20	0	0	0	2	0	0	0	0	0	0	1000	0	0	0	1	0	2	0	0	0	20	0	0	0	0
净灵第一章特殊-腾小明	8501	1	10	100	0	14	35	2	25001	10000	0	0	0	0	2000	0	1	1	1	0	2	0	0	0	20	5	0	0	0
净灵第一章特殊-火灵	8502	1	10	100	0	14	35	2	25021	10000	0	0	0	0	2000	0	1	1	1	0	2	0	0	0	20	7	0	0	0
净灵第一章特殊-斩月	8503	1	10	100	0	18	40	2	25031	10000	0	0	0	0	2000	0	0	0	1	0	2	0	0	0	20	4	0	0	0
净灵第一章特殊-水灵	8504	1	10	100	0	14	35	2	25051	10000	0	0	0	0	2000	0	1	1	1	0	2	0	0	0	20	7	0	0	0
净灵第一章特殊-女巫	8505	1	10	100	0	14	35	2	25011	10000	0	0	0	0	2000	0	1	1	1	0	2	0	0	0	20	7	0	0	0
净灵第一章特殊-黑虎	8506	1	10	100	0	14	40	2	25061	3333	25062	3333	25063	3334	1500	0	1	1	1	0	2	0	0	0	20	4.5	0	0	0
净灵第一章特殊-刺客	8507	1	10	100	0	14	40	2	25041	5000	25042	5000	0	0	1500	0	1	1	1	0	2	0	0	0	20	4.5	0	0	0
普通友好NPC	10000	1	10	20	0	14	38	21	10001	3333	10002	3333	10003	3334	2000	0	0	0	1	0	0	0	0	0	20	2	0	0	0
普通友好NPC(木桩型)	10001	1	10	20	0	14	0	21	10001	3333	10002	3333	10003	3334	2000	0	0	0	1	0	0	0	0	0	20	2	0	0	0
普通敌对NPC	10010	1	10	20	0	14	38	2	10001	3333	10002	3333	10003	3334	2000	0	0	0	1	0	0	0	0	0	20	2	4	0	0
星月阁神兽	11202	1	0	20	0	0	0	2	0	0	0	0	0	0	2000	0	0	0	1	0	3	0	0	0	20	1.5	0	0	0
三合殿采集书	11401	1	0	0	0	0	0	21	0	0	0	0	0	0	2000	0	0	0	0	0	3	107	3000	0	0	0	0	0	0
领地小怪	21201	1	0	20	0	14	38	2	10001	10000	0	0	0	0	2000	0	0	0	1	0	1	0	0	0	20	1.5	4	0	0
领地封印小妖	21213	1	5	20	0	14	38	2	10001	10000	0	0	0	0	2000	0	0	0	1	0	3	0	0	0	20	1.5	4	0	0
领地封印妖王	21216	1	5	20	0	14	38	2	10001	10000	0	0	0	0	2000	0	0	0	1	0	3	0	0	0	20	3	4	0	0
领地、帮派封印妖王	21217	1	0	20	0	14	38	2	10001	10000	0	0	0	0	2000	0	0	0	1	0	3	0	0	0	20	3	4	0	0
夺旗-中立令旗	30101	1	10	10	0	0	0	2	0	0	0	0	0	0	0	0	0	0	1	0	3	0	0	1	0	0	0	0	0
夺旗-天策令旗	30111	1	10	10	0	0	0	3	0	0	0	0	0	0	0	0	0	0	1	0	3	0	0	1	0	0	0	0	0
夺旗-圣王令旗	30121	1	10	10	0	0	0	4	0	0	0	0	0	0	0	0	0	0	1	0	3	0	0	1	0	0	0	0	0
夺旗-修罗令旗	30131	1	10	10	0	0	0	5	0	0	0	0	0	0	0	0	0	0	1	0	3	0	0	1	0	0	0	0	0
地宫-外殿小怪	304101	1	5	12	0	14	38	2	10001	10000	0	0	0	0	2000	0	0	0	0	0	0	0	0	0	20	2.5	1	0	0
地宫-外殿精英	304104	1	5	12	0	14	38	2	10001	10000	0	0	0	0	2000	0	0	0	0	0	0	0	0	0	20	2.5	1	0	0
地宫-大BOSS	304301	1	5	12	0	0	0	2	22017	10000	0	0	0	0	5000	0	0	0	15	0	3	0	0	0	20	18	0	0	0
地宫-小BOSS1	304302	1	5	12	0	14	38	2	22056	10000	0	0	0	0	2000	0	0	0	15	0	3	0	0	0	20	6	0	0	0
地宫-小BOSS2	304303	1	5	12	0	14	38	2	10001	10000	0	0	0	0	2000	0	0	0	15	0	3	0	0	0	20	6.5	0	0	0
地宫-小BOSS3	304304	1	5	12	0	14	38	2	22001	10000	0	0	0	0	2000	0	0	0	15	0	3	0	0	0	20	6	0	0	0
地宫-小BOSS4	304305	1	5	12	0	14	38	2	22064	10000	0	0	0	0	2000	0	0	0	15	0	3	0	0	0	20	6	0	0	0
尊灵宫惨案-士兵	1001001	1	20	20	0	14	38	2	10001	3333	10002	3333	10003	3334	2000	0	0	0	1	0	0	0	0	0	20	1.5	0	0	0
尊灵宫惨案-精英	1001005	1	20	20	0	14	38	2	10001	3333	10002	3333	10003	3334	2000	0	0	0	1	0	2	0	0	0	20	2	0	0	0
尊灵宫惨案-神将	1001010	1	20	20	0	14	38	2	10001	5000	10003	5000	0	0	2000	0	0	0	1	0	2	0	0	0	20	2	0	0	0
BOSS-黄金巨龙	2011010	1	6	20	0	0	0	2	20007	10000	0	0	0	0	2000	24	0	0	1	0	2	0	0	0	100	5	0	0	0
BOSS-狼妖	2011020	1	8	20	0	14	38	2	10011	10000	0	0	0	0	2000	0	0	0	1	0	2	0	0	0	100	5	0	0	0
BOSS-血族盾兵	2011030	1	6	20	0	14	28	2	10010	10000	0	0	0	0	2000	0	0	0	1	0	2	0	0	0	100	3	0	0	0
BOSS-护院头目	2011040	1	6	20	0	14	38	2	10009	10000	0	0	0	0	2000	0	0	0	1	0	2	0	0	0	100	4.5	0	0	0
BOSS-刺客副首领	2011050	1	6	20	0	14	38	2	10012	10000	0	0	0	0	2000	0	0	0	1	0	2	0	0	0	100	3	0	0	0
BOSS-国子监将领	2021010	1	6	20	0	14	38	2	20001	10000	0	0	0	0	2000	0	0	0	1	0	2	0	0	0	100	2.5	0	0	0
BOSS-巫师	2021020	1	6	20	0	14	38	2	20005	10000	0	0	0	0	2000	0	0	0	1	0	2	0	0	0	100	7	0	0	0
BOSS-黑虎	2021030	1	6	20	0	14	38	2	20001	10000	0	0	0	0	2000	0	0	0	1	0	2	0	0	0	100	3	0	0	0
BOSS-巫马锦川	2021040	1	6	20	0	14	38	2	20005	10000	0	0	0	0	2000	0	0	0	1	0	2	0	0	0	100	7	0	0	0
BOSS-灵教训导	2021050	1	6	20	0	14	38	2	20001	10000	0	0	0	0	2000	0	0	0	1	0	2	0	0	0	100	3	0	0	0
BOSS-混世魔将	2031010	1	6	20	0	14	38	2	20001	10000	0	0	0	0	2000	0	0	0	1	0	2	0	0	0	100	3	0	0	0
BOSS-灵教训导	2031020	1	6	20	0	14	38	2	20001	10000	0	0	0	0	2000	0	0	0	1	0	2	0	0	0	100	3	0	0	0
BOSS-巫马锦川	2031030	1	6	20	0	14	38	2	20005	10000	0	0	0	0	2000	0	0	0	1	0	2	0	0	0	100	7	0	0	0
BOSS-阵灵	2031040	1	6	20	0	14	38	2	20001	10000	0	0	0	0	2000	0	0	0	1	0	2	0	0	0	100	3	0	0	0
BOSS-吱吱	2031050	1	10	20	0	0	0	2	20002	10000	0	0	0	0	2000	24	0	0	1	0	2	0	0	0	30	3.5	0	0	0
BOSS-余嬷嬷	2022010	1	10	20	0	14	38	2	20001	10000	0	0	0	0	2000	0	0	0	1	0	2	0	0	0	20	3.5	0	0	0
BOSS-刺手副首领	2023010	1	10	20	0	14	38	2	20001	10000	0	0	0	0	2000	0	0	0	1	0	2	0	0	0	20	3	0	0	0
BOSS-封印魔灵	2032010	1	10	20	0	14	38	2	20001	10000	0	0	0	0	2000	0	0	0	1	0	2	0	0	0	20	3.5	0	0	0
BOSS-巫马锦川	2033010	1	10	20	0	14	38	2	20001	10000	0	0	0	0	2000	0	0	0	1	0	2	0	0	0	20	3.5	0	0	0
BOSS-灵教训导	2034010	1	10	20	0	14	38	2	20001	10000	0	0	0	0	2000	0	0	0	1	0	2	0	0	0	20	3.5	0	0	0
测试	2999001	1	0	0	0	14	38	2	10001	3333	10002	3333	10003	3334	2000	0	0	0	1	0	0	0	0	0	0	0	0	0	0
测试	2999002	1	0	0	0	14	38	2	10001	3333	10002	3333	10003	3334	2000	0	0	0	1	0	0	0	0	0	0	0	0	0	0
测试	2999003	1	0	0	0	14	38	2	10001	3333	10002	3333	10003	3334	2000	0	0	0	1	0	0	0	0	0	0	0	0	0	0
虚空之界-吱吱	3011010	1	6	20	0	14	38	2	20005	10000	0	0	0	0	2000	0	0	0	1	0	2	0	0	0	100	7	0	0	0
虚空之界-阵眼	3011013	1	2	8	0	0	0	2	0	0	0	0	0	0	2000	0	0	0	0	0	2	0	0	0	0	0	0	0	0
虚空之界-下一关	3011014	1	2	8	0	0	0	2	0	0	0	0	0	0	2000	0	0	0	0	0	2	0	0	0	0	0	0	0	0
虚空之界近战精英-慢速-低攻速	3011015	1	10	100	0	14	20	2	10001	3334	10001	3333	10001	3333	3000	0	0	0	1	0	1	0	0	0	20	2.5	0	0	0
虚空之界近战精英-中速-中攻速	3011016	1	10	100	0	14	35	2	10001	3334	10001	3333	10001	3333	2000	0	0	0	1	0	1	0	0	0	20	2.5	0	0	0
虚空之界近战精英-快速-高攻速	3011017	1	10	100	0	14	50	2	10001	3334	10001	3333	10001	3333	1000	0	0	0	1	0	1	0	0	0	20	2.5	0	0	0
虚空之界法系精英-小黑球	3011018	1	10	100	0	14	35	2	20005	10000	0	0	0	0	2000	0	0	0	1	0	1	0	0	0	20	7	0	0	0
虚空之界-剑客	3011019	1	50	100	0	14	38	2	41001	3333	41002	3333	41004	3334	1000	0	0	0	1	0	1	0	0	0	20	2.5	0	0	0
虚空之界-御灵	3011020	1	50	100	0	14	38	2	42001	3333	42002	3333	42004	3334	1000	0	0	0	1	0	1	0	0	0	20	5	0	0	0
虚空之界-刀客	3011021	1	50	100	0	14	38	2	43001	3333	43002	3333	43004	3334	1000	0	0	0	1	0	1	0	0	0	20	2.5	0	0	0
虚空之界-弓手	3011022	1	50	100	0	14	38	2	44001	3333	44002	3333	44004	3334	1000	0	0	0	1	0	1	0	0	0	20	7	0	0	0
虚空之界近战精英-快速-血族暗刺	3011023	1	10	100	0	14	50	2	10012	3334	10012	3333	10012	3333	1000	0	0	0	1	0	1	0	0	0	20	4.5	0	0	0
虚空之界近战精英-慢速-低攻速	3011024	1	10	100	0	14	20	2	10001	3334	10001	3333	10001	3333	3000	0	0	0	1	0	1	0	0	0	20	2.5	0	0	0
虚空之界4-魔将・斩月	3014001	1	50	100	0	18	65	2	22005	10000	0	0	0	0	2000	0	0	0	1	0	3	0	0	0	100	4	0	0	0
虚空之界4-魔将・魔童	3014002	1	50	100	0	18	57	2	22013	5000	220131	5000	0	0	1000	0	0	0	1	0	3	0	0	0	100	9	0	0	0
战役-骷髅守卫	3101001	1	10	100	0	14	35	2	10001	5000	10002	5000	0	0	2000	0	0	0	1	0	1	0	0	0	20	2.5	0	0	0
战役-骷髅射手	3101002	1	10	100	0	14	35	2	10005	10000	0	0	0	0	2000	0	0	0	1	0	1	0	0	0	20	7	0	0	0
战役-地宫守卫	3101011	1	10	100	0	14	40	2	10001	5000	10003	5000	0	0	2000	0	0	0	1	0	1	0	0	0	20	2.5	0	0	0
战役-豺狼射手	3101012	1	10	100	0	14	40	2	10005	10000	0	0	0	0	2000	0	0	0	1	0	1	0	0	0	20	7	0	0	0
战役-嗜血宝珠	3101020	1	0	100	0	0	0	2	0	0	0	0	0	0	2000	0	0	0	1	0	3	0	0	0	20	0	0	0	0
战役-静心宝珠	3101021	1	0	100	0	0	0	21	0	0	0	0	0	0	2000	0	0	0	1	0	3	0	0	0	20	0	0	0	0
战役-凝翠	3101030	1	10	100	0	14	40	2	20009	10000	0	0	0	0	2000	0	0	0	1	0	3	0	0	0	20	2.5	0	0	0
战役-冰护法	3102001	1	10	100	0	14	35	2	21229	5000	21230	5000	0	0	2000	0	0	0	1	0	3	0	0	0	20	6	0	0	0
战役法系BOSS-寒冰女王	3102002	1	10	100	0	14	35	2	22052	10000	0	0	0	0	2000	0	0	0	1	0	3	0	0	0	20	7	0	0	0
战役近战小怪-中速-中攻速-蝙蝠	3103001	1	10	100	0	14	35	2	10004	10000	0	0	0	0	2000	0	0	0	1	0	0	0	0	0	20	7	0	0	0
战役近战小怪-中速-中攻速-蝙蝠	3103002	1	10	100	0	14	35	2	10004	10000	0	0	0	0	2000	0	0	0	1	0	0	0	0	0	20	7	0	0	0
战役-小怪近战专用	3104001	1	10	100	0	14	35	2	10001	5000	10002	5000	0	0	2000	0	0	0	1	0	1	0	0	0	20	2.5	0	0	0
战役-风神师	3104002	1	10	100	0	14	35	2	20005	10000	0	0	0	0	2000	0	0	0	1	0	3	0	0	0	20	7	0	0	0
九层妖塔定点机关	3401010	1	100	100	0	0	0	2	0	0	0	0	0	0	2000	0	0	0	1	0	3	0	0	0	20	20	0	0	0
九层妖塔妖族神珠	3401011	1	0	0	0	0	0	2	0	0	0	0	0	0	2000	0	0	0	1	0	2	0	0	0	0	0	0	0	0
九层妖塔野狼	3401012	1	10	100	0	14	38	2	10001	10000	0	0	0	0	1000	0	0	0	1	0	0	0	0	0	20	2.5	0	0	0
九层妖塔野狼王	3401013	1	10	100	0	14	38	2	10001	10000	0	0	0	0	1000	0	0	0	1	0	2	0	0	0	20	3	0	0	0
九层妖塔刀锋魔妖	3401014	1	10	100	0	18	40	2	22013	5000	220131	5000	0	0	1000	0	0	0	1	0	3	0	0	0	20	9	0	0	0
九层妖塔自爆小妖	3401015	1	50	10	0	18	50	2	21253	10000	0	0	0	0	2000	0	0	0	1	0	0	0	0	0	20	3	0	0	0
九层妖塔-剑主傀儡	3401016	1	30	100	0	12	30	2	10001	10000	0	0	0	0	3000	0	0	0	1	0	2	0	0	0	20	3	0	0	0
九层妖塔-治疗师	3401017	1	30	100	0	14	35	2	20005	10000	0	0	0	0	2000	0	0	0	1	0	1	0	0	0	20	7	0	0	0
九层妖塔神将模型	3401018	1	10	100	0	14	35	2	10001	3334	10001	3333	10001	3333	2000	0	0	0	1	0	2	0	0	0	20	2.5	0	0	0
九层妖塔-火灵	3401019	1	10	1000	0	14	35	2	20013	10000	0	0	0	0	4000	0	0	0	1	0	3	0	0	0	20	6	0	0	0
九层妖塔-红夜叉	3401020	1	10	100	0	14	38	2	10001	10000	0	0	0	0	2000	0	0	0	1	0	3	0	0	0	20	2.5	0	0	0
世界材料天地守护者	3501201	1	10	10	0	14	38	1	21266	10000	0	0	0	0	2000	0	0	0	1	0	0	0	0	0	20	3	0	0	0
污秽之物传送门	3501101	1	100	100	0	0	0	2	0	0	0	0	0	0	0	0	0	0	0	0	3	0	0	0	0	0	0	0	0
渡劫计时器	3601001	1	100	100	0	0	0	21	0	0	0	0	0	0	2000	0	0	0	0	0	0	0	0	0	0	0	0	0	0
游泳仙果儿	3911001	1	50	100	0	7	14	2	21350	10000	0	0	0	0	2000	0	0	0	1	0	3	0	0	0	50	8	0	0	0
观灵阁-刀客	3930102	1	10	100	0	14	40	2	43001	3333	43002	3333	43004	3334	1000	0	0	0	1	0	1	0	0	0	20	2.5	0	0	0
观灵阁-弓手	3930103	1	10	100	0	14	40	2	44001	3333	44002	3333	44004	3334	1000	0	0	0	1	0	1	0	0	0	20	7	0	0	0
观灵阁-剑客	3930104	1	10	100	0	14	40	2	41001	3333	41002	3333	41004	3334	1000	0	0	0	1	0	1	0	0	0	20	2.5	0	0	0
观灵阁-御灵	3930105	1	10	100	0	14	40	2	42001	3333	42002	3333	42004	3334	1000	0	0	0	1	0	1	0	0	0	20	5	0	0	0
MOBA-小兵	4101001	1	6	7	0	25	27	1	10101	10000	0	0	0	0	2000	0	0	0	1	0	1	0	0	0	0	2	0	0	0
MOBA-小兵	4101009	1	6	7	0	25	27	1	10101	10000	0	0	0	0	2000	0	0	0	1	0	1	0	0	0	0	2	0	0	0
MOBA-小兵	4101010	1	6	7	0	25	27	1	10203	10000	0	0	0	0	2000	0	0	0	1	0	1	0	0	0	0	6	0	0	0
MOBA-塔	4101002	1	7.5	7.5	0	0	0	1	10202	10000	0	0	0	0	1000	8	0	0	1	0	3	0	0	1	0	7	0	0	0
MOBA-基地	4101003	1	10	10	0	0	0	1	0	10000	0	0	0	0	2000	8	0	0	1	0	3	0	0	1	0	0	0	0	0
MOBA-小兵	4101004	1	6	7	0	25	27	2	10101	10000	0	0	0	0	2000	0	0	0	1	0	1	0	0	0	0	2	0	0	0
MOBA-小兵	4101011	1	6	7	0	25	27	2	10101	10000	0	0	0	0	2000	0	0	0	1	0	1	0	0	0	0	2	0	0	0
MOBA-小兵	4101012	1	6	7	0	25	27	2	10203	10000	0	0	0	0	2000	0	0	0	1	0	1	0	0	0	0	6	0	0	0
MOBA-塔	4101005	1	7.5	7.5	0	0	0	2	10201	10000	0	0	0	0	1000	8	0	0	1	0	3	0	0	1	0	7	0	0	0
MOBA-基地	4101006	1	10	10	0	0	0	2	0	10000	0	0	0	0	2000	8	0	0	1	0	3	0	0	1	0	0	0	0	0
MOBA-百里虚	4101021	1	5	5	0	30	32	3	10101	10000	0	0	0	0	2000	0	0	0	1	0	3	0	0	0	0	2	0	0	0
MOBA-神国七律	4101031	1	8	9	0	30	32	1	10204	10000	0	0	0	0	2000	0	0	0	1	0	3	0	0	0	0	8	0	0	0
MOBA-尊灵宫四人组	4101041	1	8	9	0	30	32	2	10204	10000	0	0	0	0	2000	0	0	0	1	0	3	0	0	0	0	8	0	0	0
争灵会占领点	4102001	1	0	0	0	0	0	3	0	0	0	0	0	0	0	0	0	0	0	0	3	0	0	0	0	0	0	0	0
兽灵大典-野狼	4103031	1	4	8	0	14	38	3	10101	6667	22038	3333	0	0	2500	0	1	0	2	0	1	0	0	0	0	2.5	0	0	0
兽灵大典-野鱼人	4103041	1	4	8	0	14	38	3	10101	6667	22052	3333	0	0	2500	0	1	0	2	0	1	0	0	0	0	2	0	0	0
兽灵大典剑意采集	4103021	1	0	0	0	0	0	21	0	0	0	0	0	0	0	0	0	0	0	0	3	101	10000	0	0	0	0	0	0
兽灵大典-蓝塔	4103002	1	8	8	0	0	0	1	10205	10000	0	0	0	0	2000	8	0	0	2	0	3	0	0	1	0	8	0	0	0
兽灵大典-红塔	4103005	1	8	8	0	0	0	2	10206	10000	0	0	0	0	2000	8	0	0	2	0	3	0	0	1	0	8	0	0	0
血凝城-门口小怪-近战	4201017	1	8	100	0	20	22	2	10001	3333	10002	3333	10003	3334	2000	0	0	0	3	0	2	0	0	0	10	2	0	0	0
血凝城-门口小怪-近战(快速移动）	4201018	1	30	100	0	20	22	2	10001	3333	10002	3333	10003	3334	2000	0	0	0	3	0	2	0	0	0	10	2	0	0	0
血凝城-门口小怪-雪灵	4201013	1	95	95	0	14	22	2	20002	10000	0	0	0	0	4000	0	0	0	3	0	2	0	0	0	10	100	0	0	0
血凝城-大BOSS	4201003	1	15	30	0	14	22	2	10001	3333	10002	3333	10003	3334	2000	0	0	0	1	0	2	0	0	0	20	3.5	0	0	0
血凝城-大BOSS幻象	4201026	1	95	95	0	0	0	2	21047	10000	0	0	0	0	6000	0	0	0	3	0	2	0	0	0	10	100	0	0	0
血凝城-小宝箱采集	4201006	1	0	0	0	0	0	21	0	0	0	0	0	0	2000	0	0	0	0	0	2	4201006	1000	0	0	0	0	30401	1
血凝城-大宝箱采集	4201008	1	0	0	0	0	0	21	0	0	0	0	0	0	2000	0	0	0	0	0	2	4201008	10000	0	0	0	0	0	0
血凝城-小BOSS	4201016	1	7	30	0	14	22	2	10001	3333	10002	3333	10003	3334	2000	0	0	0	1	0	2	0	0	0	20	3.5	0	0	0
血凝城-铁门	4201025	1	0	0	0	0	0	21	0	0	0	0	0	0	0	0	0	0	600	0	0	0	0	0	0	0	0	0	0
血凝城-镖车	4203001	1	0	1000	0	0	0	21	0	0	0	0	0	0	0	0	0	0	0	0	3	0	0	0	0	0	0	0	0
血凝城-魔将・火骨	4203002	1	20	50	0	14	40	2	22009	10000	0	0	0	0	2000	0	0	0	1	0	3	0	0	0	100	9	0	0	0
广成子	4302001	1	50	100	0	14	38	2	20005	3333	20005	3333	20005	3334	2000	0	0	0	1	0	3	0	0	0	50	7	0	0	0
鬼王	4302002	1	50	100	0	14	38	2	20005	3333	20005	3333	20005	3334	2000	0	0	0	1	0	3	0	0	0	50	7	0	0	0
帝江	4302003	1	50	100	0	14	38	2	10001	3333	10001	3333	10001	3334	2000	0	0	0	1	0	3	0	0	0	50	2.5	0	0	0
烛九阴	4302004	1	50	100	0	14	38	2	22048	10000	0	0	0	0	3000	0	0	0	1	0	3	0	0	0	50	4	0	0	0
祝融	4302005	1	50	100	0	14	38	2	22009	10000	0	0	0	0	2000	0	0	0	1	0	3	0	0	0	50	8	0	0	0
共工	4302006	1	50	100	0	14	38	2	22052	10000	0	0	0	0	2000	0	0	0	1	0	3	0	0	0	50	7	0	0	0
强良	4302007	1	50	100	0	14	38	2	22044	10000	0	0	0	0	2000	0	0	0	1	0	3	0	0	0	50	5	0	0	0
奢比尸	4302008	1	10	100	0	14	38	2	22038	10000	0	0	0	0	2000	0	0	0	1	0	3	0	0	0	20	7	0	0	0
玄冥	4302009	1	10	100	0	14	38	2	22041	10000	0	0	0	0	2000	0	0	0	1	0	3	0	0	0	20	7	0	0	0
后土	4302010	1	50	100	0	14	38	2	22056	3334	22056	3333	22056	3333	3000	0	0	0	1	0	3	0	0	0	50	2.5	0	0	0
竞技场守护者	4302011	1	50	100	0	14	38	2	10001	3334	10001	3333	10001	3333	2000	0	0	0	1	0	3	0	0	0	50	2.5	0	0	0
离线竞技场-剑客型	4302012	1	50	100	0	14	38	2	1001	3333	1002	3333	1003	3334	1000	0	0	0	1	0	1	0	0	0	50	2.5	0	0	0
离线竞技场-御灵型	4302013	1	50	100	0	14	38	2	2001	3333	2002	3333	2003	3334	1000	0	0	0	1	0	1	0	0	0	50	8	0	0	0
离线竞技场-刀客型	4302014	1	50	100	0	14	38	2	3001	3333	3002	3333	3003	3334	1000	0	0	0	1	0	1	0	0	0	50	2.5	0	0	0
离线竞技场-弓手型	4302015	1	50	100	0	14	38	2	4001	3333	4002	3333	4003	3334	1000	0	0	0	1	0	1	0	0	0	50	12	0	0	0
盟主争夺（旧）-龙柱	4401001	1	0	0	0	0	0	3	0	0	0	0	0	0	2000	0	0	0	1	0	3	0	0	1	0	7	0	0	0
盟主争夺（旧）-攻方神兽	4401011	1	8	9	0	30	32	2	10001	10000	0	0	0	0	2000	0	0	0	1	0	3	0	0	0	0	8	0	0	0
盟主争夺（旧）-守方神兽	4401012	1	8	9	0	30	32	1	10001	10000	0	0	0	0	2000	0	0	0	1	0	3	0	0	0	0	8	0	0	0
攻城战-中立龙柱	4402001	1	0	0	0	0	0	5	0	0	0	0	0	0	2000	0	0	0	1	0	3	0	0	1	0	7	0	0	0
攻城战-阵营1龙柱	4402002	1	0	0	0	0	0	1	0	0	0	0	0	0	2000	0	0	0	1	0	3	0	0	1	0	7	0	0	0
攻城战-阵营2龙柱	4402003	1	0	0	0	0	0	2	0	0	0	0	0	0	2000	0	0	0	1	0	3	0	0	1	0	7	0	0	0
攻城战-阵营3龙柱	4402004	1	0	0	0	0	0	3	0	0	0	0	0	0	2000	0	0	0	1	0	3	0	0	1	0	7	0	0	0
攻城战-阵营4龙柱	4402005	1	0	0	0	0	0	4	0	0	0	0	0	0	2000	0	0	0	1	0	3	0	0	1	0	7	0	0	0
攻城战-城池神兽	4402006	1	10	50	0	0	0	5	10001	10000	0	0	0	0	2000	0	0	0	1	0	3	0	0	0	0	7	0	0	0
攻城战-阵营1复活点守卫	4402012	1	20	30	0	0	0	1	21353	10000	0	0	0	0	5000	0	0	0	1	0	3	0	0	1	0	7	0	0	0
攻城战-阵营2复活点守卫	4402013	1	20	30	0	0	0	2	21353	10000	0	0	0	0	5000	0	0	0	1	0	3	0	0	1	0	7	0	0	0
攻城战-阵营3复活点守卫	4402014	1	20	30	0	0	0	3	21353	10000	0	0	0	0	5000	0	0	0	1	0	3	0	0	1	0	7	0	0	0
攻城战-阵营4复活点守卫	4402015	1	20	30	0	0	0	4	21353	10000	0	0	0	0	5000	0	0	0	1	0	3	0	0	1	0	7	0	0	0
骷髅守卫	2035001	1	100	20	0	14	38	2	10001	10000	0	0	0	0	2000	0	0	0	1	0	1	0	0	0	8	2	0	0	0
骷髅射手	2035002	1	100	20	0	14	38	2	10001	10000	0	0	0	0	2000	0	0	0	1	0	1	0	0	0	8	2	0	0	0
嗜血狼妖	2035003	1	100	20	0	14	23	2	10001	5000	21003	5000	0	0	2000	0	0	0	1	0	1	0	0	0	8	2.5	0	0	0
食尸鬼	2035004	1	10	20	0	14	73	2	10001	10000	0	0	0	0	2000	0	0	0	1	0	1	0	0	0	10	2	0	0	0
刺牙	2035005	1	10	20	0	14	73	2	10001	10000	0	0	0	0	2000	0	0	0	1	0	1	0	0	0	10	2	0	0	0
BOSS-蓝精灵	2035010	1	8	20	0	14	38	2	10001	10000	0	0	0	0	2000	0	0	0	1	0	2	0	0	0	20	3	0	0	0
教院男学生	7001204	1	10	20	0	14	38	1	10001	10000	0	0	0	0	2000	0	0	0	1	0	2	0	0	0	20	3	0	0	0
教院女学生	7001205	1	10	20	0	14	38	1	10204	10000	0	0	0	0	2000	0	0	0	1	0	2	0	0	0	20	3	0	0	0
灵宠大暴走-喵喵普攻	7001210	1	100	100	0	10	10	2	21279	10000	0	0	0	0	7000	0	0	0	2	0	3	0	0	0	100	10	0	0	0
灵宠大暴走-菇菇普攻	7001212	1	100	100	0	10	10	2	21285	10000	0	0	0	0	7000	0	0	0	2	0	3	0	0	0	100	10	0	0	0
灵宠大暴走-树人普攻	7001213	1	100	100	0	10	10	2	21286	10000	0	0	0	0	7000	0	0	0	2	0	3	0	0	0	100	10	0	0	0
教院守卫	7001211	1	4	20	0	14	38	1	10001	10000	0	0	0	0	2000	0	0	0	1	0	2	0	0	0	20	3	0	0	0
学院攻防攻方据点大将	7001220	1	3	20	0	14	38	2	10207	5000	10208	5000	0	0	2000	0	0	0	1	0	3	0	0	0	100	2.5	0	0	0
金钱宝库（紫）	7001301	1	0	0	0	0	0	21	0	0	0	0	0	0	2000	0	0	0	0	0	3	101	10000	0	0	0	0	0	0
金钱宝库（蓝）	7001302	1	0	0	0	0	0	21	0	0	0	0	0	0	2000	0	0	0	0	0	3	101	5000	0	0	0	0	0	0
学院宝库小怪	7010001	1	10	100	0	14	38	2	10001	10000	0	0	0	0	2000	0	0	0	3	0	1	0	0	0	20	2.5	0	0	0
学院宝库-宝箱采集	7010256	1	0	0	0	0	0	21	0	0	0	0	0	0	2000	0	0	0	0	0	2	4201006	1000	0	0	0	0	30206	1
玄奘之界剑池	7101101	1	0	0	0	0	0	21	0	0	0	0	0	0	2000	0	0	0	1	0	3	7101101	5000	0	0	0	0	0	0
玄奘之界名剑	7101105	1	0	0	0	0	0	21	0	0	0	0	0	0	2000	0	0	0	1	0	3	7101105	7000	0	0	0	0	0	0
玄奘之界剑谱	7101109	1	0	0	0	0	0	21	0	0	0	0	0	0	2000	0	0	0	1	0	3	7101109	3000	0	0	0	0	0	0
玄奘之界小怪近战	7101201	1	5	12	0	14	38	2	10001	10000	0	0	0	0	2000	0	0	0	0	0	0	0	0	0	20	2.5	4	0	0
玄奘之界小怪远程	7101203	1	5	12	0	14	38	2	10004	10000	0	0	0	0	2000	0	0	0	0	0	0	0	0	0	20	7	4	0	0
玄奘之界BOSS	7101204	1	5	12	0	14	38	2	10001	3333	10002	3333	10003	3334	2000	0	0	0	15	0	3	0	0	0	20	6.5	4	0	0
玄奘之界任务BOSS	7101205	1	5	12	0	14	38	2	10013	10000	0	0	0	0	2000	0	0	0	1	0	2	0	0	0	20	8	2	0	0
玄奘之界BOSS-雷系魔将	7101206	1	5	12	0	14	38	2	21151	10000	0	0	0	0	2000	0	0	0	15	0	3	0	0	0	20	7	0	0	0
玄奘之界BOSS-铜魔将	7101207	1	5	12	0	14	38	2	22056	10000	0	0	0	0	2000	0	0	0	15	0	3	0	0	0	20	6	0	0	0
玄奘之界BOSS-腾小明	7101208	1	5	12	0	14	38	2	22030	10000	0	0	0	0	2000	0	0	0	15	0	3	0	0	0	20	6	0	0	0
玄奘之界皇族禁军	7101231	1	10	10	0	0	0	3	21214	10000	0	0	0	0	2000	0	0	0	0	0	3	0	0	0	20	10	0	0	0
玄奘之界灵宫阵灵	7101232	1	10	10	0	0	0	4	21214	10000	0	0	0	0	2000	0	0	0	0	0	3	0	0	0	20	10	0	0	0
玄奘之界南岭高手	7101233	1	10	10	0	0	0	5	21214	10000	0	0	0	0	2000	0	0	0	0	0	3	0	0	0	20	10	0	0	0
超大树	7101254	1	100	100	0	10	10	2	21307	10000	0	0	0	0	7000	0	0	0	2	0	3	0	0	0	100	10	0	0	0
大鱼干	7101255	1	100	100	0	10	10	2	21309	10000	0	0	0	0	7000	0	0	0	2	0	3	0	0	0	100	10	0	0	0
八嘎僵尸	7101256	1	100	100	0	10	10	2	21311	10000	0	0	0	0	7000	0	0	0	2	0	3	0	0	0	100	10	0	0	0
啊吼息	7101257	1	100	100	0	10	10	2	21313	10000	0	0	0	0	7000	0	0	0	2	0	3	0	0	0	100	10	0	0	0
野外BOSS-余嬷嬷	1036100	1	0	10	0	14	38	2	10001	3333	10002	3333	10003	3334	2000	0	0	0	4	0	3	0	0	0	20	3.5	3	0	0
野外BOSS-血族副将	1036101	1	0	10	0	14	38	2	10024	3333	10025	3333	10026	3334	2000	0	0	0	4	0	3	0	0	0	20	3.5	0	0	0
偷BUFF	3201001	1	8	1000	0	20	38	2	10001	10000	0	0	0	0	2000	0	0	0	0	0	0	0	0	0	10	2.5	0	0	0
经验宝宝	3201002	1	8	1000	0	20	60	2	0	0	0	0	0	0	2000	0	0	0	0	0	0	0	0	0	10	2.5	0	0	0
敌方魂木	3201003	1	0	0	0	0	0	2	0	0	0	0	0	0	2000	8	0	0	1	0	3	0	0	1	0	7	0	0	0
打魂木	3201004	1	10	1000	0	14	38	2	22056	10000	0	0	0	0	2000	0	0	0	0	0	0	0	0	0	10	2.5	0	0	0
本方魂木	3201005	1	0	0	0	0	0	1	0	0	0	0	0	0	2000	8	0	0	1	0	3	0	0	1	0	7	0	0	0
驭灵墓北君	3201006	1	30	1000	0	20	50	2	10001	10000	0	0	0	0	2000	0	0	0	0	0	2	0	0	0	50	3.5	0	0	0
上古遗迹-暗金宝箱	3202001	1	20	100	0	0	0	2	0	0	0	0	0	0	2000	0	0	0	0	0	3	0	0	0	50	0	0	0	0
上古遗迹-黄金宝箱	3202002	1	20	100	0	0	0	2	0	0	0	0	0	0	2000	0	0	0	0	0	3	0	0	0	50	0	0	0	0
上古遗迹-移动宝箱	3202003	1	20	100	0	30	50	2	0	0	0	0	0	0	2000	0	0	0	0	0	3	0	0	0	50	0	0	0	0
魔将・冰魔将	3202095	1	90	100	0	50	50	21	22052	10000	0	0	0	0	2000	0	0	0	1	0	3	0	0	0	100	9	0	0	0
魔将・魔童	3202100	1	90	100	0	50	57	21	22013	5000	220131	5000	0	0	1000	0	0	0	1	0	3	0	0	0	100	12	0	0	0
魔将・斩月	3202018	1	90	100	0	50	65	21	22005	10000	0	0	0	0	2000	0	0	0	1	0	3	0	0	0	100	4	0	0	0
魔将・雷魔神	3202019	1	90	100	0	40	50	21	22063	10000	0	0	0	0	2000	0	0	0	1	0	3	0	0	0	100	6	0	0	0
魔将・磐钢	3202017	1	90	100	0	30	50	21	22001	10000	0	0	0	0	2000	0	0	0	1	0	3	0	0	0	100	6	0	0	0
驭灵墓2--光圈	3202140	1	1	1	0	0	0	2	0	0	0	0	0	0	0	0	0	0	0	0	0	0	0	0	0	0	0	0	0
驭灵墓-小怪1	3202106	1	50	100	0	14	28	2	10001	3334	10002	3333	10003	3333	2000	0	0	0	3	0	0	0	0	0	50	3	0	0	0
驭灵墓-小怪2	3202108	1	50	100	0	14	28	2	10001	10000	0	0	0	0	2000	0	0	0	3	0	0	0	0	0	50	3	0	0	0
驭灵墓-小怪3	3202113	1	50	100	0	14	28	2	10001	10000	0	0	0	0	2000	0	0	0	3	0	0	0	0	0	50	2.5	0	0	0
驭灵墓-精英怪1	3202127	1	50	100	0	14	28	2	41001	3333	41002	3333	41004	3334	1000	0	0	0	1	0	2	0	0	0	50	2.5	0	0	0
驭灵墓-精英怪2	3202128	1	50	100	0	14	28	2	43001	3333	43003	3333	43004	3334	1000	0	0	0	1	0	2	0	0	0	50	2.5	0	0	0
驭灵墓-精英怪3	3202129	1	50	100	0	14	28	2	43001	3333	43003	3333	43004	3334	1000	0	0	0	1	0	2	0	0	0	50	2.5	0	0	0
驭灵墓-精英怪4	3202130	1	50	100	0	14	28	2	42001	3333	42002	3333	42004	3334	1000	0	0	0	1	0	2	0	0	0	50	5	0	0	0
驭灵墓-BOSS1	3202131	1	50	100	0	14	28	2	44001	3333	44003	3333	44004	3334	1000	0	0	0	1	0	2	0	0	0	50	7	0	0	0
驭灵墓-BOSS2	3202132	1	50	100	0	14	28	2	10001	3334	10001	3333	10001	3333	1000	0	0	0	1	0	2	0	0	0	50	2.5	0	0	0
驭灵墓-BOSS3	3202133	1	50	100	0	14	28	2	10001	3334	10001	3333	10001	3333	1000	0	0	0	1	0	2	0	0	0	50	2.5	0	0	0
驭灵墓-BOSS4	3202134	1	50	100	0	14	28	2	10001	3334	10001	3333	10001	3333	2000	0	0	0	1	0	2	0	0	0	50	2.5	0	0	0
驭灵墓-BOSS5	3202135	1	50	100	0	14	28	2	10001	3334	10001	3333	10001	3333	2000	0	0	0	1	0	2	0	0	0	50	2.5	0	0	0
驭灵墓-BOSS6	3202136	1	50	100	0	14	28	2	10001	3334	10001	3333	10001	3333	1000	0	0	0	1	0	2	0	0	0	50	2.5	0	0	0
驭灵墓-黑金棍	3202145	1	90	100	0	20	28	2	22033	10000	0	0	0	0	2000	0	0	0	0	0	3	0	0	0	0	6	0	0	0
驭灵墓-腾小明	3202146	1	90	100	0	20	28	2	22030	10000	0	0	0	0	2000	0	0	0	0	0	3	0	0	0	50	6	0	0	0
驭灵墓-混魔将	3202147	1	90	100	0	20	28	2	22064	10000	0	0	0	0	2000	0	0	0	1	0	3	0	0	0	50	6	0	0	0
驭灵墓-巫师	3202148	1	100	100	0	20	28	2	20005	10000	0	0	0	0	1000	0	0	0	3	0	2	0	0	0	50	6	0	0	0
驭灵墓-魔将・圣魔	3202149	1	90	100	0	0	0	2	22017	10000	0	0	0	0	5000	0	0	0	1	0	3	0	0	0	50	18	0	0	0
驭灵墓2-本方魂木	3202150	1	0	0	0	0	0	1	0	0	0	0	0	0	2000	8	0	0	1	0	3	0	0	1	0	7	0	0	0
驭灵墓3-光球	3203001	1	50	100	0	14	20	2	0	0	0	0	0	0	0	0	0	0	0	0	0	0	0	0	100	0	0	0	0
驭灵墓3-光柱	3203004	1	50	100	0	0	0	1	21205	10000	0	0	0	0	1000	0	0	0	0	0	0	0	0	0	100	4	0	0	0
驭灵墓3-定身怪	3203007	1	50	100	0	14	38	2	21201	10000	0	0	0	0	8000	0	0	0	0	0	0	0	0	0	100	2.5	0	0	0
驭灵墓3-减速怪	3203008	1	50	100	0	14	38	2	21199	10000	0	0	0	0	8000	0	0	0	0	0	0	0	0	0	100	2.5	0	0	0
驭灵墓3-旋风怪	3203009	1	50	100	0	14	38	2	21200	10000	0	0	0	0	8000	0	0	0	0	0	0	0	0	0	100	2.5	0	0	0
驭灵墓3-踢球员	3203010	1	90	100	0	20	50	1	0	0	0	0	0	0	0	0	0	0	0	0	0	0	0	0	100	6	0	0	0
驭灵墓4-光球	3203011	1	50	100	0	14	20	2	0	0	0	0	0	0	0	0	0	0	0	0	0	0	0	0	0	0	2	0	0
封魔塔-魔将・磐钢	9001101	1	90	100	0	14	70	2	22001	10000	0	0	0	0	2000	0	0	0	1	0	3	0	0	0	100	6	0	0	0
封魔塔-魔将・斩月	9001201	1	90	100	0	18	70	2	22005	10000	0	0	0	0	2000	0	0	0	1	0	3	0	0	0	100	4	0	0	0
封魔塔-魔将・火骨	9001301	1	90	100	0	14	60	2	22009	10000	0	0	0	0	2000	0	0	0	1	0	3	0	0	0	100	9	0	0	0
封魔塔-魔将・魔童	9001401	1	90	100	0	18	60	2	22013	5000	220131	5000	0	0	1000	0	0	0	1	0	3	0	0	0	100	9	0	0	0
封魔塔-魔将・圣魔	9001501	1	90	100	0	0	0	2	22017	10000	0	0	0	0	5000	0	0	0	1	0	3	0	0	0	100	18	0	0	0
封魔塔-魔将・冰魔将	9001111	1	90	100	0	14	60	2	22052	10000	0	0	0	0	2000	0	0	0	1	0	3	0	0	0	100	9	0	0	0
封魔塔-魔将・铜魔将	9001121	1	90	100	0	14	70	2	22056	10000	0	0	0	0	2000	0	0	0	1	0	3	0	0	0	100	6	0	0	0
封魔塔-魔将・雷魔神	9001131	1	90	100	0	14	60	2	22063	10000	0	0	0	0	2000	0	0	0	1	0	3	0	0	0	100	6	0	0	0
封魔塔-魔将・混魔将	9001141	1	90	100	0	14	70	2	22064	10000	0	0	0	0	2000	0	0	0	1	0	3	0	0	0	100	6	0	0	0
封魔塔-魔将・腾小明	9001151	1	90	100	0	14	60	2	22030	10000	0	0	0	0	2000	0	0	0	1	0	3	0	0	0	100	6	0	0	0
封魔塔-魔将・黑金棍	9001152	1	90	100	0	14	60	2	22033	10000	0	0	0	0	2000	0	0	0	1	0	3	0	0	0	0	6	0	0	0
封魔塔-透明人	9001153	1	90	100	0	0	0	2	0	0	0	0	0	0	0	0	0	0	0	0	0	0	0	0	0	0	0	0	0
封魔塔-魔将・画翠	9001161	1	90	100	0	14	70	2	22038	10000	0	0	0	0	2000	0	0	0	1	0	3	0	0	0	100	9	0	0	0
封魔塔-魔将・凝秋	9001162	1	90	100	0	14	70	2	22041	10000	0	0	0	0	2000	0	0	0	1	0	3	0	0	0	100	9	0	0	0
封魔塔-魔将・魔帅	9001171	1	90	100	0	14	70	2	22048	10000	0	0	0	0	2000	0	0	0	1	0	3	0	0	0	100	6	0	0	0
封魔塔-魔将・海笛	9001181	1	90	100	0	20	70	2	22044	10000	0	0	0	0	2000	0	0	0	1	0	3	0	0	0	100	3	0	0	0
封魔塔传送NPC-1	9001601	1	2	2	0	0	0	2	0	0	0	0	0	0	0	0	0	0	0	0	0	0	0	0	0	0	0	0	0
封魔塔传送NPC-2	9001602	1	2	2	0	0	0	2	0	0	0	0	0	0	0	0	0	0	0	0	0	0	0	0	0	0	0	0	0
封魔塔传送NPC-3	9001603	1	2	2	0	0	0	2	0	0	0	0	0	0	0	0	0	0	0	0	0	0	0	0	0	0	0	0	0
封魔塔传送NPC-4	9001604	1	2	2	0	0	0	2	0	0	0	0	0	0	0	0	0	0	0	0	0	0	0	0	0	0	0	0	0
封魔塔传送NPC-5	9001605	1	2	2	0	0	0	2	0	0	0	0	0	0	0	0	0	0	0	0	0	0	0	0	0	0	0	0	0
封魔塔传送NPC-6	9001606	1	2	2	0	0	0	2	0	0	0	0	0	0	0	0	0	0	0	0	0	0	0	0	0	0	0	0	0
封魔塔传送NPC-7	9001607	1	2	2	0	0	0	2	0	0	0	0	0	0	0	0	0	0	0	0	0	0	0	0	0	0	0	0	0
封魔塔传送NPC-8	9001608	1	2	2	0	0	0	2	0	0	0	0	0	0	0	0	0	0	0	0	0	0	0	0	0	0	0	0	0
封魔塔传送NPC-9	9001609	1	2	2	0	0	0	2	0	0	0	0	0	0	0	0	0	0	0	0	0	0	0	0	0	0	0	0	0
封魔塔传送NPC-10	9001610	1	2	2	0	0	0	2	0	0	0	0	0	0	0	0	0	0	0	0	0	0	0	0	0	0	0	0	0
野狼	10109	1	6	10	0	14	38	2	10001	10000	0	0	0	0	2000	0	0	0	3	0	0	0	0	0	10	2.5	4	0	0
王城被动怪	10110	1	0	10	0	14	38	2	10001	10000	0	0	0	0	2000	0	0	0	3	0	0	0	0	0	10	2.5	4	0	0
治疗图腾	9001611	1	10	100	0	0	0	2	22025	10000	0	0	0	0	2000	0	0	0	0	0	3	0	0	0	0	20	0	0	0
减速图腾	9001612	1	10	100	0	0	0	2	22026	10000	0	0	0	0	1000	0	0	0	0	0	3	0	0	0	0	0	0	0	0
迷宫传送门	3301002	1	0	0	0	0	0	21	0	0	0	0	0	0	2000	0	0	0	0	0	3	101	1000	0	0	0	0	0	0
封魔塔-巨石	9001502	1	90	100	0	0	0	2	0	0	0	0	0	0	0	0	0	0	0	0	3	0	0	0	100	0	0	0	0
破门-士兵	6004192	1	50	100	0	14	38	2	10001	3333	10002	3333	10003	3334	2000	0	0	0	1	0	0	0	0	0	50	1.5	0	0	0
破门-士兵	6004193	1	200	100	0	14	38	2	10001	3333	10002	3333	10003	3334	2000	0	0	0	1	0	0	0	0	0	200	1.5	0	0	0
剧情-地底神猴	6004207	1	10	50	0	14	40	2	22030	10000	0	0	0	0	2000	0	0	0	1	0	3	0	0	0	20	5	0	0	0
魔族士兵	1011034	1	5	20	0	14	38	2	10001	7000	10022	1500	10023	1500	2000	0	0	0	1	0	3	0	0	0	100	2.5	0	0	0
魔族奸细	1011035	1	5	20	0	14	38	2	10024	5000	10020	2500	10021	2500	2000	0	0	0	1	0	3	0	0	0	100	2.5	0	0	0
血族刀兵	1011116	1	0	10	0	14	38	2	10001	7000	10022	1500	10023	1500	2000	0	0	0	4	0	3	0	0	0	20	3.5	0	0	0
血族刀兵-伏兵	1011117	1	100	20	0	14	38	2	10001	7000	10022	1500	10023	1500	2000	0	0	0	3	0	0	0	0	0	10	2.5	0	0	0
血族刀兵-前推类地图	1011119	1	8	20	0	14	28	2	10001	7000	10022	1500	10023	1500	2000	0	0	0	3	0	0	0	0	0	10	2.5	0	0	0
魔灵	1036102	1	0	10	0	14	38	2	10001	7000	10016	1500	10017	1500	2000	0	0	0	3	0	0	0	0	0	10	2.5	4	0	0
魔族血灵	1036082	1	5	20	0	14	38	2	10024	5000	10018	2500	10019	2500	2000	0	0	0	1	0	1	0	0	0	20	1.5	4	0	0
