AI主ID（基本就是NPCID）	AI副ID（不能超过10条）	VALID	触发次数	触发CD	条件类型（0进战第N秒，2进战后每隔N秒，6当前位置坐标，8自身HP百分比，11自身HP数值，14附近有玩家，16仇人身上有BUFF，18自己身上有BUFF，19全图玩家进入仇恨列表，20仇恨列表人数，21全图玩家进入警戒范围，22警戒范围人数）	条件参数1	条件参数2	条件参数3	条件参数4	条件参数5	初始CD(进入战斗N秒后才开始判断)	行为步骤数（不能超过5步）	步骤1延迟	步骤1ID（9位，7位AI主ID+1位AI条目+1位步骤序号）	步骤2延迟	步骤2ID	步骤3延迟	步骤3ID	步骤4延迟	步骤4ID	步骤5延迟	步骤5ID
server	server	server	server	server	server	server	server	server	server	server	server	server	server	server	server	server	server	server	server	server	server	server
1	1	1	65534	1	0	5	0	0	0	0	1	1	0	101	0	0	0	0	0	0	0	0
2	1	1	65534	1	2	3	0	0	0	0	1	1	0	101	0	0	0	0	0	0	0	0
3	1	1	65534	3	6	4283	3793	0	0	0	3	1	0	101	0	0	0	0	0	0	0	0
4	1	1	65534	3	8	40	80	0	0	0	3	1	0	101	0	0	0	0	0	0	0	0
5	1	1	65534	5	11	40	70	0	0	0	5	1	0	101	0	0	0	0	0	0	0	0
5	2	1	65534	5	11	0	40	0	0	0	5	1	0	511	0	0	0	0	0	0	0	0
6	1	1	65534	5	14	0	40	0	0	0	5	1	0	601	0	0	0	0	0	0	0	0
7	1	1	65534	5	16	2041101	0	0	0	0	5	1	0	601	0	0	0	0	0	0	0	0
8	1	1	65534	5	18	3021102	1	0	0	0	5	1	0	101	0	0	0	0	0	0	0	0
9	1	1	65534	3	19	0	0	0	0	0	3	1	0	101	0	0	0	0	0	0	0	0
10	1	1	65534	3	20	2	1	0	0	0	3	1	0	101	0	0	0	0	0	0	0	0
11	1	1	65534	3	20	2	2	0	0	0	3	1	0	101	0	0	0	0	0	0	0	0
12	1	1	65534	3	20	1	3	0	0	0	3	1	0	101	0	0	0	0	0	0	0	0
13	1	1	65534	3	21	0	0	0	0	0	3	1	0	101	0	0	0	0	0	0	0	0
14	1	1	65534	3	22	2	1	0	0	0	3	1	0	101	0	0	0	0	0	0	0	0
15	1	1	65534	3	22	2	2	0	0	0	3	1	0	101	0	0	0	0	0	0	0	0
16	1	1	65534	3	22	1	3	0	0	0	3	1	0	101	0	0	0	0	0	0	0	0
17	1	1	65534	1	2	5	0	0	0	0	1	1	0	1701	0	0	0	0	0	0	0	0
18	1	1	65534	1	2	5	0	0	0	0	1	1	0	511	0	0	0	0	0	0	0	0
19	1	1	65534	2	16	3023101	0	0	0	0	2	1	0	601	0	0	0	0	0	0	0	0
20	1	1	65534	1	2	5	0	0	0	0	1	1	0	2001	0	0	0	0	0	0	0	0
21	1	1	65534	1	0	5	0	0	0	0	1	1	0	2101	0	0	0	0	0	0	0	0
22	1	1	65534	1	0	5	0	0	0	0	1	1	0	2201	0	0	0	0	0	0	0	0
23	1	1	65534	3	8	0	60	0	0	0	3	1	0	2301	0	0	0	0	0	0	0	0
24	1	1	65534	3	8	0	60	0	0	0	3	1	0	2401	0	0	0	0	0	0	0	0
25	1	1	65534	3	8	0	60	0	0	0	3	1	0	2501	0	0	0	0	0	0	0	0
26	1	1	65534	3	8	0	60	0	0	0	3	1	0	2601	0	0	0	0	0	0	0	0
27	1	1	65534	3	8	0	60	0	0	0	3	1	0	2701	0	0	0	0	0	0	0	0
28	1	1	65534	3	8	0	60	0	0	0	3	1	0	2801	0	0	0	0	0	0	0	0
29	1	1	65534	3	8	0	60	0	0	0	3	1	0	2901	0	0	0	0	0	0	0	0
30	1	1	65534	3	8	0	60	0	0	0	3	1	0	3001	0	0	0	0	0	0	0	0
31	1	1	65534	3	8	0	60	0	0	0	3	1	0	3101	0	0	0	0	0	0	0	0
32	1	1	65534	3	8	0	60	0	0	0	3	1	0	3201	0	0	0	0	0	0	0	0
33	1	1	65534	3	8	0	60	0	0	0	3	1	0	3301	0	0	0	0	0	0	0	0
34	1	1	65534	3	8	0	60	0	0	0	3	1	0	3401	0	0	0	0	0	0	0	0
35	1	1	65534	3	8	0	60	0	0	0	3	1	0	3501	0	0	0	0	0	0	0	0
36	1	1	65534	3	8	0	60	0	0	0	3	1	0	3601	0	0	0	0	0	0	0	0
37	1	1	65534	3	8	0	60	0	0	0	3	1	0	3701	0	0	0	0	0	0	0	0
38	1	1	65534	3	8	0	60	0	0	0	3	1	0	3801	0	0	0	0	0	0	0	0
39	1	1	65534	3	8	0	60	0	0	0	3	1	0	3901	0	0	0	0	0	0	0	0
40	1	1	65534	3	16	3023101	60	0	0	0	3	1	0	4001	0	0	0	0	0	0	0	0
304301	1	1	65534	1	2	60	0	0	0	0	0	1	0	30430101	0	0	0	0	0	0	0	0
304302	1	1	65534	1	2	30	0	0	0	0	0	5	0	30430201	1	30430201	2	30430201	3	30430201	4	30430201
304303	1	1	65534	1	2	30	0	0	0	0	0	1	0	30430301	0	0	0	0	0	0	0	0
304304	1	1	65534	1	2	30	0	0	0	0	0	1	0	30430401	0	0	0	0	0	0	0	0
304305	1	1	65534	1	2	30	0	0	0	0	0	1	0	30430501	0	0	0	0	0	0	0	0
1011022	1	1	65534	5	2	12	0	0	0	0	0	1	0	900120101	0	0	0	0	0	0	0	0
3011005	1	1	65534	1	0	10	0	0	0	0	1	4	0	301100501	1	301100501	2	301100501	3	301100511	0	0
3011005	2	1	65534	15	8	0	50	0	0	0	15	1	0	301100511	0	0	0	0	0	0	0	0
3011010	1	1	65534	1	0	15	0	0	0	0	1	1	0	301101001	0	0	0	0	0	0	0	0
3011010	2	1	65534	1	2	8	0	0	0	0	1	1	3	301101011	0	0	0	0	0	0	0	0
3011010	3	1	65534	15	8	0	50	0	0	0	15	1	0	301101021	0	0	0	0	0	0	0	0
3011013	1	1	65534	10	22	1	1	0	0	0	10	2	0	301101301	1	301101302	0	0	0	0	0	0
3011013	2	1	65534	0	22	0	2	0	0	0	0	1	3	301101311	0	0	0	0	0	0	0	0
3011013	3	1	65534	15	8	0	50	0	0	0	15	1	0	301101321	0	0	0	0	0	0	0	0
3011014	1	1	65534	10	21	0	0	0	0	0	10	1	0	301101401	0	0	0	0	0	0	0	0
3011015	1	1	65534	10	21	0	0	0	0	0	10	1	0	301101501	0	0	0	0	0	0	0	0
3011050	1	1	65534	1	2	15	40	0	0	0	1	1	0	301105001	0	0	0	0	0	0	0	0
3011050	2	1	65534	1	2	12	40	0	0	0	1	1	0	301105011	0	0	0	0	0	0	0	0
3011050	3	1	65534	10	8	1	40	0	0	0	10	1	0	301105021	0	0	0	0	0	0	0	0
3011101	1	1	65534	1	2	12	50	0	0	0	1	1	0	301110101	0	0	0	0	0	0	0	0
3011101	2	1	65534	15	8	0	30	0	0	0	15	1	0	301110111	0	0	0	0	0	0	0	0
3011101	3	1	65534	10	8	1	40	0	0	0	10	1	0	301110121	0	0	0	0	0	0	0	0
3011102	1	1	65534	1	2	12	50	0	0	0	1	1	0	301110201	0	0	0	0	0	0	0	0
3011103	1	1	65534	1	2	12	50	0	0	0	1	1	0	301110301	0	0	0	0	0	0	0	0
3011105	1	1	65534	1	0	12	50	0	0	0	1	1	0	301110501	0	0	0	0	0	0	0	0
3011105	2	1	65534	15	8	0	30	0	0	0	15	4	0	301110511	1	301110511	2	301110511	3	301110511	0	0
3011106	1	1	65534	1	2	12	50	0	0	0	1	1	0	301110601	0	0	0	0	0	0	0	0
3011107	1	1	65534	1	2	12	50	0	0	0	1	1	0	301110701	0	0	0	0	0	0	0	0
3011107	2	1	65534	1	2	15	50	0	0	0	1	1	0	301110711	0	0	0	0	0	0	0	0
3011108	1	1	65534	1	2	12	50	0	0	0	1	1	0	301110801	0	0	0	0	0	0	0	0
3011108	2	1	65534	1	2	15	15	0	0	0	1	1	0	301110811	0	0	0	0	0	0	0	0
3011109	1	1	65534	1	2	22	0	0	0	0	1	1	1	301110901	0	0	0	0	0	0	0	0
3011109	2	1	65534	1	2	15	50	0	0	0	1	1	0	301110911	0	0	0	0	0	0	0	0
3011109	3	1	65534	1	2	9	0	0	0	0	1	1	0	301110921	0	0	0	0	0	0	0	0
3011110	1	1	65534	1	2	22	0	0	0	0	1	1	0	301111001	0	0	0	0	0	0	0	0
3011110	2	1	65534	1	2	9	50	0	0	0	1	1	0	301111011	0	0	0	0	0	0	0	0
3011110	3	1	65534	1	2	15	0	0	0	0	1	1	0	301111021	0	0	0	0	0	0	0	0
3011112	1	1	65534	1	2	24	0	0	0	0	1	1	0	301111201	0	0	0	0	0	0	0	0
3011112	2	1	65534	1	2	9	0	0	0	0	1	1	0	301111211	0	0	0	0	0	0	0	0
3011112	3	1	65534	1	2	15	0	0	0	0	1	1	0	301111221	0	0	0	0	0	0	0	0
3011113	1	1	65534	1	2	16	0	0	0	0	1	1	0	301111301	0	0	0	0	0	0	0	0
3011113	2	1	65534	1	2	9	0	0	0	0	1	1	0	301111311	0	0	0	0	0	0	0	0
3011113	3	1	65534	1	2	23	0	0	0	0	1	1	0	301111321	0	0	0	0	0	0	0	0
3011114	1	1	65534	1	2	12	0	0	0	0	1	1	0	301111401	0	0	0	0	0	0	0	0
3011115	1	1	65534	1	2	12	0	0	0	0	1	1	0	301111501	0	0	0	0	0	0	0	0
3011116	1	1	65534	1	2	20	0	0	0	0	1	1	0	301111601	0	0	0	0	0	0	0	0
3011116	2	1	65534	1	2	15	0	0	0	0	1	1	0	301111611	0	0	0	0	0	0	0	0
3011116	3	1	1	1	0	5	0	0	0	0	1	1	0	301111621	0	0	0	0	0	0	0	0
3011116	4	1	65534	1	2	30	0	0	0	0	1	1	0	301111621	0	0	0	0	0	0	0	0
3011117	1	1	1	1	0	5	0	0	0	0	1	1	0	301111701	0	0	0	0	0	0	0	0
3011117	2	1	65534	1	2	12	0	0	0	0	1	1	0	301111711	0	0	0	0	0	0	0	0
3011117	3	1	65534	1	2	25	0	0	0	0	1	1	0	301111721	0	0	0	0	0	0	0	0
3011118	1	1	65534	1	2	12	0	0	0	0	1	1	0	301111801	0	0	0	0	0	0	0	0
3012120	1	1	65534	1	2	12	0	0	0	0	1	1	0	301212001	0	0	0	0	0	0	0	0
3012121	1	1	65534	1	2	12	0	0	0	0	1	1	0	301212101	0	0	0	0	0	0	0	0
3012124	1	1	65534	1	2	12	0	0	0	0	1	1	0	301212401	0	0	0	0	0	0	0	0
3012127	1	1	65534	1	2	12	0	0	0	0	1	1	0	301212701	0	0	0	0	0	0	0	0
3012128	1	1	65534	1	2	10	0	0	0	0	1	1	0	301212801	0	0	0	0	0	0	0	0
3012129	1	1	65534	1	2	10	0	0	0	0	1	1	0	301212901	0	0	0	0	0	0	0	0
3012130	1	1	65534	1	2	15	0	0	0	0	1	1	0	301213001	0	0	0	0	0	0	0	0
3012134	1	1	65534	1	2	30	0	0	0	0	1	1	0	301213401	0	0	0	0	0	0	0	0
3012201	1	1	65534	1	2	20	0	0	0	0	9	1	0	900115101	0	0	0	0	0	0	0	0
3012201	2	1	65534	1	2	20	0	0	0	0	5	2	0	900115111	2	900150112	0	0	0	0	0	0
3012201	3	1	65534	1	0	1	0	0	0	0	0	1	0	900115301	0	0	0	0	0	0	0	0
3012201	4	1	65534	1	2	30	0	0	0	0	15	2	0	301230201	2	301230101	0	0	0	0	0	0
3101001	1	1	65534	1	2	8	0	0	0	0	1	1	0	310100111	0	0	0	0	0	0	0	0
3101002	1	1	65534	1	2	8	0	0	0	0	2	1	0	310100211	0	0	0	0	0	0	0	0
3101011	1	1	65534	1	2	10	0	0	0	0	6	1	0	310101111	0	0	0	0	0	0	0	0
3101012	1	1	65534	1	2	12	0	0	0	0	0	1	0	310101211	0	0	0	0	0	0	0	0
3101030	1	1	65534	1	2	20	0	0	0	0	0	1	0	310103011	0	0	0	0	0	0	0	0
3101030	2	1	65534	1	2	12	0	0	0	0	0	1	0	310103021	0	0	0	0	0	0	0	0
3101030	3	1	65534	1	2	15	0	0	0	0	0	1	0	310103031	0	0	0	0	0	0	0	0
3102004	1	1	65534	1	2	12	0	0	0	0	0	2	0	800300611	3	800300621	0	0	0	0	0	0
3102004	2	1	65534	1	2	20	0	0	0	0	0	1	0	310200411	0	0	0	0	0	0	0	0
3102004	3	1	65534	1	2	15	0	0	0	0	0	1	0	800300601	0	0	0	0	0	0	0	0
3103005	1	1	65534	1	2	8	0	0	0	0	2	1	0	310300511	0	0	0	0	0	0	0	0
3104004	1	1	65534	1	2	8	0	0	0	0	2	1	0	310400411	0	0	0	0	0	0	0	0
3104005	1	1	65534	1	2	12	0	0	0	0	2	1	0	310400511	0	0	0	0	0	0	0	0
3104005	1	1	65534	1	2	20	0	0	0	0	2	1	0	310400521	0	0	0	0	0	0	0	0
3104002	1	1	65534	1	0	15	0	0	0	0	1	1	0	301111701	0	0	0	0	0	0	0	0
3104002	2	1	65534	1	2	12	0	0	0	0	1	1	0	301111711	0	0	0	0	0	0	0	0
3201001	1	1	65534	3	16	32023102	0	0	0	0	3	1	0	320100101	0	0	0	0	0	0	0	0
3201001	2	1	65534	4	18	320101	0	0	0	0	4	1	0	320100111	0	0	0	0	0	0	0	0
3201010	1	1	65534	1	2	12	0	0	0	0	1	1	0	320101011	0	0	0	0	0	0	0	0
3201010	2	1	65534	18	8	20	55	0	0	0	18	1	0	320101021	0	0	0	0	0	0	0	0
3201010	3	1	65534	5	8	30	60	0	0	0	5	1	0	320101031	0	0	0	0	0	0	0	0
3201010	4	1	65534	1	2	18	0	0	0	0	1	1	0	320101041	0	0	0	0	0	0	0	0
3201010	5	1	65534	1	2	20	0	0	0	0	10	1	0	320101051	0	0	0	0	0	0	0	0
3202140	1	1	65534	1	16	101201	0	0	0	0	0	1	0	320214001	0	0	0	0	0	0	0	0
3202141	1	1	65534	1	16	101201	0	0	0	0	0	1	0	320214101	0	0	0	0	0	0	0	0
3202142	1	1	65534	1	16	101201	0	0	0	0	0	1	0	320214201	0	0	0	0	0	0	0	0
3202143	1	1	65534	1	16	101201	0	0	0	0	0	1	0	320214301	0	0	0	0	0	0	0	0
3202144	1	1	65534	1	16	101201	0	0	0	0	0	1	0	320214401	0	0	0	0	0	0	0	0
3202131	1	1	65534	1	2	10	0	0	0	0	1	3	0	320213101	2	320213102	3	320213103	0	0	0	0
3202132	1	1	65534	1	2	10	0	0	0	0	1	2	0	320213201	2	320213202	0	0	0	0	0	0
3202133	1	1	65534	1	2	10	0	0	0	0	1	2	0	320213301	2	320213302	0	0	0	0	0	0
3202134	1	1	65534	1	2	10	0	0	0	0	1	2	0	320213401	2	320213402	0	0	0	0	0	0
3202135	1	1	65534	1	2	10	0	0	0	0	1	3	0	320213501	2	320213502	3	320213503	0	0	0	0
3202136	1	1	65534	1	2	10	0	0	0	0	1	3	0	320213601	2	320213602	3	320213603	0	0	0	0
3202127	1	1	65534	1	2	10	0	0	0	0	1	2	0	320212701	2	320212702	0	0	0	0	0	0
3202128	1	1	65534	1	2	10	0	0	0	0	1	2	0	320212801	2	320212802	0	0	0	0	0	0
3202129	1	1	65534	1	2	10	0	0	0	0	1	2	0	320212901	2	320212902	0	0	0	0	0	0
3202146	1	1	65534	1	2	5	0	0	0	0	1	1	0	320214601	0	0	0	0	0	0	0	0
3202146	2	1	65534	1	0	15	0	0	0	0	1	1	0	320214602	0	0	0	0	0	0	0	0
3202148	1	1	65534	1	2	10	0	0	0	0	1	1	0	320214801	0	0	0	0	0	0	0	0
3202148	2	1	65534	1	0	20	0	0	0	0	1	1	0	320214802	0	0	0	0	0	0	0	0
3202148	3	1	65534	1	0	40	0	0	0	0	1	1	0	320214803	0	0	0	0	0	0	0	0
3202149	1	1	65534	1	2	10	0	0	0	0	1	1	0	320214901	0	0	0	0	0	0	0	0
3202149	2	1	65534	1	0	20	0	0	0	0	1	1	0	320214902	0	0	0	0	0	0	0	0
3204001	1	1	65534	1	16	101201	0	0	0	0	0	1	0	320401401	0	0	0	0	0	0	0	0
3204002	1	1	65534	1	16	101201	0	0	0	0	0	1	0	320401501	0	0	0	0	0	0	0	0
3204003	1	1	65534	1	16	101201	0	0	0	0	0	1	0	320401601	0	0	0	0	0	0	0	0
3204004	1	1	65534	1	16	101201	0	0	0	0	0	1	0	320401701	0	0	0	0	0	0	0	0
3204005	1	1	65534	1	16	101201	0	0	0	0	0	1	0	320401801	0	0	0	0	0	0	0	0
4201003	1	1	65534	1	2	6	0	0	0	0	1	1	0	420100301	0	0	0	0	0	0	0	0
4201003	2	1	65534	9	8	41	70	0	0	0	9	1	0	420100311	0	0	0	0	0	0	0	0
4201003	3	1	65534	9	8	1	40	0	0	0	9	1	0	420100321	0	0	0	0	0	0	0	0
4201003	4	1	1	0	8	1	90	0	0	0	0	1	0	420100331	0	0	0	0	0	0	0	0
4201003	5	1	1	0	8	1	90	0	0	0	0	1	1	420100341	0	0	0	0	0	0	0	0
4201009	1	1	65534	1	2	8	0	0	0	0	1	1	0	420100901	0	0	0	0	0	0	0	0
4201009	2	1	65534	1	2	8	0	0	0	0	1	1	0	420100911	0	0	0	0	0	0	0	0
4201026	1	1	65534	1	2	4	0	0	0	0	1	1	0	420102601	0	0	0	0	0	0	0	0
7010251	1	1	65534	1	2	12	0	0	0	0	1	1	0	701025101	0	0	0	0	0	0	0	0
7010251	2	1	65534	15	8	0	50	0	0	0	15	1	0	701025111	0	0	0	0	0	0	0	0
7010252	1	1	65534	1	2	12	0	0	0	0	1	1	0	701025201	0	0	0	0	0	0	0	0
7010253	1	1	65534	1	2	15	0	0	0	0	1	2	0	701025301	2	701025302	0	0	0	0	0	0
7010254	1	1	65534	1	2	12	0	0	0	0	1	1	0	701025401	0	0	0	0	0	0	0	0
7010254	2	1	65534	1	2	15	0	0	0	0	1	2	0	701025411	2	701025412	0	0	0	0	0	0
9001101	1	1	65534	1	2	10	0	0	0	0	1	1	0	900110101	0	0	0	0	0	0	0	0
9001101	2	1	20	10	16	22002101	0	0	0	0	0	1	0	900110111	0	0	0	0	0	0	0	0
9001101	3	1	20	10	16	22003101	0	0	0	0	0	1	0	900110121	0	0	0	0	0	0	0	0
9001101	4	1	5	5	8	60	80	0	0	0	0	1	0	900110131	0	0	0	0	0	0	0	0
9001101	5	1	5	5	8	20	40	0	0	0	0	1	0	900110131	0	0	0	0	0	0	0	0
9001101	6	1	15	5	18	22022101	1	0	0	0	0	1	0	900110151	0	0	0	0	0	0	0	0
9001101	7	1	5	10	8	0	10	0	0	0	0	1	0	900110161	0	0	0	0	0	0	0	0
9001101	8	1	65534	19	8	0	60	0	0	0	0	1	0	900110171	0	0	0	0	0	0	0	0
9001101	9	1	1	1	0	150	0	0	0	0	0	1	0	900110181	0	0	0	0	0	0	0	0
9001101	10	1	1	1	0	155	0	0	0	0	0	1	0	900110181	0	0	0	0	0	0	0	0
9001101	11	1	1	1	0	160	0	0	0	0	0	1	0	900110181	0	0	0	0	0	0	0	0
9001201	1	1	65534	7	14	40	80	0	0	0	0	1	0	900120101	0	0	0	0	0	0	0	0
9001201	2	1	65534	1	2	10	0	0	0	0	0	1	0	900120111	0	0	0	0	0	0	0	0
9001201	3	1	65534	1	16	22007101	0	0	0	0	0	1	0	900120121	0	0	0	0	0	0	0	0
9001201	4	1	65534	1	2	10	0	0	0	0	0	1	0	900120131	0	0	0	0	0	0	0	0
9001201	5	1	5	15	0	150	0	0	0	0	15	1	0	900110181	0	0	0	0	0	0	0	0
9001201	6	1	5	15	0	155	0	0	0	0	15	1	0	900110181	0	0	0	0	0	0	0	0
9001201	7	1	5	15	0	155	0	0	0	0	15	1	0	900110181	0	0	0	0	0	0	0	0
9001601	1	1	1	0	22	1	1	0	0	0	0	1	0	900160101	0	0	0	0	0	0	0	0
9001602	1	1	1	0	22	1	1	0	0	0	0	1	0	900160201	0	0	0	0	0	0	0	0
9001603	1	1	1	0	22	1	1	0	0	0	0	1	0	900160301	0	0	0	0	0	0	0	0
9001604	1	1	1	0	22	1	1	0	0	0	0	1	0	900160401	0	0	0	0	0	0	0	0
9001605	1	1	1	0	22	1	1	0	0	0	0	1	0	900160501	0	0	0	0	0	0	0	0
9001102	1	1	65534	5	2	10	0	0	0	0	5	1	0	900110201	0	0	0	0	0	0	0	0
9001301	1	1	65534	10	8	0	80	0	0	0	3	1	0	900130101	0	0	0	0	0	0	0	0
9001301	2	1	65534	1	2	15	0	0	0	0	2	5	0	900130111	1	900130121	2	900130121	3	900130121	4	900130121
9001301	3	1	65534	1	2	8	0	0	0	0	0	1	0	900130121	0	0	0	0	0	0	0	0
9001501	1	1	65534	1	2	14	0	0	0	0	0	2	0	900150101	1	900150102	0	0	0	0	0	0
9001501	2	1	65534	1	2	9	0	0	0	0	2	1	0	900150111	0	0	0	0	0	0	0	0
9001501	3	1	65534	1	2	16	0	0	0	0	3	1	0	900150121	0	0	0	0	0	0	0	0
9001502	1	1	65534	1000	18	22020101	1	0	0	0	0	2	0	900150201	2	900150202	0	0	0	0	0	0
9001502	2	1	65534	1000	0	15	0	0	0	0	0	2	0	900150201	2	900150202	0	0	0	0	0	0
9001502	3	1	65534	1000	2	1000	0	0	0	0	0	1	0	900150221	0	0	0	0	0	0	0	0
9001401	1	1	65534	1	2	10	0	0	0	0	0	1	0	900140101	0	0	0	0	0	0	0	0
9001401	2	1	65534	1	2	15	0	0	0	0	1	1	0	900140111	0	0	0	0	0	0	0	0
9001606	1	1	1	0	22	1	1	0	0	0	0	1	0	900160601	0	0	0	0	0	0	0	0
9001607	1	1	1	0	22	1	1	0	0	0	0	1	0	900160701	0	0	0	0	0	0	0	0
9001608	1	1	1	0	22	1	1	0	0	0	0	1	0	900160801	0	0	0	0	0	0	0	0
9001609	1	1	1	0	22	1	1	0	0	0	0	1	0	900160901	0	0	0	0	0	0	0	0
9001610	1	1	1	0	22	1	1	0	0	0	0	1	0	900161001	0	0	0	0	0	0	0	0
9002601	1	1	1	0	22	1	1	0	0	0	0	1	0	900260101	0	0	0	0	0	0	0	0
9002602	1	1	1	0	22	1	1	0	0	0	0	1	0	900260201	0	0	0	0	0	0	0	0
9002603	1	1	1	0	22	1	1	0	0	0	0	1	0	900260301	0	0	0	0	0	0	0	0
9002604	1	1	1	0	22	1	1	0	0	0	0	1	0	900260401	0	0	0	0	0	0	0	0
9002605	1	1	1	0	22	1	1	0	0	0	0	1	0	900260501	0	0	0	0	0	0	0	0
9002606	1	1	1	0	22	1	1	0	0	0	0	1	0	900260601	0	0	0	0	0	0	0	0
9002607	1	1	1	0	22	1	1	0	0	0	0	1	0	900260701	0	0	0	0	0	0	0	0
9002608	1	1	1	0	22	1	1	0	0	0	0	1	0	900260801	0	0	0	0	0	0	0	0
9002609	1	1	1	0	22	1	1	0	0	0	0	1	0	900260901	0	0	0	0	0	0	0	0
9002610	1	1	1	0	22	1	1	0	0	0	0	1	0	900261001	0	0	0	0	0	0	0	0
9003601	1	1	1	0	22	1	1	0	0	0	0	1	0	900360101	0	0	0	0	0	0	0	0
9003602	1	1	1	0	22	1	1	0	0	0	0	1	0	900360201	0	0	0	0	0	0	0	0
9003603	1	1	1	0	22	1	1	0	0	0	0	1	0	900360301	0	0	0	0	0	0	0	0
9003604	1	1	1	0	22	1	1	0	0	0	0	1	0	900360401	0	0	0	0	0	0	0	0
9003605	1	1	1	0	22	1	1	0	0	0	0	1	0	900360501	0	0	0	0	0	0	0	0
9003606	1	1	1	0	22	1	1	0	0	0	0	1	0	900360601	0	0	0	0	0	0	0	0
9003607	1	1	1	0	22	1	1	0	0	0	0	1	0	900360701	0	0	0	0	0	0	0	0
9003608	1	1	1	0	22	1	1	0	0	0	0	1	0	900360801	0	0	0	0	0	0	0	0
9003609	1	1	1	0	22	1	1	0	0	0	0	1	0	900360901	0	0	0	0	0	0	0	0
9003610	1	1	1	0	22	1	1	0	0	0	0	1	0	900361001	0	0	0	0	0	0	0	0
9004601	1	1	1	0	22	1	1	0	0	0	0	1	0	900460101	0	0	0	0	0	0	0	0
9004602	1	1	1	0	22	1	1	0	0	0	0	1	0	900460201	0	0	0	0	0	0	0	0
9004603	1	1	1	0	22	1	1	0	0	0	0	1	0	900460301	0	0	0	0	0	0	0	0
9004604	1	1	1	0	22	1	1	0	0	0	0	1	0	900460401	0	0	0	0	0	0	0	0
9004605	1	1	1	0	22	1	1	0	0	0	0	1	0	900460501	0	0	0	0	0	0	0	0
9004606	1	1	1	0	22	1	1	0	0	0	0	1	0	900460601	0	0	0	0	0	0	0	0
9004607	1	1	1	0	22	1	1	0	0	0	0	1	0	900460701	0	0	0	0	0	0	0	0
9004608	1	1	1	0	22	1	1	0	0	0	0	1	0	900460801	0	0	0	0	0	0	0	0
9004609	1	1	1	0	22	1	1	0	0	0	0	1	0	900460901	0	0	0	0	0	0	0	0
9004610	1	1	1	0	22	1	1	0	0	0	0	1	0	900461001	0	0	0	0	0	0	0	0
9005601	1	1	1	0	22	1	1	0	0	0	0	1	0	900560101	0	0	0	0	0	0	0	0
9005602	1	1	1	0	22	1	1	0	0	0	0	1	0	900560201	0	0	0	0	0	0	0	0
9005603	1	1	1	0	22	1	1	0	0	0	0	1	0	900560301	0	0	0	0	0	0	0	0
9005604	1	1	1	0	22	1	1	0	0	0	0	1	0	900560401	0	0	0	0	0	0	0	0
9005605	1	1	1	0	22	1	1	0	0	0	0	1	0	900560501	0	0	0	0	0	0	0	0
9005606	1	1	1	0	22	1	1	0	0	0	0	1	0	900560601	0	0	0	0	0	0	0	0
9005607	1	1	1	0	22	1	1	0	0	0	0	1	0	900560701	0	0	0	0	0	0	0	0
9005608	1	1	1	0	22	1	1	0	0	0	0	1	0	900560801	0	0	0	0	0	0	0	0
9005609	1	1	1	0	22	1	1	0	0	0	0	1	0	900560901	0	0	0	0	0	0	0	0
9005610	1	1	1	0	22	1	1	0	0	0	0	1	0	900561001	0	0	0	0	0	0	0	0
9006601	1	1	1	0	22	1	1	0	0	0	0	1	0	900660101	0	0	0	0	0	0	0	0
9006602	1	1	1	0	22	1	1	0	0	0	0	1	0	900660201	0	0	0	0	0	0	0	0
9006603	1	1	1	0	22	1	1	0	0	0	0	1	0	900660301	0	0	0	0	0	0	0	0
9006604	1	1	1	0	22	1	1	0	0	0	0	1	0	900660401	0	0	0	0	0	0	0	0
9006605	1	1	1	0	22	1	1	0	0	0	0	1	0	900660501	0	0	0	0	0	0	0	0
9006606	1	1	1	0	22	1	1	0	0	0	0	1	0	900660601	0	0	0	0	0	0	0	0
9006607	1	1	1	0	22	1	1	0	0	0	0	1	0	900660701	0	0	0	0	0	0	0	0
9006608	1	1	1	0	22	1	1	0	0	0	0	1	0	900660801	0	0	0	0	0	0	0	0
9006609	1	1	1	0	22	1	1	0	0	0	0	1	0	900660901	0	0	0	0	0	0	0	0
9006610	1	1	1	0	22	1	1	0	0	0	0	1	0	900661001	0	0	0	0	0	0	0	0
9007601	1	1	1	0	22	1	1	0	0	0	0	1	0	900760101	0	0	0	0	0	0	0	0
9007602	1	1	1	0	22	1	1	0	0	0	0	1	0	900760201	0	0	0	0	0	0	0	0
9007603	1	1	1	0	22	1	1	0	0	0	0	1	0	900760301	0	0	0	0	0	0	0	0
9007604	1	1	1	0	22	1	1	0	0	0	0	1	0	900760401	0	0	0	0	0	0	0	0
9007605	1	1	1	0	22	1	1	0	0	0	0	1	0	900760501	0	0	0	0	0	0	0	0
9007606	1	1	1	0	22	1	1	0	0	0	0	1	0	900760601	0	0	0	0	0	0	0	0
9007607	1	1	1	0	22	1	1	0	0	0	0	1	0	900760701	0	0	0	0	0	0	0	0
9007608	1	1	1	0	22	1	1	0	0	0	0	1	0	900760801	0	0	0	0	0	0	0	0
9007609	1	1	1	0	22	1	1	0	0	0	0	1	0	900760901	0	0	0	0	0	0	0	0
9007610	1	1	1	0	22	1	1	0	0	0	0	1	0	900761001	0	0	0	0	0	0	0	0
9008601	1	1	1	0	22	1	1	0	0	0	0	1	0	900860101	0	0	0	0	0	0	0	0
9008602	1	1	1	0	22	1	1	0	0	0	0	1	0	900860201	0	0	0	0	0	0	0	0
9008603	1	1	1	0	22	1	1	0	0	0	0	1	0	900860301	0	0	0	0	0	0	0	0
9008604	1	1	1	0	22	1	1	0	0	0	0	1	0	900860401	0	0	0	0	0	0	0	0
9008605	1	1	1	0	22	1	1	0	0	0	0	1	0	900860501	0	0	0	0	0	0	0	0
9008606	1	1	1	0	22	1	1	0	0	0	0	1	0	900860601	0	0	0	0	0	0	0	0
9008607	1	1	1	0	22	1	1	0	0	0	0	1	0	900860701	0	0	0	0	0	0	0	0
9008608	1	1	1	0	22	1	1	0	0	0	0	1	0	900860801	0	0	0	0	0	0	0	0
9008609	1	1	1	0	22	1	1	0	0	0	0	1	0	900860901	0	0	0	0	0	0	0	0
9008610	1	1	1	0	22	1	1	0	0	0	0	1	0	900861001	0	0	0	0	0	0	0	0
9009601	1	1	1	0	22	1	1	0	0	0	0	1	0	900960101	0	0	0	0	0	0	0	0
9009602	1	1	1	0	22	1	1	0	0	0	0	1	0	900960201	0	0	0	0	0	0	0	0
9009603	1	1	1	0	22	1	1	0	0	0	0	1	0	900960301	0	0	0	0	0	0	0	0
9009604	1	1	1	0	22	1	1	0	0	0	0	1	0	900960401	0	0	0	0	0	0	0	0
9009605	1	1	1	0	22	1	1	0	0	0	0	1	0	900960501	0	0	0	0	0	0	0	0
9009606	1	1	1	0	22	1	1	0	0	0	0	1	0	900960601	0	0	0	0	0	0	0	0
9009607	1	1	1	0	22	1	1	0	0	0	0	1	0	900960701	0	0	0	0	0	0	0	0
9009608	1	1	1	0	22	1	1	0	0	0	0	1	0	900960801	0	0	0	0	0	0	0	0
9009609	1	1	1	0	22	1	1	0	0	0	0	1	0	900960901	0	0	0	0	0	0	0	0
9009610	1	1	1	0	22	1	1	0	0	0	0	1	0	900961001	0	0	0	0	0	0	0	0
9010601	1	1	1	0	22	1	1	0	0	0	0	1	0	901060101	0	0	0	0	0	0	0	0
9010602	1	1	1	0	22	1	1	0	0	0	0	1	0	901060201	0	0	0	0	0	0	0	0
9010603	1	1	1	0	22	1	1	0	0	0	0	1	0	901060301	0	0	0	0	0	0	0	0
9010604	1	1	1	0	22	1	1	0	0	0	0	1	0	901060401	0	0	0	0	0	0	0	0
9010605	1	1	1	0	22	1	1	0	0	0	0	1	0	901060501	0	0	0	0	0	0	0	0
9010606	1	1	1	0	22	1	1	0	0	0	0	1	0	901060601	0	0	0	0	0	0	0	0
9010607	1	1	1	0	22	1	1	0	0	0	0	1	0	901060701	0	0	0	0	0	0	0	0
9010608	1	1	1	0	22	1	1	0	0	0	0	1	0	901060801	0	0	0	0	0	0	0	0
9010609	1	1	1	0	22	1	1	0	0	0	0	1	0	901060901	0	0	0	0	0	0	0	0
9010610	1	1	1	0	22	1	1	0	0	0	0	1	0	901061001	0	0	0	0	0	0	0	0
9011601	1	1	1	0	22	1	1	0	0	0	0	1	0	901160101	0	0	0	0	0	0	0	0
9011602	1	1	1	0	22	1	1	0	0	0	0	1	0	901160201	0	0	0	0	0	0	0	0
9011603	1	1	1	0	22	1	1	0	0	0	0	1	0	901160301	0	0	0	0	0	0	0	0
9011604	1	1	1	0	22	1	1	0	0	0	0	1	0	901160401	0	0	0	0	0	0	0	0
9011605	1	1	1	0	22	1	1	0	0	0	0	1	0	901160501	0	0	0	0	0	0	0	0
9011606	1	1	1	0	22	1	1	0	0	0	0	1	0	901160601	0	0	0	0	0	0	0	0
9011607	1	1	1	0	22	1	1	0	0	0	0	1	0	901160701	0	0	0	0	0	0	0	0
9011608	1	1	1	0	22	1	1	0	0	0	0	1	0	901160801	0	0	0	0	0	0	0	0
9011609	1	1	1	0	22	1	1	0	0	0	0	1	0	901160901	0	0	0	0	0	0	0	0
9011610	1	1	1	0	22	1	1	0	0	0	0	1	0	901161001	0	0	0	0	0	0	0	0
9012601	1	1	1	0	22	1	1	0	0	0	0	1	0	901260101	0	0	0	0	0	0	0	0
9012602	1	1	1	0	22	1	1	0	0	0	0	1	0	901260201	0	0	0	0	0	0	0	0
9012603	1	1	1	0	22	1	1	0	0	0	0	1	0	901260301	0	0	0	0	0	0	0	0
9012604	1	1	1	0	22	1	1	0	0	0	0	1	0	901260401	0	0	0	0	0	0	0	0
9012605	1	1	1	0	22	1	1	0	0	0	0	1	0	901260501	0	0	0	0	0	0	0	0
9012606	1	1	1	0	22	1	1	0	0	0	0	1	0	901260601	0	0	0	0	0	0	0	0
9012607	1	1	1	0	22	1	1	0	0	0	0	1	0	901260701	0	0	0	0	0	0	0	0
9012608	1	1	1	0	22	1	1	0	0	0	0	1	0	901260801	0	0	0	0	0	0	0	0
9012609	1	1	1	0	22	1	1	0	0	0	0	1	0	901260901	0	0	0	0	0	0	0	0
9012610	1	1	1	0	22	1	1	0	0	0	0	1	0	901261001	0	0	0	0	0	0	0	0
9013601	1	1	1	0	22	1	1	0	0	0	0	1	0	901360101	0	0	0	0	0	0	0	0
9013602	1	1	1	0	22	1	1	0	0	0	0	1	0	901360201	0	0	0	0	0	0	0	0
9013603	1	1	1	0	22	1	1	0	0	0	0	1	0	901360301	0	0	0	0	0	0	0	0
9013604	1	1	1	0	22	1	1	0	0	0	0	1	0	901360401	0	0	0	0	0	0	0	0
9013605	1	1	1	0	22	1	1	0	0	0	0	1	0	901360501	0	0	0	0	0	0	0	0
9013606	1	1	1	0	22	1	1	0	0	0	0	1	0	901360601	0	0	0	0	0	0	0	0
9013607	1	1	1	0	22	1	1	0	0	0	0	1	0	901360701	0	0	0	0	0	0	0	0
9013608	1	1	1	0	22	1	1	0	0	0	0	1	0	901360801	0	0	0	0	0	0	0	0
9013609	1	1	1	0	22	1	1	0	0	0	0	1	0	901360901	0	0	0	0	0	0	0	0
9013610	1	1	1	0	22	1	1	0	0	0	0	1	0	901361001	0	0	0	0	0	0	0	0
9014601	1	1	1	0	22	1	1	0	0	0	0	1	0	901460101	0	0	0	0	0	0	0	0
9014602	1	1	1	0	22	1	1	0	0	0	0	1	0	901460201	0	0	0	0	0	0	0	0
9014603	1	1	1	0	22	1	1	0	0	0	0	1	0	901460301	0	0	0	0	0	0	0	0
9014604	1	1	1	0	22	1	1	0	0	0	0	1	0	901460401	0	0	0	0	0	0	0	0
9014605	1	1	1	0	22	1	1	0	0	0	0	1	0	901460501	0	0	0	0	0	0	0	0
9014606	1	1	1	0	22	1	1	0	0	0	0	1	0	901460601	0	0	0	0	0	0	0	0
9014607	1	1	1	0	22	1	1	0	0	0	0	1	0	901460701	0	0	0	0	0	0	0	0
9014608	1	1	1	0	22	1	1	0	0	0	0	1	0	901460801	0	0	0	0	0	0	0	0
9014609	1	1	1	0	22	1	1	0	0	0	0	1	0	901460901	0	0	0	0	0	0	0	0
9014610	1	1	1	0	22	1	1	0	0	0	0	1	0	901461001	0	0	0	0	0	0	0	0
9015601	1	1	1	0	22	1	1	0	0	0	0	1	0	901560101	0	0	0	0	0	0	0	0
9015602	1	1	1	0	22	1	1	0	0	0	0	1	0	901560201	0	0	0	0	0	0	0	0
9015603	1	1	1	0	22	1	1	0	0	0	0	1	0	901560301	0	0	0	0	0	0	0	0
9015604	1	1	1	0	22	1	1	0	0	0	0	1	0	901560401	0	0	0	0	0	0	0	0
9015605	1	1	1	0	22	1	1	0	0	0	0	1	0	901560501	0	0	0	0	0	0	0	0
9015606	1	1	1	0	22	1	1	0	0	0	0	1	0	901560601	0	0	0	0	0	0	0	0
9015607	1	1	1	0	22	1	1	0	0	0	0	1	0	901560701	0	0	0	0	0	0	0	0
9015608	1	1	1	0	22	1	1	0	0	0	0	1	0	901560801	0	0	0	0	0	0	0	0
9015609	1	1	1	0	22	1	1	0	0	0	0	1	0	901560901	0	0	0	0	0	0	0	0
9015610	1	1	1	0	22	1	1	0	0	0	0	1	0	901561001	0	0	0	0	0	0	0	0
9016601	1	1	1	0	22	1	1	0	0	0	0	1	0	901660101	0	0	0	0	0	0	0	0
9016602	1	1	1	0	22	1	1	0	0	0	0	1	0	901660201	0	0	0	0	0	0	0	0
9016603	1	1	1	0	22	1	1	0	0	0	0	1	0	901660301	0	0	0	0	0	0	0	0
9016604	1	1	1	0	22	1	1	0	0	0	0	1	0	901660401	0	0	0	0	0	0	0	0
9016605	1	1	1	0	22	1	1	0	0	0	0	1	0	901660501	0	0	0	0	0	0	0	0
9016606	1	1	1	0	22	1	1	0	0	0	0	1	0	901660601	0	0	0	0	0	0	0	0
9016607	1	1	1	0	22	1	1	0	0	0	0	1	0	901660701	0	0	0	0	0	0	0	0
9016608	1	1	1	0	22	1	1	0	0	0	0	1	0	901660801	0	0	0	0	0	0	0	0
9016609	1	1	1	0	22	1	1	0	0	0	0	1	0	901660901	0	0	0	0	0	0	0	0
9016610	1	1	1	0	22	1	1	0	0	0	0	1	0	901661001	0	0	0	0	0	0	0	0
9017601	1	1	1	0	22	1	1	0	0	0	0	1	0	901760101	0	0	0	0	0	0	0	0
9017602	1	1	1	0	22	1	1	0	0	0	0	1	0	901760201	0	0	0	0	0	0	0	0
9017603	1	1	1	0	22	1	1	0	0	0	0	1	0	901760301	0	0	0	0	0	0	0	0
9017604	1	1	1	0	22	1	1	0	0	0	0	1	0	901760401	0	0	0	0	0	0	0	0
9017605	1	1	1	0	22	1	1	0	0	0	0	1	0	901760501	0	0	0	0	0	0	0	0
9017606	1	1	1	0	22	1	1	0	0	0	0	1	0	901760601	0	0	0	0	0	0	0	0
9017607	1	1	1	0	22	1	1	0	0	0	0	1	0	901760701	0	0	0	0	0	0	0	0
9017608	1	1	1	0	22	1	1	0	0	0	0	1	0	901760801	0	0	0	0	0	0	0	0
9017609	1	1	1	0	22	1	1	0	0	0	0	1	0	901760901	0	0	0	0	0	0	0	0
9017610	1	1	1	0	22	1	1	0	0	0	0	1	0	901761001	0	0	0	0	0	0	0	0
9018601	1	1	1	0	22	1	1	0	0	0	0	1	0	901860101	0	0	0	0	0	0	0	0
9018602	1	1	1	0	22	1	1	0	0	0	0	1	0	901860201	0	0	0	0	0	0	0	0
9018603	1	1	1	0	22	1	1	0	0	0	0	1	0	901860301	0	0	0	0	0	0	0	0
9018604	1	1	1	0	22	1	1	0	0	0	0	1	0	901860401	0	0	0	0	0	0	0	0
9018605	1	1	1	0	22	1	1	0	0	0	0	1	0	901860501	0	0	0	0	0	0	0	0
9018606	1	1	1	0	22	1	1	0	0	0	0	1	0	901860601	0	0	0	0	0	0	0	0
9018607	1	1	1	0	22	1	1	0	0	0	0	1	0	901860701	0	0	0	0	0	0	0	0
9018608	1	1	1	0	22	1	1	0	0	0	0	1	0	901860801	0	0	0	0	0	0	0	0
9018609	1	1	1	0	22	1	1	0	0	0	0	1	0	901860901	0	0	0	0	0	0	0	0
9018610	1	1	1	0	22	1	1	0	0	0	0	1	0	901861001	0	0	0	0	0	0	0	0
9019601	1	1	1	0	22	1	1	0	0	0	0	1	0	901960101	0	0	0	0	0	0	0	0
9019602	1	1	1	0	22	1	1	0	0	0	0	1	0	901960201	0	0	0	0	0	0	0	0
9019603	1	1	1	0	22	1	1	0	0	0	0	1	0	901960301	0	0	0	0	0	0	0	0
9019604	1	1	1	0	22	1	1	0	0	0	0	1	0	901960401	0	0	0	0	0	0	0	0
9019605	1	1	1	0	22	1	1	0	0	0	0	1	0	901960501	0	0	0	0	0	0	0	0
9019606	1	1	1	0	22	1	1	0	0	0	0	1	0	901960601	0	0	0	0	0	0	0	0
9019607	1	1	1	0	22	1	1	0	0	0	0	1	0	901960701	0	0	0	0	0	0	0	0
9019608	1	1	1	0	22	1	1	0	0	0	0	1	0	901960801	0	0	0	0	0	0	0	0
9019609	1	1	1	0	22	1	1	0	0	0	0	1	0	901960901	0	0	0	0	0	0	0	0
9019610	1	1	1	0	22	1	1	0	0	0	0	1	0	901961001	0	0	0	0	0	0	0	0
9020601	1	1	1	0	22	1	1	0	0	0	0	1	0	902060101	0	0	0	0	0	0	0	0
9020602	1	1	1	0	22	1	1	0	0	0	0	1	0	902060201	0	0	0	0	0	0	0	0
9020603	1	1	1	0	22	1	1	0	0	0	0	1	0	902060301	0	0	0	0	0	0	0	0
9020604	1	1	1	0	22	1	1	0	0	0	0	1	0	902060401	0	0	0	0	0	0	0	0
9020605	1	1	1	0	22	1	1	0	0	0	0	1	0	902060501	0	0	0	0	0	0	0	0
9020606	1	1	1	0	22	1	1	0	0	0	0	1	0	902060601	0	0	0	0	0	0	0	0
9020607	1	1	1	0	22	1	1	0	0	0	0	1	0	902060701	0	0	0	0	0	0	0	0
9020608	1	1	1	0	22	1	1	0	0	0	0	1	0	902060801	0	0	0	0	0	0	0	0
9020609	1	1	1	0	22	1	1	0	0	0	0	1	0	902060901	0	0	0	0	0	0	0	0
9020610	1	1	1	0	22	1	1	0	0	0	0	1	0	902061001	0	0	0	0	0	0	0	0
9001111	1	1	65534	1	2	9	0	0	0	0	0	1	0	900111101	0	0	0	0	0	0	0	0
9001111	2	1	65534	1	2	14	0	0	0	0	2	2	0	900111111	1	900111121	0	0	0	0	0	0
9001111	3	1	65534	1	2	100	0	0	0	0	3	1	0	900111121	0	0	0	0	0	0	0	0
9001121	1	1	65534	20	8	0	50	0	0	0	0	1	0	900112101	0	0	0	0	0	0	0	0
9001121	2	1	65534	1	2	10	0	0	0	0	7	1	0	900112111	0	0	0	0	0	0	0	0
9001121	3	1	65534	1	18	21067101	1	0	0	0	0	1	0	900112111	0	0	0	0	0	0	0	0
9001131	1	1	65534	1	2	8	0	0	0	0	4	1	0	900113101	0	0	0	0	0	0	0	0
9001131	2	1	65534	1	2	9	0	0	0	0	3	1	0	900113111	0	0	0	0	0	0	0	0
9001141	1	1	65534	1	2	10	0	0	0	0	3	2	0	900114101	1	900114111	0	0	0	0	0	0
9001141	2	1	65534	1	2	15	0	0	0	0	5	1	0	900114111	0	0	0	0	0	0	0	0
9001151	1	1	65534	1	2	20	0	0	0	0	9	1	0	900115101	0	0	0	0	0	0	0	0
9001151	2	1	65534	1	2	20	0	0	0	0	5	2	0	900115111	2	900150112	0	0	0	0	0	0
9001153	1	1	65534	1	0	1	0	0	0	0	0	1	0	900115301	0	0	0	0	0	0	0	0
9001161	1	1	65534	7	2	7	0	0	0	0	0	1	0	900116101	0	0	0	0	0	0	0	0
9001161	2	1	65534	20	2	20	0	0	0	0	0	1	0	900116111	0	0	0	0	0	0	0	0
9001161	3	1	65534	20	18	22040101	1	0	0	0	0	2	0	900116121	1	900116112	0	0	0	0	0	0
9001162	1	1	65534	11	2	11	0	0	0	0	0	1	0	900116201	0	0	0	0	0	0	0	0
9001162	2	1	65534	20	2	20	0	0	0	0	0	1	0	900116111	0	0	0	0	0	0	0	0
9001171	1	1	65534	13	2	13	0	0	0	0	0	1	0	900117101	0	0	0	0	0	0	0	0
9001171	2	1	65534	20	18	22049101	0	0	0	0	0	1	0	900117111	0	0	0	0	0	0	0	0
9001171	3	1	65534	20	18	22050101	0	0	0	0	0	1	0	900117121	0	0	0	0	0	0	0	0
9001171	4	1	65534	20	18	22049102	0	0	0	0	0	1	0	900117131	0	0	0	0	0	0	0	0
9001172	1	1	65534	1	2	8	0	0	0	0	0	1	0	900117201	0	0	0	0	0	0	0	0
9001181	1	1	65534	23	2	23	0	0	0	0	0	1	0	900118101	0	0	0	0	0	0	0	0
9001181	2	1	65534	1	2	16	0	0	0	0	0	3	0	900118111	1	900118112	2	900118113	0	0	0	0
9001181	3	1	65534	20	8	0	40	0	0	0	0	1	0	900110181	0	0	0	0	0	0	0	0
8002001	1	1	65534	1	2	15	0	0	0	0	2	1	0	800200101	0	0	0	0	0	0	0	0
8002002	1	1	65534	1	2	20	0	0	0	0	5	1	0	800200201	0	0	0	0	0	0	0	0
8002002	2	1	65534	1	2	10	0	0	0	0	5	1	0	800200211	0	0	0	0	0	0	0	0
8002003	1	1	65534	1	2	15	0	0	0	0	5	1	0	800200301	0	0	0	0	0	0	0	0
8002004	1	1	65534	1	2	15	0	0	0	0	5	1	0	800200401	0	0	0	0	0	0	0	0
8002005	1	1	65534	1	2	15	0	0	0	0	2	1	0	800200501	0	0	0	0	0	0	0	0
8002006	1	1	65534	1	2	10	0	0	0	0	5	1	0	800200601	0	0	0	0	0	0	0	0
8002007	1	1	65534	1	2	15	0	0	0	0	3	1	0	800200701	0	0	0	0	0	0	0	0
8002008	1	1	65534	1	2	15	0	0	0	0	5	1	0	800200801	0	0	0	0	0	0	0	0
8002009	1	1	65534	1	2	7	0	0	0	0	5	1	0	800200901	0	0	0	0	0	0	0	0
8002010	1	1	65534	1	2	12	0	0	0	0	7	1	0	800201001	0	0	0	0	0	0	0	0
8002011	1	1	65534	1	2	12	0	0	0	0	5	1	0	800201101	0	0	0	0	0	0	0	0
8002011	2	1	65534	1	2	15	0	0	0	0	5	1	0	800201111	0	0	0	0	0	0	0	0
8002012	1	1	65534	1	2	12	0	0	0	0	5	1	0	800201201	0	0	0	0	0	0	0	0
8002012	2	1	65534	1	2	15	0	0	0	0	5	1	0	800201211	0	0	0	0	0	0	0	0
8002013	1	1	65534	1	2	20	0	0	0	0	5	1	0	800201301	0	0	0	0	0	0	0	0
8002014	1	1	65534	1	2	15	0	0	0	0	5	1	0	800201401	0	0	0	0	0	0	0	0
8002015	1	1	65534	1	2	18	0	0	0	0	5	1	0	800201501	0	0	0	0	0	0	0	0
8002101	1	1	65534	1	2	12	0	0	0	0	5	1	0	800210101	0	0	0	0	0	0	0	0
8002102	1	1	65534	1	2	12	0	0	0	0	5	1	0	800210201	0	0	0	0	0	0	0	0
8002103	1	1	65534	1	2	15	0	0	0	0	5	1	0	800210301	0	0	0	0	0	0	0	0
8002104	1	1	65534	1	2	15	0	0	0	0	5	1	0	800210401	0	0	0	0	0	0	0	0
8002105	1	1	65534	1	2	16	0	0	0	0	5	1	0	800210501	0	0	0	0	0	0	0	0
8002106	1	1	65534	1	2	16	0	0	0	0	5	1	0	800210601	0	0	0	0	0	0	0	0
8002107	1	1	65534	1	2	12	0	0	0	0	1	1	0	800210701	0	0	0	0	0	0	0	0
8002410	1	1	65534	1	2	15	0	0	0	0	5	1	0	800241001	0	0	0	0	0	0	0	0
8002411	1	1	65534	1	2	20	0	0	0	0	5	1	0	800241101	0	0	0	0	0	0	0	0
8002411	1	1	65534	1	2	12	0	0	0	0	5	1	0	800241111	0	0	0	0	0	0	0	0
8002501	1	1	65534	1	2	9	0	0	0	0	7	1	0	800250101	0	0	0	0	0	0	0	0
8002501	2	1	65534	1	2	10	0	0	0	0	7	1	0	800250111	0	0	0	0	0	0	0	0
8002502	1	1	65534	1	2	9	0	0	0	0	7	1	0	800250201	0	0	0	0	0	0	0	0
8002502	2	1	65534	1	2	10	0	0	0	0	7	1	0	800250111	0	0	0	0	0	0	0	0
8002503	1	1	65534	1	2	16	0	0	0	0	7	1	0	800250301	0	0	0	0	0	0	0	0
8002503	2	1	65534	1	2	10	0	0	0	0	7	1	0	800250111	0	0	0	0	0	0	0	0
8002504	1	1	65534	1	2	16	0	0	0	0	7	1	0	800250401	0	0	0	0	0	0	0	0
8002504	2	1	65534	1	2	10	0	0	0	0	7	1	0	800250111	0	0	0	0	0	0	0	0
8002505	1	1	65534	1	2	20	0	0	0	0	7	5	0	800250501	1	800250502	2	800250503	3	800250504	4	800250505
8002505	2	1	65534	1	2	10	0	0	0	0	7	1	0	800250111	0	0	0	0	0	0	0	0
8002506	1	1	65534	1	2	20	0	0	0	0	7	5	0	800250601	1	800250602	2	800250603	3	800250604	4	800250605
8002506	2	1	65534	1	2	10	0	0	0	0	7	1	0	800250111	0	0	0	0	0	0	0	0
8002507	1	1	65534	1	2	25	0	0	0	0	7	1	0	800250701	0	0	0	0	0	0	0	0
8002507	2	1	65534	1	2	10	0	0	0	0	7	1	0	800250111	0	0	0	0	0	0	0	0
8002508	1	1	65534	1	2	25	0	0	0	0	7	1	0	800250801	0	0	0	0	0	0	0	0
8002508	2	1	65534	1	2	10	0	0	0	0	7	1	0	800250111	0	0	0	0	0	0	0	0
8002511	1	1	65534	1	2	15	0	0	0	0	5	2	0	800251101	1	800251111	0	0	0	0	0	0
8002511	2	1	65534	1	2	12	0	0	0	0	5	1	0	800250111	0	0	0	0	0	0	0	0
8002512	1	1	65534	1	2	15	0	0	0	0	5	1	0	800251201	0	0	0	0	0	0	0	0
8002512	2	1	65534	1	2	12	0	0	0	0	5	1	0	800250111	0	0	0	0	0	0	0	0
8002513	1	1	65534	1	2	9	0	0	0	0	5	1	0	800251301	0	0	0	0	0	0	0	0
8002513	2	1	65534	1	2	12	0	0	0	0	5	1	0	800250111	0	0	0	0	0	0	0	0
8002514	1	1	65534	1	2	9	0	0	0	0	5	1	0	800251401	0	0	0	0	0	0	0	0
8002514	2	1	65534	1	2	12	0	0	0	0	5	1	0	800250111	0	0	0	0	0	0	0	0
8002515	1	1	65534	1	2	24	0	0	0	0	5	1	0	800251501	0	0	0	0	0	0	0	0
8002515	2	1	65534	1	2	12	0	0	0	0	5	1	0	800250111	0	0	0	0	0	0	0	0
8002516	1	1	65534	1	2	24	0	0	0	0	5	1	0	800251601	0	0	0	0	0	0	0	0
8002516	2	1	65534	1	2	12	0	0	0	0	5	1	0	800250111	0	0	0	0	0	0	0	0
8002517	1	1	65534	1	2	25	0	0	0	0	5	1	0	800251701	0	0	0	0	0	0	0	0
8002517	2	1	65534	1	2	12	0	0	0	0	5	1	0	800250111	0	0	0	0	0	0	0	0
8002518	1	1	65534	1	2	25	0	0	0	0	5	1	0	800251801	0	0	0	0	0	0	0	0
8002518	2	1	65534	1	2	12	0	0	0	0	5	1	0	800250111	0	0	0	0	0	0	0	0
8002521	1	1	65534	1	2	8	0	0	0	0	8	1	0	800252101	0	0	0	0	0	0	0	0
8002521	2	1	65534	1	2	15	0	0	0	0	8	1	0	800250111	0	0	0	0	0	0	0	0
8002522	1	1	65534	1	2	8	0	0	0	0	8	1	0	800252201	0	0	0	0	0	0	0	0
8002522	2	1	65534	1	2	15	0	0	0	0	8	1	0	800250111	0	0	0	0	0	0	0	0
8002523	1	1	65534	1	2	15	0	0	0	0	8	1	0	800252301	0	0	0	0	0	0	0	0
8002523	2	1	65534	1	2	15	0	0	0	0	8	1	0	800250111	0	0	0	0	0	0	0	0
8002524	1	1	65534	1	2	15	0	0	0	0	8	1	0	800252401	0	0	0	0	0	0	0	0
8002524	2	1	65534	1	2	15	0	0	0	0	8	1	0	800250111	0	0	0	0	0	0	0	0
8002525	1	1	65534	1	2	22	0	0	0	0	8	1	0	800252501	0	0	0	0	0	0	0	0
8002525	2	1	65534	1	2	15	0	0	0	0	8	1	0	800250111	0	0	0	0	0	0	0	0
8002526	1	1	65534	1	2	22	0	0	0	0	8	1	0	800252601	0	0	0	0	0	0	0	0
8002526	2	1	65534	1	2	15	0	0	0	0	8	1	0	800250111	0	0	0	0	0	0	0	0
8002527	1	1	65534	1	2	25	0	0	0	0	8	1	0	800252701	0	0	0	0	0	0	0	0
8002527	2	1	65534	1	2	15	0	0	0	0	8	1	0	800250111	0	0	0	0	0	0	0	0
8002528	1	1	65534	1	2	25	0	0	0	0	8	1	0	800252801	0	0	0	0	0	0	0	0
8002528	2	1	65534	1	2	15	0	0	0	0	8	1	0	800250111	0	0	0	0	0	0	0	0
8002531	1	1	65534	1	2	16	0	0	0	0	6	1	0	800253101	0	0	0	0	0	0	0	0
8002531	2	1	65534	1	2	10	0	0	0	0	6	1	0	800250111	0	0	0	0	0	0	0	0
8002532	1	1	65534	1	2	16	0	0	0	0	6	1	0	800253201	0	0	0	0	0	0	0	0
8002532	2	1	65534	1	2	10	0	0	0	0	6	1	0	800250111	0	0	0	0	0	0	0	0
8002533	1	1	65534	1	2	23	0	0	0	0	6	1	0	800253301	0	0	0	0	0	0	0	0
8002533	2	1	65534	1	2	10	0	0	0	0	6	1	0	800250111	0	0	0	0	0	0	0	0
8002534	1	1	65534	1	2	23	0	0	0	0	6	1	0	800253401	0	0	0	0	0	0	0	0
8002534	2	1	65534	1	2	10	0	0	0	0	6	1	0	800250111	0	0	0	0	0	0	0	0
8002535	1	1	65534	1	2	9	0	0	0	0	6	1	0	800253501	0	0	0	0	0	0	0	0
8002535	2	1	65534	1	2	10	0	0	0	0	6	1	0	800250111	0	0	0	0	0	0	0	0
8002536	1	1	65534	1	2	9	0	0	0	0	6	1	0	800253601	0	0	0	0	0	0	0	0
8002536	2	1	65534	1	2	10	0	0	0	0	6	1	0	800250111	0	0	0	0	0	0	0	0
8002537	1	1	65534	1	2	25	0	0	0	0	6	1	0	800253701	0	0	0	0	0	0	0	0
8002537	2	1	65534	1	2	10	0	0	0	0	6	1	0	800250111	0	0	0	0	0	0	0	0
8002538	1	1	65534	1	2	25	0	0	0	0	6	1	0	800253801	0	0	0	0	0	0	0	0
8002538	2	1	65534	1	2	10	0	0	0	0	6	1	0	800250111	0	0	0	0	0	0	0	0
8002541	1	1	65534	1	2	9	0	0	0	0	7	1	0	800254101	0	0	0	0	0	0	0	0
8002541	2	1	65534	1	2	10	0	0	0	0	7	1	0	800250111	0	0	0	0	0	0	0	0
8002542	1	1	65534	1	2	16	0	0	0	0	7	1	0	800254201	0	0	0	0	0	0	0	0
8002542	2	1	65534	1	2	10	0	0	0	0	7	1	0	800250111	0	0	0	0	0	0	0	0
8002543	1	1	65534	1	2	22	0	0	0	0	7	1	0	800254301	1	800254302	2	800254303	3	800254304	4	800254305
8002543	2	1	65534	1	2	10	0	0	0	0	7	1	0	800250111	0	0	0	0	0	0	0	0
8002544	1	1	65534	1	2	30	0	0	0	0	7	1	0	800254401	0	0	0	0	0	0	0	0
8002544	2	1	65534	1	2	10	0	0	0	0	7	1	0	800250111	0	0	0	0	0	0	0	0
8002551	1	1	65534	1	2	15	0	0	0	0	5	1	0	800255101	0	0	0	0	0	0	0	0
8002551	2	1	65534	1	2	12	0	0	0	0	5	1	0	800250111	0	0	0	0	0	0	0	0
8002552	1	1	65534	1	2	9	0	0	0	0	5	1	0	800255201	0	0	0	0	0	0	0	0
8002552	2	1	65534	1	2	12	0	0	0	0	5	1	0	800250111	0	0	0	0	0	0	0	0
8002553	1	1	65534	1	2	24	0	0	0	0	5	1	0	800255301	0	0	0	0	0	0	0	0
8002553	2	1	65534	1	2	12	0	0	0	0	5	1	0	800250111	0	0	0	0	0	0	0	0
8002554	1	1	65534	1	2	30	0	0	0	0	5	1	0	800255401	0	0	0	0	0	0	0	0
8002554	2	1	65534	1	2	12	0	0	0	0	5	1	0	800250111	0	0	0	0	0	0	0	0
8002561	1	1	65534	1	2	8	0	0	0	0	8	1	0	800256101	0	0	0	0	0	0	0	0
8002561	2	1	65534	1	2	15	0	0	0	0	8	1	0	800250111	0	0	0	0	0	0	0	0
8002562	1	1	65534	1	2	15	0	0	0	0	8	1	0	800256201	0	0	0	0	0	0	0	0
8002562	2	1	65534	1	2	15	0	0	0	0	8	1	0	800250111	0	0	0	0	0	0	0	0
8002563	1	1	65534	1	2	22	0	0	0	0	8	1	0	800256301	0	0	0	0	0	0	0	0
8002563	2	1	65534	1	2	15	0	0	0	0	8	1	0	800250111	0	0	0	0	0	0	0	0
8002564	1	1	65534	1	2	30	0	0	0	0	8	1	0	800256401	0	0	0	0	0	0	0	0
8002564	2	1	65534	1	2	15	0	0	0	0	8	1	0	800250111	0	0	0	0	0	0	0	0
8002571	1	1	65534	1	2	16	0	0	0	0	6	1	0	800257101	0	0	0	0	0	0	0	0
8002571	2	1	65534	1	2	10	0	0	0	0	6	1	0	800250111	0	0	0	0	0	0	0	0
8002572	1	1	65534	1	2	9	0	0	0	0	6	1	0	800257201	0	0	0	0	0	0	0	0
8002572	2	1	65534	1	2	10	0	0	0	0	6	1	0	800250111	0	0	0	0	0	0	0	0
8002573	1	1	65534	1	2	23	0	0	0	0	6	1	0	800257301	0	0	0	0	0	0	0	0
8002573	2	1	65534	1	2	10	0	0	0	0	6	1	0	800250111	0	0	0	0	0	0	0	0
8002574	1	1	65534	1	2	30	0	0	0	0	6	1	0	800257401	0	0	0	0	0	0	0	0
8002574	2	1	65534	1	2	10	0	0	0	0	6	1	0	800250111	0	0	0	0	0	0	0	0
8002581	1	1	65534	1	2	30	0	0	0	0	7	1	0	800258101	0	0	0	0	0	0	0	0
8002581	2	1	65534	1	2	10	0	0	0	0	7	1	0	800250111	0	0	0	0	0	0	0	0
8002582	1	1	65534	1	2	30	0	0	0	0	5	1	0	800258201	0	0	0	0	0	0	0	0
8002582	2	1	65534	1	2	12	0	0	0	0	5	1	0	800250111	0	0	0	0	0	0	0	0
8002583	1	1	65534	1	2	30	0	0	0	0	8	1	0	800258301	0	0	0	0	0	0	0	0
8002583	2	1	65534	1	2	15	0	0	0	0	8	1	0	800250111	0	0	0	0	0	0	0	0
8002584	1	1	65534	1	2	30	0	0	0	0	6	1	0	800258401	0	0	0	0	0	0	0	0
8002584	2	1	65534	1	2	10	0	0	0	0	6	1	0	800250111	0	0	0	0	0	0	0	0
8002601	1	1	65534	1	2	15	0	0	0	0	7	1	0	800260101	0	0	0	0	0	0	0	0
8002601	2	1	65534	1	2	10	0	0	0	0	7	1	0	800250111	0	0	0	0	0	0	0	0
8002602	1	1	65534	1	2	15	0	0	0	0	7	1	0	800260201	0	0	0	0	0	0	0	0
8002602	2	1	65534	1	2	10	0	0	0	0	7	1	0	800250111	0	0	0	0	0	0	0	0
8002603	1	1	65534	1	2	15	0	0	0	0	7	1	0	800260301	0	0	0	0	0	0	0	0
8002603	2	1	65534	1	2	10	0	0	0	0	7	1	0	800250111	0	0	0	0	0	0	0	0
8002604	1	1	65534	1	2	15	0	0	0	0	7	1	0	800260401	0	0	0	0	0	0	0	0
8002604	2	1	65534	1	2	10	0	0	0	0	7	1	0	800250111	0	0	0	0	0	0	0	0
8002605	1	1	65534	1	2	15	0	0	0	0	7	1	0	800260501	0	0	0	0	0	0	0	0
8002605	2	1	65534	1	2	10	0	0	0	0	7	1	0	800250111	0	0	0	0	0	0	0	0
8002606	1	1	65534	1	2	15	0	0	0	0	7	1	0	800260601	0	0	0	0	0	0	0	0
8002606	2	1	65534	1	2	10	0	0	0	0	7	1	0	800250111	0	0	0	0	0	0	0	0
8002607	1	1	65534	1	2	15	0	0	0	0	7	1	0	800260701	0	0	0	0	0	0	0	0
8002607	2	1	65534	1	2	10	0	0	0	0	7	1	0	800250111	0	0	0	0	0	0	0	0
8002608	1	1	65534	1	2	15	0	0	0	0	7	1	0	800260801	0	0	0	0	0	0	0	0
8002608	2	1	65534	1	2	10	0	0	0	0	7	1	0	800250111	0	0	0	0	0	0	0	0
8002609	1	1	65534	1	2	15	0	0	0	0	7	1	0	800260901	0	0	0	0	0	0	0	0
8002609	2	1	65534	1	2	10	0	0	0	0	7	1	0	800250111	0	0	0	0	0	0	0	0
8002610	1	1	65534	1	2	15	0	0	0	0	7	1	0	800261001	0	0	0	0	0	0	0	0
8002610	2	1	65534	1	2	10	0	0	0	0	7	1	0	800250111	0	0	0	0	0	0	0	0
8002611	1	1	65534	1	2	15	0	0	0	0	7	1	0	800261101	0	0	0	0	0	0	0	0
8002611	2	1	65534	1	2	10	0	0	0	0	7	1	0	800250111	0	0	0	0	0	0	0	0
8002621	1	1	65534	1	2	10	0	0	0	0	7	1	0	800262101	0	0	0	0	0	0	0	0
8002621	2	1	65534	1	2	10	0	0	0	0	7	1	0	800250111	0	0	0	0	0	0	0	0
8002622	1	1	65534	1	2	15	0	0	0	0	7	1	0	800262201	0	0	0	0	0	0	0	0
8002622	2	1	65534	1	2	10	0	0	0	0	7	1	0	800250111	0	0	0	0	0	0	0	0
8002623	1	1	65534	1	2	15	0	0	0	0	7	1	0	800262301	0	0	0	0	0	0	0	0
8002623	2	1	65534	1	2	10	0	0	0	0	7	1	0	800250111	0	0	0	0	0	0	0	0
8002624	1	1	65534	1	2	15	0	0	0	0	7	1	0	800262401	0	0	0	0	0	0	0	0
8002624	2	1	65534	1	2	10	0	0	0	0	7	1	0	800250111	0	0	0	0	0	0	0	0
8002625	1	1	65534	1	2	15	0	0	0	0	7	1	0	800262501	0	0	0	0	0	0	0	0
8002625	2	1	65534	1	2	10	0	0	0	0	7	1	0	800250111	0	0	0	0	0	0	0	0
8002626	1	1	65534	1	2	15	0	0	0	0	7	1	0	800262601	0	0	0	0	0	0	0	0
8002626	2	1	65534	1	2	10	0	0	0	0	7	1	0	800250111	0	0	0	0	0	0	0	0
8002627	1	1	65534	1	2	15	0	0	0	0	7	1	0	800262701	0	0	0	0	0	0	0	0
8002627	2	1	65534	1	2	10	0	0	0	0	7	1	0	800250111	0	0	0	0	0	0	0	0
8002628	1	1	65534	1	2	15	0	0	0	0	7	1	0	800262801	0	0	0	0	0	0	0	0
8002628	2	1	65534	1	2	10	0	0	0	0	7	1	0	800250111	0	0	0	0	0	0	0	0
8002701	1	1	65534	1	2	12	0	0	0	0	1	1	0	800270101	0	0	0	0	0	0	0	0
8002703	1	1	65534	1	2	15	0	0	0	0	5	1	0	800270301	0	0	0	0	0	0	0	0
8002704	1	1	65534	1	2	15	0	0	0	0	1	1	0	800270401	0	0	0	0	0	0	0	0
8002704	2	1	65534	15	8	0	50	0	0	0	15	5	0	800270411	1	800270411	2	800270411	3	800270411	4	800270411
8002704	3	1	65534	10	8	0	50	0	0	0	15	1	0	800270421	0	0	0	0	0	0	0	0
8002705	1	1	65534	1	2	20	0	0	0	0	1	1	0	800270501	0	0	0	0	0	0	0	0
8002706	1	1	65534	1	2	15	0	0	0	0	5	1	0	800270601	0	0	0	0	0	0	0	0
8002706	2	1	65534	1	2	15	0	0	0	0	5	1	0	800270611	0	0	0	0	0	0	0	0
8002706	3	1	65534	1	2	29	0	0	0	0	5	1	0	800270621	0	0	0	0	0	0	0	0
8002707	1	1	65534	1	2	10	0	0	0	0	1	1	0	800270701	0	0	0	0	0	0	0	0
8002707	2	1	65534	1	2	20	0	0	0	0	1	1	0	800270711	0	0	0	0	0	0	0	0
8002707	3	1	65534	1	2	15	0	0	0	0	1	1	0	800270721	0	0	0	0	0	0	0	0
8002708	1	1	65534	10	8	51	100	0	0	0	15	1	0	800270801	0	0	0	0	0	0	0	0
8002708	2	1	65534	5	8	51	100	0	0	0	15	1	0	800270811	0	0	0	0	0	0	0	0
8002708	3	1	65534	10	8	0	50	0	0	0	20	1	0	800270821	0	0	0	0	0	0	0	0
8002709	1	1	65534	1	2	15	0	0	0	0	6	1	0	800270901	0	0	0	0	0	0	0	0
8002709	2	1	65534	1	2	12	0	0	0	0	6	1	0	800270911	0	0	0	0	0	0	0	0
8002709	3	1	65534	1	2	12	0	0	0	0	6	1	0	800270931	0	0	0	0	0	0	0	0
8002709	4	1	65534	1	2	15	0	0	0	0	6	1	0	800270941	0	0	0	0	0	0	0	0
8002710	1	1	65534	1	2	31	0	0	0	0	1	1	0	800271001	0	0	0	0	0	0	0	0
8002710	2	1	65534	1	2	15	0	0	0	0	1	1	0	800271011	0	0	0	0	0	0	0	0
8003002	1	1	65534	1	2	14	0	0	0	0	4	1	0	800300201	0	0	0	0	0	0	0	0
8003002	2	1	65534	1	2	22	0	0	0	0	4	1	0	800300211	0	0	0	0	0	0	0	0
8003003	1	1	65534	1	2	20	0	0	0	0	4	1	0	800300301	0	0	0	0	0	0	0	0
8003003	2	1	65534	1	2	15	0	0	0	0	4	1	0	800300302	0	0	0	0	0	0	0	0
8003004	1	1	65534	1	2	15	0	0	0	0	4	1	0	800300401	0	0	0	0	0	0	0	0
8003004	2	1	65534	1	2	20	0	0	0	0	4	1	0	800300402	0	0	0	0	0	0	0	0
8003002	3	1	65534	1	2	15	0	0	0	0	4	1	0	800300221	0	0	0	0	0	0	0	0
8003005	1	1	65534	1	2	15	0	0	0	0	5	1	0	800300501	0	0	0	0	0	0	0	0
8003005	2	1	65534	1	2	10	0	0	0	0	10	2	0	800300501	1	800300511	0	0	0	0	0	0
8003005	3	1	65534	1	2	30	0	0	0	0	15	5	0	800300511	2	800300511	4	800300511	6	800300511	8	800300521
8003006	1	1	65534	1	2	9	0	0	0	0	4	1	0	800300601	0	0	0	0	0	0	0	0
8003006	2	1	65534	1	2	20	0	0	0	0	4	2	0	800300611	2	800300621	0	0	0	0	0	0
8003007	1	1	65534	1	2	12	0	0	0	0	12	1	0	800300711	0	0	0	0	0	0	0	0
8003007	2	1	65534	1	2	25	0	0	0	0	20	3	0	800300711	4	800300721	8	800300731	0	0	0	0
8003008	1	1	65534	1	2	10	0	0	0	0	4	1	0	800300801	0	0	0	0	0	0	0	0
8003008	2	1	65534	1	2	16	0	0	0	0	4	1	0	800300811	0	0	0	0	0	0	0	0
8003009	1	1	65534	10	8	60	100	0	0	0	10	1	0	800300901	0	0	0	0	0	0	0	0
8003009	2	1	65534	15	8	0	60	0	0	0	15	2	0	800300911	4	800300921	0	0	0	0	0	0
8003011	1	1	65534	1	2	10	0	0	0	0	0	1	0	800301101	0	0	0	0	0	0	0	0
8003011	2	1	65534	1	2	15	0	0	0	0	1	1	0	800301111	0	0	0	0	0	0	0	0
8003012	1	1	65534	1	2	10	0	0	0	0	4	1	0	800301201	0	0	0	0	0	0	0	0
8003012	2	1	65534	1	2	15	0	0	0	0	4	1	0	800301211	0	0	0	0	0	0	0	0
8003013	1	1	65534	1	2	10	0	0	0	0	4	1	0	800301301	0	0	0	0	0	0	0	0
8003013	2	1	65534	1	2	15	0	0	0	0	4	1	0	800301311	0	0	0	0	0	0	0	0
8003014	1	1	65534	1	2	9	0	0	0	0	4	1	0	800301401	0	0	0	0	0	0	0	0
8003014	2	1	65534	1	2	10	0	0	0	0	4	1	0	800301411	0	0	0	0	0	0	0	0
8003014	3	1	65534	1	2	15	0	0	0	0	4	1	0	800301421	0	0	0	0	0	0	0	0
8003015	1	1	65534	1	2	10	0	0	0	0	4	1	0	800301501	0	0	0	0	0	0	0	0
8003015	2	1	65534	1	2	15	0	0	0	0	4	1	0	800301511	0	0	0	0	0	0	0	0
8003016	1	1	65534	1	2	10	0	0	0	0	4	1	0	800301601	0	0	0	0	0	0	0	0
8003016	2	1	65534	1	2	15	0	0	0	0	4	1	0	800301611	0	0	0	0	0	0	0	0
8003017	1	1	65534	1	2	10	0	0	0	0	4	1	0	800301701	0	0	0	0	0	0	0	0
8003017	2	1	65534	1	2	15	0	0	0	0	4	1	0	800301711	0	0	0	0	0	0	0	0
8003018	1	1	65534	1	2	10	0	0	0	0	4	1	0	800301801	0	0	0	0	0	0	0	0
8003018	2	1	65534	1	2	15	0	0	0	0	4	1	0	800301811	0	0	0	0	0	0	0	0
8003019	1	1	65534	1	2	15	0	0	0	0	4	1	0	800301901	0	0	0	0	0	0	0	0
7001204	1	1	65534	1	2	10	0	0	0	0	0	1	0	700120401	0	0	0	0	0	0	0	0
7001205	1	1	65534	1	2	10	0	0	0	0	0	1	0	700120501	0	0	0	0	0	0	0	0
3401010	1	1	65534	1	2	5	0	0	0	0	0	1	0	340101001	0	0	0	0	0	0	0	0
3401011	1	1	65534	1	2	15	0	0	0	0	0	1	0	340101101	0	0	0	0	0	0	0	0
3401011	2	1	65534	1	2	10	0	0	0	0	0	1	0	340101102	0	0	0	0	0	0	0	0
3401012	1	1	65534	1	2	18	0	0	0	0	0	5	0	340101201	1	340101201	2	340101201	3	340101201	4	340101201
3401013	1	1	65534	1	2	12	0	0	0	0	0	1	0	340101301	0	0	0	0	0	0	0	0
3401015	1	1	65534	1	2	10	0	0	0	0	0	1	0	340101501	0	0	0	0	0	0	0	0
3401016	1	1	65534	1	2	8	0	0	0	0	0	1	0	340101601	0	0	0	0	0	0	0	0
3401016	2	1	65534	1	2	15	0	0	0	0	0	1	0	340101602	0	0	0	0	0	0	0	0
3401016	3	1	65534	1	2	8	0	0	0	0	0	1	0	340101603	0	0	0	0	0	0	0	0
3401018	1	1	65534	1	2	15	0	0	0	0	0	1	0	340101801	0	0	0	0	0	0	0	0
3401018	2	1	65534	1	2	8	0	0	0	0	0	1	0	340101802	0	0	0	0	0	0	0	0
3401018	3	1	65534	1	2	12	0	0	0	0	0	1	0	340101803	0	0	0	0	0	0	0	0
3401020	1	1	65534	1	2	10	0	0	0	0	0	1	0	340102001	0	0	0	0	0	0	0	0
3401021	1	1	65534	1	2	8	0	0	0	0	0	1	0	340102101	0	0	0	0	0	0	0	0
3401025	1	1	65534	1	2	5	0	0	0	0	0	1	0	340102501	0	0	0	0	0	0	0	0
3401025	2	1	65534	1	2	8	0	0	0	0	0	1	0	340102502	0	0	0	0	0	0	0	0
3401025	3	1	65534	1	2	10	0	0	0	0	0	1	0	340102503	0	0	0	0	0	0	0	0
3401023	1	1	65534	0	14	0	30	0	0	0	0	1	0	340102301	0	0	0	0	0	0	0	0
3401024	1	1	65534	1	2	10	0	0	0	0	0	1	0	340102401	0	0	0	0	0	0	0	0
3401028	1	1	65534	1	2	15	0	0	0	0	0	1	0	340102801	0	0	0	0	0	0	0	0
3401030	1	1	65534	1	2	10	0	0	0	0	0	1	0	340103001	0	0	0	0	0	0	0	0
3401033	1	1	65534	1	2	8	0	0	0	0	0	1	0	340103301	0	0	0	0	0	0	0	0
3401036	1	1	65534	1	2	8	0	0	0	0	0	1	0	340103601	0	0	0	0	0	0	0	0
3401039	1	1	65534	1	2	8	0	0	0	0	0	1	0	340103901	0	0	0	0	0	0	0	0
3401039	2	1	65534	1	2	10	0	0	0	0	0	1	0	340103902	0	0	0	0	0	0	0	0
3401039	3	1	65534	1	2	8	0	0	0	0	0	1	0	340103903	0	0	0	0	0	0	0	0
3401040	1	1	65534	1	2	10	0	0	0	0	0	1	0	340104001	0	0	0	0	0	0	0	0
3401040	2	1	65534	1	2	8	0	0	0	0	0	1	0	340104002	0	0	0	0	0	0	0	0
3401037	1	1	65534	1	2	8	0	0	0	0	0	1	0	340103701	0	0	0	0	0	0	0	0
3401037	2	1	65534	1	2	15	0	0	0	0	0	1	0	340103702	0	0	0	0	0	0	0	0
3401038	1	1	65534	1	2	20	0	0	0	0	0	1	0	340103801	0	0	0	0	0	0	0	0
3401038	2	1	65534	1	2	15	0	0	0	0	0	1	0	340103802	0	0	0	0	0	0	0	0
3501101	1	1	65534	1	2	5	0	0	0	0	1	1	0	350110101	0	0	0	0	0	0	0	0
3501102	1	1	65534	1	2	8	0	0	0	0	1	1	0	350110201	0	0	0	0	0	0	0	0
3601004	1	1	65534	0	0	18	0	0	0	0	0	1	0	360100401	0	0	0	0	0	0	0	0
3601005	1	1	65534	0	0	36	0	0	0	0	0	1	0	360100401	0	0	0	0	0	0	0	0
3601006	1	1	65534	0	0	54	0	0	0	0	0	1	0	360100401	0	0	0	0	0	0	0	0
3601001	1	1	65534	0	2	6	0	0	0	0	0	1	0	360100101	0	0	0	0	0	0	0	0
3601002	1	1	65534	0	2	6	0	0	0	0	0	1	0	360100102	0	0	0	0	0	0	0	0
3601003	1	1	65534	0	2	6	0	0	0	0	0	1	0	360100103	0	0	0	0	0	0	0	0
3601003	2	1	65534	0	2	15	0	0	0	0	0	1	0	360100104	0	0	0	0	0	0	0	0
3601100	1	1	65534	0	2	8	0	0	0	0	0	1	0	360110001	0	0	0	0	0	0	0	0
3601100	2	1	65534	0	2	15	0	0	0	0	0	1	0	360110002	0	0	0	0	0	0	0	0
3601100	3	1	65534	0	2	20	0	0	0	0	0	1	0	360110003	0	0	0	0	0	0	0	0
4302011	1	1	65534	0	2	9	0	0	0	0	0	1	0	430200101	0	0	0	0	0	0	0	0
4302011	2	1	65534	0	2	15	0	0	0	0	0	1	0	430200102	0	0	0	0	0	0	0	0
4302011	3	1	65534	0	2	22	0	0	0	0	0	1	0	430200103	0	0	0	0	0	0	0	0
4302011	4	1	65534	0	2	30	0	0	0	0	0	1	0	430200104	0	0	0	0	0	0	0	0
4302012	1	1	65534	0	2	9	0	0	0	0	0	1	0	430200105	0	0	0	0	0	0	0	0
4302012	2	1	65534	0	2	15	0	0	0	0	0	1	0	430200106	0	0	0	0	0	0	0	0
4302012	3	1	65534	0	2	22	0	0	0	0	0	1	0	430200107	0	0	0	0	0	0	0	0
4302012	4	1	65534	0	2	30	0	0	0	0	0	1	0	430200108	0	0	0	0	0	0	0	0
4302013	1	1	65534	0	2	9	0	0	0	0	0	1	0	430200105	0	0	0	0	0	0	0	0
4302013	2	1	65534	0	2	15	0	0	0	0	0	1	0	430200106	0	0	0	0	0	0	0	0
4302013	3	1	65534	0	2	22	0	0	0	0	0	1	0	430200107	0	0	0	0	0	0	0	0
4302013	4	1	65534	0	2	30	0	0	0	0	0	1	0	430200108	0	0	0	0	0	0	0	0
4302013	5	1	65534	0	2	25	0	0	0	0	0	1	0	430200109	0	0	0	0	0	0	0	0
4302021	1	1	65534	0	2	15	0	0	0	0	0	1	0	430200201	0	0	0	0	0	0	0	0
4302021	2	1	65534	0	2	9	0	0	0	0	0	1	0	430200202	0	0	0	0	0	0	0	0
4302021	3	1	65534	0	2	16	0	0	0	0	0	1	0	430200203	0	0	0	0	0	0	0	0
4302021	4	1	65534	0	2	30	0	0	0	0	0	1	0	430200204	0	0	0	0	0	0	0	0
4302022	1	1	65534	0	2	15	0	0	0	0	0	1	0	430200205	0	0	0	0	0	0	0	0
4302022	2	1	65534	0	2	9	0	0	0	0	0	1	0	430200206	0	0	0	0	0	0	0	0
4302022	3	1	65534	0	2	16	0	0	0	0	0	1	0	430200207	0	0	0	0	0	0	0	0
4302022	4	1	65534	0	2	30	0	0	0	0	0	1	0	430200208	0	0	0	0	0	0	0	0
4302023	1	1	65534	0	2	15	0	0	0	0	0	1	0	430200205	0	0	0	0	0	0	0	0
4302023	2	1	65534	0	2	9	0	0	0	0	0	1	0	430200206	0	0	0	0	0	0	0	0
4302023	3	1	65534	0	2	16	0	0	0	0	0	1	0	430200207	0	0	0	0	0	0	0	0
4302023	4	1	65534	0	2	30	0	0	0	0	0	1	0	430200208	0	0	0	0	0	0	0	0
4302023	5	1	65534	0	2	45	0	0	0	0	0	1	0	430200209	0	0	0	0	0	0	0	0
4302031	1	1	65534	0	2	8	0	0	0	0	0	1	0	430200301	0	0	0	0	0	0	0	0
4302031	2	1	65534	0	2	15	0	0	0	0	0	1	0	430200302	0	0	0	0	0	0	0	0
4302031	3	1	65534	0	2	22	0	0	0	0	0	1	0	430200303	0	0	0	0	0	0	0	0
4302031	4	1	65534	0	2	30	0	0	0	0	0	1	0	430200304	0	0	0	0	0	0	0	0
4302032	1	1	65534	0	2	8	0	0	0	0	0	1	0	430200305	0	0	0	0	0	0	0	0
4302032	2	1	65534	0	2	15	0	0	0	0	0	1	0	430200306	0	0	0	0	0	0	0	0
4302032	3	1	65534	0	2	22	0	0	0	0	0	1	0	430200307	0	0	0	0	0	0	0	0
4302032	4	1	65534	0	2	30	0	0	0	0	0	1	0	430200308	0	0	0	0	0	0	0	0
4302033	1	1	65534	0	2	8	0	0	0	0	0	1	0	430200305	0	0	0	0	0	0	0	0
4302033	2	1	65534	0	2	15	0	0	0	0	0	1	0	430200306	0	0	0	0	0	0	0	0
4302033	3	1	65534	0	2	22	0	0	0	0	0	1	0	430200307	0	0	0	0	0	0	0	0
4302033	4	1	65534	0	2	30	0	0	0	0	0	1	0	430200308	0	0	0	0	0	0	0	0
4302033	5	1	65534	0	2	40	0	0	0	0	0	1	0	430200309	0	0	0	0	0	0	0	0
4302041	1	1	65534	0	2	16	0	0	0	0	0	1	0	430200401	0	0	0	0	0	0	0	0
4302041	2	1	65534	0	2	23	0	0	0	0	0	1	0	430200402	0	0	0	0	0	0	0	0
4302041	3	1	65534	0	2	9	0	0	0	0	0	1	0	430200403	0	0	0	0	0	0	0	0
4302041	4	1	65534	0	2	30	0	0	0	0	0	1	0	430200404	0	0	0	0	0	0	0	0
4302042	1	1	65534	0	2	16	0	0	0	0	0	1	0	430200405	0	0	0	0	0	0	0	0
4302042	2	1	65534	0	2	23	0	0	0	0	0	1	0	430200406	0	0	0	0	0	0	0	0
4302042	3	1	65534	0	2	9	0	0	0	0	0	1	0	430200407	0	0	0	0	0	0	0	0
4302042	4	1	65534	0	2	30	0	0	0	0	0	1	0	430200408	0	0	0	0	0	0	0	0
4302043	1	1	65534	0	2	16	0	0	0	0	0	1	0	430200405	0	0	0	0	0	0	0	0
4302043	2	1	65534	0	2	23	0	0	0	0	0	1	0	430200406	0	0	0	0	0	0	0	0
4302043	3	1	65534	0	2	9	0	0	0	0	0	1	0	430200407	0	0	0	0	0	0	0	0
4302043	4	1	65534	0	2	30	0	0	0	0	0	1	0	430200408	0	0	0	0	0	0	0	0
4302043	5	1	65534	0	2	40	0	0	0	0	0	1	0	430200409	0	0	0	0	0	0	0	0
7101248	1	1	65534	0	2	25	0	0	0	0	0	1	0	710124801	0	0	0	0	0	0	0	0
7101249	1	1	65534	0	2	25	0	0	0	0	0	1	0	710124901	0	0	0	0	0	0	0	0
7101250	1	1	65534	0	2	25	0	0	0	0	0	1	0	710125001	0	0	0	0	0	0	0	0
7101254	1	1	65534	0	2	25	0	0	0	0	0	1	0	710125401	0	0	0	0	0	0	0	0
7101255	1	1	65534	0	2	25	0	0	0	0	0	1	0	710125501	0	0	0	0	0	0	0	0
7101256	1	1	65534	0	2	25	0	0	0	0	0	1	0	710125601	0	0	0	0	0	0	0	0
7101257	1	1	65534	0	2	25	0	0	0	0	0	1	0	710125701	0	0	0	0	0	0	0	0
7101258	1	1	65534	0	2	25	0	0	0	0	0	1	0	710125801	0	0	0	0	0	0	0	0
7101259	1	1	65534	0	2	25	0	0	0	0	0	1	0	710125901	0	0	0	0	0	0	0	0
7101260	1	1	65534	0	2	25	0	0	0	0	0	1	0	710126001	0	0	0	0	0	0	0	0
7101261	1	1	65534	0	2	25	0	0	0	0	0	1	0	710126101	0	0	0	0	0	0	0	0
7101262	1	1	65534	0	2	25	0	0	0	0	0	1	0	710126201	0	0	0	0	0	0	0	0
