资质ID	有效标志位	满时不降几率（单条，2条时，为该几率的一半）	区间1下限	区间1上限	区间1几率	区间1付费几率	步数	区间2下限	区间2上限	区间2几率	区间2付费几率	步数	区间3下限	区间3上限	区间3几率	区间3付费几率	步数	区间4下限	区间4上限	区间4几率	区间4付费几率	步数	区间5下限	区间5上限	区间5几率	区间5付费几率	步数	区间6下限	区间6上限	区间6几率	区间6付费几率	步数	区间7下限	区间7上限	区间7几率	区间7付费几率	步数	区间8下限	区间8上限	区间8几率	区间8付费几率	步数	区间9下限	区间9上限	区间9几率	区间9付费几率	步数	区间10下限	区间10上限	区间10几率	区间10付费几率	步数
[S][C]id	0	[S]	[S][C]minValue_1	[S]	[S]	[S]	[S]	[S]	[S]	[S]	[S]	[S]	[S]	[S]	[S]	[S]	[S]	[S]	[S]	[S]	[S]	[S]	[S]	[S]	[S]	[S]	[S]	[S]	[S]	[S]	[S]	[S]	[S]	[S]	[S]	[S]	[S]	[S]	[S]	[S]	[S]	[S]	[S]	[S]	[S]	[S]	[S]	[S]	[S][C]maxValue_10	[S]	[S]	[S]
100011	1	10000	561	561	0	0	1	561	561	0	0	1	561	561	0	0	1	561	561	0	0	3	561	561	10000	10000	4	561	561	0	0	6	561	561	0	0	6	561	561	0	0	8	561	561	0	0	8	561	561	0	0	10
100012	1	10000	648	648	0	0	1	648	648	0	0	1	648	648	0	0	1	648	648	0	0	3	648	648	10000	10000	4	648	648	0	0	6	648	648	0	0	6	648	648	0	0	8	648	648	0	0	8	648	648	0	0	10
100013	1	10000	660	660	0	0	1	660	660	0	0	1	660	660	0	0	1	660	660	0	0	3	660	660	10000	10000	4	660	660	0	0	6	660	660	0	0	6	660	660	0	0	8	660	660	0	0	8	660	660	0	0	10
100021	1	10000	660	660	0	0	1	660	660	0	0	1	660	660	0	0	1	660	660	0	0	3	660	660	10000	10000	4	660	660	0	0	6	660	660	0	0	6	660	660	0	0	8	660	660	0	0	8	660	660	0	0	10
100022	1	10000	540	540	0	0	1	540	540	0	0	1	540	540	0	0	1	540	540	0	0	3	540	540	10000	10000	4	540	540	0	0	6	540	540	0	0	6	540	540	0	0	8	540	540	0	0	8	540	540	0	0	10
100023	1	10000	600	600	0	0	1	600	600	0	0	1	600	600	0	0	1	600	600	0	0	3	600	600	10000	10000	4	600	600	0	0	6	600	600	0	0	6	600	600	0	0	8	600	600	0	0	8	600	600	0	0	10
100031	1	10000	561	561	0	0	1	561	561	0	0	1	561	561	0	0	1	561	561	0	0	3	561	561	10000	10000	4	561	561	0	0	6	561	561	0	0	6	561	561	0	0	8	561	561	0	0	8	561	561	0	0	10
100032	1	10000	648	648	0	0	1	648	648	0	0	1	648	648	0	0	1	648	648	0	0	3	648	648	10000	10000	4	648	648	0	0	6	648	648	0	0	6	648	648	0	0	8	648	648	0	0	8	648	648	0	0	10
100033	1	10000	660	660	0	0	1	660	660	0	0	1	660	660	0	0	1	660	660	0	0	3	660	660	10000	10000	4	660	660	0	0	6	660	660	0	0	6	660	660	0	0	8	660	660	0	0	8	660	660	0	0	10
100041	1	10000	550	550	0	0	1	550	550	0	0	1	550	550	0	0	1	550	550	0	0	3	550	550	10000	10000	4	550	550	0	0	6	550	550	0	0	6	550	550	0	0	8	550	550	0	0	8	550	550	0	0	10
100042	1	10000	673	673	0	0	1	673	673	0	0	1	673	673	0	0	1	673	673	0	0	3	673	673	10000	10000	4	673	673	0	0	6	673	673	0	0	6	673	673	0	0	8	673	673	0	0	8	673	673	0	0	10
100043	1	10000	550	550	0	0	1	550	550	0	0	1	550	550	0	0	1	550	550	0	0	3	550	550	10000	10000	4	550	550	0	0	6	550	550	0	0	6	550	550	0	0	8	550	550	0	0	8	550	550	0	0	10
200011	1	10000	916	916	0	0	1	916	916	0	0	1	916	916	0	0	1	916	916	0	0	3	916	916	10000	10000	4	916	916	0	0	6	916	916	0	0	6	916	916	0	0	8	916	916	0	0	8	916	916	0	0	10
200012	1	10000	841	841	0	0	1	841	841	0	0	1	841	841	0	0	1	841	841	0	0	3	841	841	10000	10000	4	841	841	0	0	6	841	841	0	0	6	841	841	0	0	8	841	841	0	0	8	841	841	0	0	10
200013	1	10000	807	807	0	0	1	807	807	0	0	1	807	807	0	0	1	807	807	0	0	3	807	807	10000	10000	4	807	807	0	0	6	807	807	0	0	6	807	807	0	0	8	807	807	0	0	8	807	807	0	0	10
200021	1	10000	935	935	0	0	1	935	935	0	0	1	935	935	0	0	1	935	935	0	0	3	935	935	10000	10000	4	935	935	0	0	6	935	935	0	0	6	935	935	0	0	8	935	935	0	0	8	935	935	0	0	10
200022	1	10000	765	765	0	0	1	765	765	0	0	1	765	765	0	0	1	765	765	0	0	3	765	765	10000	10000	4	765	765	0	0	6	765	765	0	0	6	765	765	0	0	8	765	765	0	0	8	765	765	0	0	10
200023	1	10000	850	850	0	0	1	850	850	0	0	1	850	850	0	0	1	850	850	0	0	3	850	850	10000	10000	4	850	850	0	0	6	850	850	0	0	6	850	850	0	0	8	850	850	0	0	8	850	850	0	0	10
200031	1	10000	765	765	0	0	1	765	765	0	0	1	765	765	0	0	1	765	765	0	0	3	765	765	10000	10000	4	765	765	0	0	6	765	765	0	0	6	765	765	0	0	8	765	765	0	0	8	765	765	0	0	10
200032	1	10000	935	935	0	0	1	935	935	0	0	1	935	935	0	0	1	935	935	0	0	3	935	935	10000	10000	4	935	935	0	0	6	935	935	0	0	6	935	935	0	0	8	935	935	0	0	8	935	935	0	0	10
200033	1	10000	765	765	0	0	1	765	765	0	0	1	765	765	0	0	1	765	765	0	0	3	765	765	10000	10000	4	765	765	0	0	6	765	765	0	0	6	765	765	0	0	8	765	765	0	0	8	765	765	0	0	10
200041	1	10000	841	841	0	0	1	841	841	0	0	1	841	841	0	0	1	841	841	0	0	3	841	841	10000	10000	4	841	841	0	0	6	841	841	0	0	6	841	841	0	0	8	841	841	0	0	8	841	841	0	0	10
200042	1	10000	935	935	0	0	1	935	935	0	0	1	935	935	0	0	1	935	935	0	0	3	935	935	10000	10000	4	935	935	0	0	6	935	935	0	0	6	935	935	0	0	8	935	935	0	0	8	935	935	0	0	10
200043	1	10000	688	688	0	0	1	688	688	0	0	1	688	688	0	0	1	688	688	0	0	3	688	688	10000	10000	4	688	688	0	0	6	688	688	0	0	6	688	688	0	0	8	688	688	0	0	8	688	688	0	0	10
200051	1	10000	850	850	0	0	1	850	850	0	0	1	850	850	0	0	1	850	850	0	0	3	850	850	10000	10000	4	850	850	0	0	6	850	850	0	0	6	850	850	0	0	8	850	850	0	0	8	850	850	0	0	10
200052	1	10000	850	850	0	0	1	850	850	0	0	1	850	850	0	0	1	850	850	0	0	3	850	850	10000	10000	4	850	850	0	0	6	850	850	0	0	6	850	850	0	0	8	850	850	0	0	8	850	850	0	0	10
200053	1	10000	935	935	0	0	1	935	935	0	0	1	935	935	0	0	1	935	935	0	0	3	935	935	10000	10000	4	935	935	0	0	6	935	935	0	0	6	935	935	0	0	8	935	935	0	0	8	935	935	0	0	10
300011	1	10000	1100	1100	0	0	1	1100	1100	0	0	1	1100	1100	0	0	1	1100	1100	0	0	3	1100	1100	10000	10000	4	1100	1100	0	0	6	1100	1100	0	0	6	1100	1100	0	0	8	1100	1100	0	0	8	1100	1100	0	0	10
300012	1	10000	900	900	0	0	1	900	900	0	0	1	900	900	0	0	1	900	900	0	0	3	900	900	10000	10000	4	900	900	0	0	6	900	900	0	0	6	900	900	0	0	8	900	900	0	0	8	900	900	0	0	10
300013	1	10000	1000	1000	0	0	1	1000	1000	0	0	1	1000	1000	0	0	1	1000	1000	0	0	3	1000	1000	10000	10000	4	1000	1000	0	0	6	1000	1000	0	0	6	1000	1000	0	0	8	1000	1000	0	0	8	1000	1000	0	0	10
300021	1	10000	1155	1155	0	0	1	1155	1155	0	0	1	1155	1155	0	0	1	1155	1155	0	0	3	1155	1155	10000	10000	4	1155	1155	0	0	6	1155	1155	0	0	6	1155	1155	0	0	8	1155	1155	0	0	8	1155	1155	0	0	10
300022	1	10000	882	882	0	0	1	882	882	0	0	1	882	882	0	0	1	882	882	0	0	3	882	882	10000	10000	4	882	882	0	0	6	882	882	0	0	6	882	882	0	0	8	882	882	0	0	8	882	882	0	0	10
300023	1	10000	980	980	0	0	1	980	980	0	0	1	980	980	0	0	1	980	980	0	0	3	980	980	10000	10000	4	980	980	0	0	6	980	980	0	0	6	980	980	0	0	8	980	980	0	0	8	980	980	0	0	10
300031	1	10000	1133	1133	0	0	1	1133	1133	0	0	1	1133	1133	0	0	1	1133	1133	0	0	3	1133	1133	10000	10000	4	1133	1133	0	0	6	1133	1133	0	0	6	1133	1133	0	0	8	1133	1133	0	0	8	1133	1133	0	0	10
300032	1	10000	945	945	0	0	1	945	945	0	0	1	945	945	0	0	1	945	945	0	0	3	945	945	10000	10000	4	945	945	0	0	6	945	945	0	0	6	945	945	0	0	8	945	945	0	0	8	945	945	0	0	10
300033	1	10000	900	900	0	0	1	900	900	0	0	1	900	900	0	0	1	900	900	0	0	3	900	900	10000	10000	4	900	900	0	0	6	900	900	0	0	6	900	900	0	0	8	900	900	0	0	8	900	900	0	0	10
300041	1	10000	846	846	0	0	1	846	846	0	0	1	846	846	0	0	1	846	846	0	0	3	846	846	10000	10000	4	846	846	0	0	6	846	846	0	0	6	846	846	0	0	8	846	846	0	0	8	846	846	0	0	10
300042	1	10000	1155	1155	0	0	1	1155	1155	0	0	1	1155	1155	0	0	1	1155	1155	0	0	3	1155	1155	10000	10000	4	1155	1155	0	0	6	1155	1155	0	0	6	1155	1155	0	0	8	1155	1155	0	0	8	1155	1155	0	0	10
300043	1	10000	945	945	0	0	1	945	945	0	0	1	945	945	0	0	1	945	945	0	0	3	945	945	10000	10000	4	945	945	0	0	6	945	945	0	0	6	945	945	0	0	8	945	945	0	0	8	945	945	0	0	10
300051	1	10000	945	945	0	0	1	945	945	0	0	1	945	945	0	0	1	945	945	0	0	3	945	945	10000	10000	4	945	945	0	0	6	945	945	0	0	6	945	945	0	0	8	945	945	0	0	8	945	945	0	0	10
300052	1	10000	1100	1100	0	0	1	1100	1100	0	0	1	1100	1100	0	0	1	1100	1100	0	0	3	1100	1100	10000	10000	4	1100	1100	0	0	6	1100	1100	0	0	6	1100	1100	0	0	8	1100	1100	0	0	8	1100	1100	0	0	10
300053	1	10000	855	855	0	0	1	855	855	0	0	1	855	855	0	0	1	855	855	0	0	3	855	855	10000	10000	4	855	855	0	0	6	855	855	0	0	6	855	855	0	0	8	855	855	0	0	8	855	855	0	0	10
300061	1	10000	900	900	0	0	1	900	900	0	0	1	900	900	0	0	1	900	900	0	0	3	900	900	10000	10000	4	900	900	0	0	6	900	900	0	0	6	900	900	0	0	8	900	900	0	0	8	900	900	0	0	10
300062	1	10000	1155	1155	0	0	1	1155	1155	0	0	1	1155	1155	0	0	1	1155	1155	0	0	3	1155	1155	10000	10000	4	1155	1155	0	0	6	1155	1155	0	0	6	1155	1155	0	0	8	1155	1155	0	0	8	1155	1155	0	0	10
300063	1	10000	855	855	0	0	1	855	855	0	0	1	855	855	0	0	1	855	855	0	0	3	855	855	10000	10000	4	855	855	0	0	6	855	855	0	0	6	855	855	0	0	8	855	855	0	0	8	855	855	0	0	10
300071	1	10000	1100	1100	0	0	1	1100	1100	0	0	1	1100	1100	0	0	1	1100	1100	0	0	3	1100	1100	10000	10000	4	1100	1100	0	0	6	1100	1100	0	0	6	1100	1100	0	0	8	1100	1100	0	0	8	1100	1100	0	0	10
300072	1	10000	1000	1000	0	0	1	1000	1000	0	0	1	1000	1000	0	0	1	1000	1000	0	0	3	1000	1000	10000	10000	4	1000	1000	0	0	6	1000	1000	0	0	6	1000	1000	0	0	8	1000	1000	0	0	8	1000	1000	0	0	10
300073	1	10000	990	990	0	0	1	990	990	0	0	1	990	990	0	0	1	990	990	0	0	3	990	990	10000	10000	4	990	990	0	0	6	990	990	0	0	6	990	990	0	0	8	990	990	0	0	8	990	990	0	0	10
300081	1	10000	950	950	0	0	1	950	950	0	0	1	950	950	0	0	1	950	950	0	0	3	950	950	10000	10000	4	950	950	0	0	6	950	950	0	0	6	950	950	0	0	8	950	950	0	0	8	950	950	0	0	10
300082	1	10000	1000	1000	0	0	1	1000	1000	0	0	1	1000	1000	0	0	1	1000	1000	0	0	3	1000	1000	10000	10000	4	1000	1000	0	0	6	1000	1000	0	0	6	1000	1000	0	0	8	1000	1000	0	0	8	1000	1000	0	0	10
300083	1	10000	1155	1155	0	0	1	1155	1155	0	0	1	1155	1155	0	0	1	1155	1155	0	0	3	1155	1155	10000	10000	4	1155	1155	0	0	6	1155	1155	0	0	6	1155	1155	0	0	8	1155	1155	0	0	8	1155	1155	0	0	10
300091	1	10000	1100	1100	0	0	1	1100	1100	0	0	1	1100	1100	0	0	1	1100	1100	0	0	3	1100	1100	10000	10000	4	1100	1100	0	0	6	1100	1100	0	0	6	1100	1100	0	0	8	1100	1100	0	0	8	1100	1100	0	0	10
300092	1	10000	900	900	0	0	1	900	900	0	0	1	900	900	0	0	1	900	900	0	0	3	900	900	10000	10000	4	900	900	0	0	6	900	900	0	0	6	900	900	0	0	8	900	900	0	0	8	900	900	0	0	10
300093	1	10000	1100	1100	0	0	1	1100	1100	0	0	1	1100	1100	0	0	1	1100	1100	0	0	3	1100	1100	10000	10000	4	1100	1100	0	0	6	1100	1100	0	0	6	1100	1100	0	0	8	1100	1100	0	0	8	1100	1100	0	0	10
300101	1	10000	950	950	0	0	1	950	950	0	0	1	950	950	0	0	1	950	950	0	0	3	950	950	10000	10000	4	950	950	0	0	6	950	950	0	0	6	950	950	0	0	8	950	950	0	0	8	950	950	0	0	10
300102	1	10000	950	950	0	0	1	950	950	0	0	1	950	950	0	0	1	950	950	0	0	3	950	950	10000	10000	4	950	950	0	0	6	950	950	0	0	6	950	950	0	0	8	950	950	0	0	8	950	950	0	0	10
300103	1	10000	1045	1045	0	0	1	1045	1045	0	0	1	1045	1045	0	0	1	1045	1045	0	0	3	1045	1045	10000	10000	4	1045	1045	0	0	6	1045	1045	0	0	6	1045	1045	0	0	8	1045	1045	0	0	8	1045	1045	0	0	10
300111	1	10000	950	950	0	0	1	950	950	0	0	1	950	950	0	0	1	950	950	0	0	3	950	950	10000	10000	4	950	950	0	0	6	950	950	0	0	6	950	950	0	0	8	950	950	0	0	8	950	950	0	0	10
300112	1	10000	950	950	0	0	1	950	950	0	0	1	950	950	0	0	1	950	950	0	0	3	950	950	10000	10000	4	950	950	0	0	6	950	950	0	0	6	950	950	0	0	8	950	950	0	0	8	950	950	0	0	10
300113	1	10000	1045	1045	0	0	1	1045	1045	0	0	1	1045	1045	0	0	1	1045	1045	0	0	3	1045	1045	10000	10000	4	1045	1045	0	0	6	1045	1045	0	0	6	1045	1045	0	0	8	1045	1045	0	0	8	1045	1045	0	0	10
400011	1	10000	1518	1518	0	0	1	1518	1518	0	0	1	1518	1518	0	0	1	1518	1518	0	0	3	1518	1518	10000	10000	4	1518	1518	0	0	6	1518	1518	0	0	6	1518	1518	0	0	8	1518	1518	0	0	8	1518	1518	0	0	10
400012	1	10000	1242	1242	0	0	1	1242	1242	0	0	1	1242	1242	0	0	1	1242	1242	0	0	3	1242	1242	10000	10000	4	1242	1242	0	0	6	1242	1242	0	0	6	1242	1242	0	0	8	1242	1242	0	0	8	1242	1242	0	0	10
400013	1	10000	1380	1380	0	0	1	1380	1380	0	0	1	1380	1380	0	0	1	1380	1380	0	0	3	1380	1380	10000	10000	4	1380	1380	0	0	6	1380	1380	0	0	6	1380	1380	0	0	8	1380	1380	0	0	8	1380	1380	0	0	10
400021	1	10000	1386	1386	0	0	1	1386	1386	0	0	1	1386	1386	0	0	1	1386	1386	0	0	3	1386	1386	10000	10000	4	1386	1386	0	0	6	1386	1386	0	0	6	1386	1386	0	0	8	1386	1386	0	0	8	1386	1386	0	0	10
400022	1	10000	1058	1058	0	0	1	1058	1058	0	0	1	1058	1058	0	0	1	1058	1058	0	0	3	1058	1058	10000	10000	4	1058	1058	0	0	6	1058	1058	0	0	6	1058	1058	0	0	8	1058	1058	0	0	8	1058	1058	0	0	10
400023	1	10000	1176	1176	0	0	1	1176	1176	0	0	1	1176	1176	0	0	1	1176	1176	0	0	3	1176	1176	10000	10000	4	1176	1176	0	0	6	1176	1176	0	0	6	1176	1176	0	0	8	1176	1176	0	0	8	1176	1176	0	0	10
400031	1	10000	1366	1366	0	0	1	1366	1366	0	0	1	1366	1366	0	0	1	1366	1366	0	0	3	1366	1366	10000	10000	4	1366	1366	0	0	6	1366	1366	0	0	6	1366	1366	0	0	8	1366	1366	0	0	8	1366	1366	0	0	10
400032	1	10000	1352	1352	0	0	1	1352	1352	0	0	1	1352	1352	0	0	1	1352	1352	0	0	3	1352	1352	10000	10000	4	1352	1352	0	0	6	1352	1352	0	0	6	1352	1352	0	0	8	1352	1352	0	0	8	1352	1352	0	0	10
400033	1	10000	1593	1593	0	0	1	1593	1593	0	0	1	1593	1593	0	0	1	1593	1593	0	0	3	1593	1593	10000	10000	4	1593	1593	0	0	6	1593	1593	0	0	6	1593	1593	0	0	8	1593	1593	0	0	8	1593	1593	0	0	10
400041	1	10000	1167	1167	0	0	1	1167	1167	0	0	1	1167	1167	0	0	1	1167	1167	0	0	3	1167	1167	10000	10000	4	1167	1167	0	0	6	1167	1167	0	0	6	1167	1167	0	0	8	1167	1167	0	0	8	1167	1167	0	0	10
400042	1	10000	1593	1593	0	0	1	1593	1593	0	0	1	1593	1593	0	0	1	1593	1593	0	0	3	1593	1593	10000	10000	4	1593	1593	0	0	6	1593	1593	0	0	6	1593	1593	0	0	8	1593	1593	0	0	8	1593	1593	0	0	10
400043	1	10000	1304	1304	0	0	1	1304	1304	0	0	1	1304	1304	0	0	1	1304	1304	0	0	3	1304	1304	10000	10000	4	1304	1304	0	0	6	1304	1304	0	0	6	1304	1304	0	0	8	1304	1304	0	0	8	1304	1304	0	0	10
400051	1	10000	972	972	0	0	1	972	972	0	0	1	972	972	0	0	1	972	972	0	0	3	972	972	10000	10000	4	972	972	0	0	6	972	972	0	0	6	972	972	0	0	8	972	972	0	0	8	972	972	0	0	10
400052	1	10000	1386	1386	0	0	1	1386	1386	0	0	1	1386	1386	0	0	1	1386	1386	0	0	3	1386	1386	10000	10000	4	1386	1386	0	0	6	1386	1386	0	0	6	1386	1386	0	0	8	1386	1386	0	0	8	1386	1386	0	0	10
400053	1	10000	1112	1112	0	0	1	1112	1112	0	0	1	1112	1112	0	0	1	1112	1112	0	0	3	1112	1112	10000	10000	4	1112	1112	0	0	6	1112	1112	0	0	6	1112	1112	0	0	8	1112	1112	0	0	8	1112	1112	0	0	10
400061	1	10000	1080	1080	0	0	1	1080	1080	0	0	1	1080	1080	0	0	1	1080	1080	0	0	3	1080	1080	10000	10000	4	1080	1080	0	0	6	1080	1080	0	0	6	1080	1080	0	0	8	1080	1080	0	0	8	1080	1080	0	0	10
400062	1	10000	1372	1372	0	0	1	1372	1372	0	0	1	1372	1372	0	0	1	1372	1372	0	0	3	1372	1372	10000	10000	4	1372	1372	0	0	6	1372	1372	0	0	6	1372	1372	0	0	8	1372	1372	0	0	8	1372	1372	0	0	10
400063	1	10000	1026	1026	0	0	1	1026	1026	0	0	1	1026	1026	0	0	1	1026	1026	0	0	3	1026	1026	10000	10000	4	1026	1026	0	0	6	1026	1026	0	0	6	1026	1026	0	0	8	1026	1026	0	0	8	1026	1026	0	0	10
400071	1	10000	1080	1080	0	0	1	1080	1080	0	0	1	1080	1080	0	0	1	1080	1080	0	0	3	1080	1080	10000	10000	4	1080	1080	0	0	6	1080	1080	0	0	6	1080	1080	0	0	8	1080	1080	0	0	8	1080	1080	0	0	10
400072	1	10000	1320	1320	0	0	1	1320	1320	0	0	1	1320	1320	0	0	1	1320	1320	0	0	3	1320	1320	10000	10000	4	1320	1320	0	0	6	1320	1320	0	0	6	1320	1320	0	0	8	1320	1320	0	0	8	1320	1320	0	0	10
400073	1	10000	1080	1080	0	0	1	1080	1080	0	0	1	1080	1080	0	0	1	1080	1080	0	0	3	1080	1080	10000	10000	4	1080	1080	0	0	6	1080	1080	0	0	6	1080	1080	0	0	8	1080	1080	0	0	8	1080	1080	0	0	10
400081	1	10000	1140	1140	0	0	1	1140	1140	0	0	1	1140	1140	0	0	1	1140	1140	0	0	3	1140	1140	10000	10000	4	1140	1140	0	0	6	1140	1140	0	0	6	1140	1140	0	0	8	1140	1140	0	0	8	1140	1140	0	0	10
400082	1	10000	1080	1080	0	0	1	1080	1080	0	0	1	1080	1080	0	0	1	1080	1080	0	0	3	1080	1080	10000	10000	4	1080	1080	0	0	6	1080	1080	0	0	6	1080	1080	0	0	8	1080	1080	0	0	8	1080	1080	0	0	10
400083	1	10000	1452	1452	0	0	1	1452	1452	0	0	1	1452	1452	0	0	1	1452	1452	0	0	3	1452	1452	10000	10000	4	1452	1452	0	0	6	1452	1452	0	0	6	1452	1452	0	0	8	1452	1452	0	0	8	1452	1452	0	0	10
400091	1	10000	1311	1311	0	0	1	1311	1311	0	0	1	1311	1311	0	0	1	1311	1311	0	0	3	1311	1311	10000	10000	4	1311	1311	0	0	6	1311	1311	0	0	6	1311	1311	0	0	8	1311	1311	0	0	8	1311	1311	0	0	10
400092	1	10000	1380	1380	0	0	1	1380	1380	0	0	1	1380	1380	0	0	1	1380	1380	0	0	3	1380	1380	10000	10000	4	1380	1380	0	0	6	1380	1380	0	0	6	1380	1380	0	0	8	1380	1380	0	0	8	1380	1380	0	0	10
400093	1	10000	1593	1593	0	0	1	1593	1593	0	0	1	1593	1593	0	0	1	1593	1593	0	0	3	1593	1593	10000	10000	4	1593	1593	0	0	6	1593	1593	0	0	6	1593	1593	0	0	8	1593	1593	0	0	8	1593	1593	0	0	10
400101	1	10000	1452	1452	0	0	1	1452	1452	0	0	1	1452	1452	0	0	1	1452	1452	0	0	3	1452	1452	10000	10000	4	1452	1452	0	0	6	1452	1452	0	0	6	1452	1452	0	0	8	1452	1452	0	0	8	1452	1452	0	0	10
400102	1	10000	972	972	0	0	1	972	972	0	0	1	972	972	0	0	1	972	972	0	0	3	972	972	10000	10000	4	972	972	0	0	6	972	972	0	0	6	972	972	0	0	8	972	972	0	0	8	972	972	0	0	10
400103	1	10000	1200	1200	0	0	1	1200	1200	0	0	1	1200	1200	0	0	1	1200	1200	0	0	3	1200	1200	10000	10000	4	1200	1200	0	0	6	1200	1200	0	0	6	1200	1200	0	0	8	1200	1200	0	0	8	1200	1200	0	0	10
401011	1	10000	1441	1441	0	0	1	1441	1441	0	0	1	1441	1441	0	0	1	1441	1441	0	0	3	1441	1441	10000	10000	4	1441	1441	0	0	6	1441	1441	0	0	6	1441	1441	0	0	8	1441	1441	0	0	8	1441	1441	0	0	10
401012	1	10000	1100	1100	0	0	1	1100	1100	0	0	1	1100	1100	0	0	1	1100	1100	0	0	3	1100	1100	10000	10000	4	1100	1100	0	0	6	1100	1100	0	0	6	1100	1100	0	0	8	1100	1100	0	0	8	1100	1100	0	0	10
401013	1	10000	1223	1223	0	0	1	1223	1223	0	0	1	1223	1223	0	0	1	1223	1223	0	0	3	1223	1223	10000	10000	4	1223	1223	0	0	6	1223	1223	0	0	6	1223	1223	0	0	8	1223	1223	0	0	8	1223	1223	0	0	10
401021	1	10000	1517	1517	0	0	1	1517	1517	0	0	1	1517	1517	0	0	1	1517	1517	0	0	3	1517	1517	10000	10000	4	1517	1517	0	0	6	1517	1517	0	0	6	1517	1517	0	0	8	1517	1517	0	0	8	1517	1517	0	0	10
401022	1	10000	1168	1168	0	0	1	1168	1168	0	0	1	1168	1168	0	0	1	1168	1168	0	0	3	1168	1168	10000	10000	4	1168	1168	0	0	6	1168	1168	0	0	6	1168	1168	0	0	8	1168	1168	0	0	8	1168	1168	0	0	10
401023	1	10000	1298	1298	0	0	1	1298	1298	0	0	1	1298	1298	0	0	1	1298	1298	0	0	3	1298	1298	10000	10000	4	1298	1298	0	0	6	1298	1298	0	0	6	1298	1298	0	0	8	1298	1298	0	0	8	1298	1298	0	0	10
401031	1	10000	1593	1593	0	0	1	1593	1593	0	0	1	1593	1593	0	0	1	1593	1593	0	0	3	1593	1593	10000	10000	4	1593	1593	0	0	6	1593	1593	0	0	6	1593	1593	0	0	8	1593	1593	0	0	8	1593	1593	0	0	10
401032	1	10000	1236	1236	0	0	1	1236	1236	0	0	1	1236	1236	0	0	1	1236	1236	0	0	3	1236	1236	10000	10000	4	1236	1236	0	0	6	1236	1236	0	0	6	1236	1236	0	0	8	1236	1236	0	0	8	1236	1236	0	0	10
401033	1	10000	1373	1373	0	0	1	1373	1373	0	0	1	1373	1373	0	0	1	1373	1373	0	0	3	1373	1373	10000	10000	4	1373	1373	0	0	6	1373	1373	0	0	6	1373	1373	0	0	8	1373	1373	0	0	8	1373	1373	0	0	10
401041	1	10000	1669	1669	0	0	1	1669	1669	0	0	1	1669	1669	0	0	1	1669	1669	0	0	3	1669	1669	10000	10000	4	1669	1669	0	0	6	1669	1669	0	0	6	1669	1669	0	0	8	1669	1669	0	0	8	1669	1669	0	0	10
401042	1	10000	1304	1304	0	0	1	1304	1304	0	0	1	1304	1304	0	0	1	1304	1304	0	0	3	1304	1304	10000	10000	4	1304	1304	0	0	6	1304	1304	0	0	6	1304	1304	0	0	8	1304	1304	0	0	8	1304	1304	0	0	10
401043	1	10000	1449	1449	0	0	1	1449	1449	0	0	1	1449	1449	0	0	1	1449	1449	0	0	3	1449	1449	10000	10000	4	1449	1449	0	0	6	1449	1449	0	0	6	1449	1449	0	0	8	1449	1449	0	0	8	1449	1449	0	0	10
402011	1	10000	1123	1123	0	0	1	1123	1123	0	0	1	1123	1123	0	0	1	1123	1123	0	0	3	1123	1123	10000	10000	4	1123	1123	0	0	6	1123	1123	0	0	6	1123	1123	0	0	8	1123	1123	0	0	8	1123	1123	0	0	10
402012	1	10000	1426	1426	0	0	1	1426	1426	0	0	1	1426	1426	0	0	1	1426	1426	0	0	3	1426	1426	10000	10000	4	1426	1426	0	0	6	1426	1426	0	0	6	1426	1426	0	0	8	1426	1426	0	0	8	1426	1426	0	0	10
402013	1	10000	1067	1067	0	0	1	1067	1067	0	0	1	1067	1067	0	0	1	1067	1067	0	0	3	1067	1067	10000	10000	4	1067	1067	0	0	6	1067	1067	0	0	6	1067	1067	0	0	8	1067	1067	0	0	8	1067	1067	0	0	10
402021	1	10000	1183	1183	0	0	1	1183	1183	0	0	1	1183	1183	0	0	1	1183	1183	0	0	3	1183	1183	10000	10000	4	1183	1183	0	0	6	1183	1183	0	0	6	1183	1183	0	0	8	1183	1183	0	0	8	1183	1183	0	0	10
402022	1	10000	1532	1532	0	0	1	1532	1532	0	0	1	1532	1532	0	0	1	1532	1532	0	0	3	1532	1532	10000	10000	4	1532	1532	0	0	6	1532	1532	0	0	6	1532	1532	0	0	8	1532	1532	0	0	8	1532	1532	0	0	10
402023	1	10000	1125	1125	0	0	1	1125	1125	0	0	1	1125	1125	0	0	1	1125	1125	0	0	3	1125	1125	10000	10000	4	1125	1125	0	0	6	1125	1125	0	0	6	1125	1125	0	0	8	1125	1125	0	0	8	1125	1125	0	0	10
402031	1	10000	1243	1243	0	0	1	1243	1243	0	0	1	1243	1243	0	0	1	1243	1243	0	0	3	1243	1243	10000	10000	4	1243	1243	0	0	6	1243	1243	0	0	6	1243	1243	0	0	8	1243	1243	0	0	8	1243	1243	0	0	10
402032	1	10000	1638	1638	0	0	1	1638	1638	0	0	1	1638	1638	0	0	1	1638	1638	0	0	3	1638	1638	10000	10000	4	1638	1638	0	0	6	1638	1638	0	0	6	1638	1638	0	0	8	1638	1638	0	0	8	1638	1638	0	0	10
402033	1	10000	1183	1183	0	0	1	1183	1183	0	0	1	1183	1183	0	0	1	1183	1183	0	0	3	1183	1183	10000	10000	4	1183	1183	0	0	6	1183	1183	0	0	6	1183	1183	0	0	8	1183	1183	0	0	8	1183	1183	0	0	10
402041	1	10000	1304	1304	0	0	1	1304	1304	0	0	1	1304	1304	0	0	1	1304	1304	0	0	3	1304	1304	10000	10000	4	1304	1304	0	0	6	1304	1304	0	0	6	1304	1304	0	0	8	1304	1304	0	0	8	1304	1304	0	0	10
402042	1	10000	1745	1745	0	0	1	1745	1745	0	0	1	1745	1745	0	0	1	1745	1745	0	0	3	1745	1745	10000	10000	4	1745	1745	0	0	6	1745	1745	0	0	6	1745	1745	0	0	8	1745	1745	0	0	8	1745	1745	0	0	10
402043	1	10000	1242	1242	0	0	1	1242	1242	0	0	1	1242	1242	0	0	1	1242	1242	0	0	3	1242	1242	10000	10000	4	1242	1242	0	0	6	1242	1242	0	0	6	1242	1242	0	0	8	1242	1242	0	0	8	1242	1242	0	0	10
403011	1	10000	1510	1510	0	0	1	1510	1510	0	0	1	1510	1510	0	0	1	1510	1510	0	0	3	1510	1510	10000	10000	4	1510	1510	0	0	6	1510	1510	0	0	6	1510	1510	0	0	8	1510	1510	0	0	8	1510	1510	0	0	10
403012	1	10000	1010	1010	0	0	1	1010	1010	0	0	1	1010	1010	0	0	1	1010	1010	0	0	3	1010	1010	10000	10000	4	1010	1010	0	0	6	1010	1010	0	0	6	1010	1010	0	0	8	1010	1010	0	0	8	1010	1010	0	0	10
403013	1	10000	1248	1248	0	0	1	1248	1248	0	0	1	1248	1248	0	0	1	1248	1248	0	0	3	1248	1248	10000	10000	4	1248	1248	0	0	6	1248	1248	0	0	6	1248	1248	0	0	8	1248	1248	0	0	8	1248	1248	0	0	10
403021	1	10000	1613	1613	0	0	1	1613	1613	0	0	1	1613	1613	0	0	1	1613	1613	0	0	3	1613	1613	10000	10000	4	1613	1613	0	0	6	1613	1613	0	0	6	1613	1613	0	0	8	1613	1613	0	0	8	1613	1613	0	0	10
403022	1	10000	1054	1054	0	0	1	1054	1054	0	0	1	1054	1054	0	0	1	1054	1054	0	0	3	1054	1054	10000	10000	4	1054	1054	0	0	6	1054	1054	0	0	6	1054	1054	0	0	8	1054	1054	0	0	8	1054	1054	0	0	10
403023	1	10000	1338	1338	0	0	1	1338	1338	0	0	1	1338	1338	0	0	1	1338	1338	0	0	3	1338	1338	10000	10000	4	1338	1338	0	0	6	1338	1338	0	0	6	1338	1338	0	0	8	1338	1338	0	0	8	1338	1338	0	0	10
403031	1	10000	1717	1717	0	0	1	1717	1717	0	0	1	1717	1717	0	0	1	1717	1717	0	0	3	1717	1717	10000	10000	4	1717	1717	0	0	6	1717	1717	0	0	6	1717	1717	0	0	8	1717	1717	0	0	8	1717	1717	0	0	10
403032	1	10000	1098	1098	0	0	1	1098	1098	0	0	1	1098	1098	0	0	1	1098	1098	0	0	3	1098	1098	10000	10000	4	1098	1098	0	0	6	1098	1098	0	0	6	1098	1098	0	0	8	1098	1098	0	0	8	1098	1098	0	0	10
403033	1	10000	1428	1428	0	0	1	1428	1428	0	0	1	1428	1428	0	0	1	1428	1428	0	0	3	1428	1428	10000	10000	4	1428	1428	0	0	6	1428	1428	0	0	6	1428	1428	0	0	8	1428	1428	0	0	8	1428	1428	0	0	10
403041	1	10000	1821	1821	0	0	1	1821	1821	0	0	1	1821	1821	0	0	1	1821	1821	0	0	3	1821	1821	10000	10000	4	1821	1821	0	0	6	1821	1821	0	0	6	1821	1821	0	0	8	1821	1821	0	0	8	1821	1821	0	0	10
403042	1	10000	1142	1142	0	0	1	1142	1142	0	0	1	1142	1142	0	0	1	1142	1142	0	0	3	1142	1142	10000	10000	4	1142	1142	0	0	6	1142	1142	0	0	6	1142	1142	0	0	8	1142	1142	0	0	8	1142	1142	0	0	10
403043	1	10000	1518	1518	0	0	1	1518	1518	0	0	1	1518	1518	0	0	1	1518	1518	0	0	3	1518	1518	10000	10000	4	1518	1518	0	0	6	1518	1518	0	0	6	1518	1518	0	0	8	1518	1518	0	0	8	1518	1518	0	0	10
400111	1	10000	1442	1442	0	0	1	1442	1442	0	0	1	1442	1442	0	0	1	1442	1442	0	0	3	1442	1442	10000	10000	4	1442	1442	0	0	6	1442	1442	0	0	6	1442	1442	0	0	8	1442	1442	0	0	8	1442	1442	0	0	10
400112	1	10000	1117	1117	0	0	1	1117	1117	0	0	1	1117	1117	0	0	1	1117	1117	0	0	3	1117	1117	10000	10000	4	1117	1117	0	0	6	1117	1117	0	0	6	1117	1117	0	0	8	1117	1117	0	0	8	1117	1117	0	0	10
400113	1	10000	1242	1242	0	0	1	1242	1242	0	0	1	1242	1242	0	0	1	1242	1242	0	0	3	1242	1242	10000	10000	4	1242	1242	0	0	6	1242	1242	0	0	6	1242	1242	0	0	8	1242	1242	0	0	8	1242	1242	0	0	10
400121	1	10000	1518	1518	0	0	1	1518	1518	0	0	1	1518	1518	0	0	1	1518	1518	0	0	3	1518	1518	10000	10000	4	1518	1518	0	0	6	1518	1518	0	0	6	1518	1518	0	0	8	1518	1518	0	0	8	1518	1518	0	0	10
400122	1	10000	1179	1179	0	0	1	1179	1179	0	0	1	1179	1179	0	0	1	1179	1179	0	0	3	1179	1179	10000	10000	4	1179	1179	0	0	6	1179	1179	0	0	6	1179	1179	0	0	8	1179	1179	0	0	8	1179	1179	0	0	10
400123	1	10000	1311	1311	0	0	1	1311	1311	0	0	1	1311	1311	0	0	1	1311	1311	0	0	3	1311	1311	10000	10000	4	1311	1311	0	0	6	1311	1311	0	0	6	1311	1311	0	0	8	1311	1311	0	0	8	1311	1311	0	0	10
400131	1	10000	1593	1593	0	0	1	1593	1593	0	0	1	1593	1593	0	0	1	1593	1593	0	0	3	1593	1593	10000	10000	4	1593	1593	0	0	6	1593	1593	0	0	6	1593	1593	0	0	8	1593	1593	0	0	8	1593	1593	0	0	10
400132	1	10000	1242	1242	0	0	1	1242	1242	0	0	1	1242	1242	0	0	1	1242	1242	0	0	3	1242	1242	10000	10000	4	1242	1242	0	0	6	1242	1242	0	0	6	1242	1242	0	0	8	1242	1242	0	0	8	1242	1242	0	0	10
400133	1	10000	1380	1380	0	0	1	1380	1380	0	0	1	1380	1380	0	0	1	1380	1380	0	0	3	1380	1380	10000	10000	4	1380	1380	0	0	6	1380	1380	0	0	6	1380	1380	0	0	8	1380	1380	0	0	8	1380	1380	0	0	10
400141	1	10000	1669	1669	0	0	1	1669	1669	0	0	1	1669	1669	0	0	1	1669	1669	0	0	3	1669	1669	10000	10000	4	1669	1669	0	0	6	1669	1669	0	0	6	1669	1669	0	0	8	1669	1669	0	0	8	1669	1669	0	0	10
400142	1	10000	1304	1304	0	0	1	1304	1304	0	0	1	1304	1304	0	0	1	1304	1304	0	0	3	1304	1304	10000	10000	4	1304	1304	0	0	6	1304	1304	0	0	6	1304	1304	0	0	8	1304	1304	0	0	8	1304	1304	0	0	10
400143	1	10000	1449	1449	0	0	1	1449	1449	0	0	1	1449	1449	0	0	1	1449	1449	0	0	3	1449	1449	10000	10000	4	1449	1449	0	0	6	1449	1449	0	0	6	1449	1449	0	0	8	1449	1449	0	0	8	1449	1449	0	0	10
400151	1	10000	1745	1745	0	0	1	1745	1745	0	0	1	1745	1745	0	0	1	1745	1745	0	0	3	1745	1745	10000	10000	4	1745	1745	0	0	6	1745	1745	0	0	6	1745	1745	0	0	8	1745	1745	0	0	8	1745	1745	0	0	10
400152	1	10000	1366	1366	0	0	1	1366	1366	0	0	1	1366	1366	0	0	1	1366	1366	0	0	3	1366	1366	10000	10000	4	1366	1366	0	0	6	1366	1366	0	0	6	1366	1366	0	0	8	1366	1366	0	0	8	1366	1366	0	0	10
400153	1	10000	1518	1518	0	0	1	1518	1518	0	0	1	1518	1518	0	0	1	1518	1518	0	0	3	1518	1518	10000	10000	4	1518	1518	0	0	6	1518	1518	0	0	6	1518	1518	0	0	8	1518	1518	0	0	8	1518	1518	0	0	10
400211	1	10000	1117	1117	0	0	1	1117	1117	0	0	1	1117	1117	0	0	1	1117	1117	0	0	3	1117	1117	10000	10000	4	1117	1117	0	0	6	1117	1117	0	0	6	1117	1117	0	0	8	1117	1117	0	0	8	1117	1117	0	0	10
400212	1	10000	1442	1442	0	0	1	1442	1442	0	0	1	1442	1442	0	0	1	1442	1442	0	0	3	1442	1442	10000	10000	4	1442	1442	0	0	6	1442	1442	0	0	6	1442	1442	0	0	8	1442	1442	0	0	8	1442	1442	0	0	10
400213	1	10000	1117	1117	0	0	1	1117	1117	0	0	1	1117	1117	0	0	1	1117	1117	0	0	3	1117	1117	10000	10000	4	1117	1117	0	0	6	1117	1117	0	0	6	1117	1117	0	0	8	1117	1117	0	0	8	1117	1117	0	0	10
400221	1	10000	1179	1179	0	0	1	1179	1179	0	0	1	1179	1179	0	0	1	1179	1179	0	0	3	1179	1179	10000	10000	4	1179	1179	0	0	6	1179	1179	0	0	6	1179	1179	0	0	8	1179	1179	0	0	8	1179	1179	0	0	10
400222	1	10000	1518	1518	0	0	1	1518	1518	0	0	1	1518	1518	0	0	1	1518	1518	0	0	3	1518	1518	10000	10000	4	1518	1518	0	0	6	1518	1518	0	0	6	1518	1518	0	0	8	1518	1518	0	0	8	1518	1518	0	0	10
400223	1	10000	1179	1179	0	0	1	1179	1179	0	0	1	1179	1179	0	0	1	1179	1179	0	0	3	1179	1179	10000	10000	4	1179	1179	0	0	6	1179	1179	0	0	6	1179	1179	0	0	8	1179	1179	0	0	8	1179	1179	0	0	10
400231	1	10000	1242	1242	0	0	1	1242	1242	0	0	1	1242	1242	0	0	1	1242	1242	0	0	3	1242	1242	10000	10000	4	1242	1242	0	0	6	1242	1242	0	0	6	1242	1242	0	0	8	1242	1242	0	0	8	1242	1242	0	0	10
400232	1	10000	1593	1593	0	0	1	1593	1593	0	0	1	1593	1593	0	0	1	1593	1593	0	0	3	1593	1593	10000	10000	4	1593	1593	0	0	6	1593	1593	0	0	6	1593	1593	0	0	8	1593	1593	0	0	8	1593	1593	0	0	10
400233	1	10000	1242	1242	0	0	1	1242	1242	0	0	1	1242	1242	0	0	1	1242	1242	0	0	3	1242	1242	10000	10000	4	1242	1242	0	0	6	1242	1242	0	0	6	1242	1242	0	0	8	1242	1242	0	0	8	1242	1242	0	0	10
400241	1	10000	1304	1304	0	0	1	1304	1304	0	0	1	1304	1304	0	0	1	1304	1304	0	0	3	1304	1304	10000	10000	4	1304	1304	0	0	6	1304	1304	0	0	6	1304	1304	0	0	8	1304	1304	0	0	8	1304	1304	0	0	10
400242	1	10000	1669	1669	0	0	1	1669	1669	0	0	1	1669	1669	0	0	1	1669	1669	0	0	3	1669	1669	10000	10000	4	1669	1669	0	0	6	1669	1669	0	0	6	1669	1669	0	0	8	1669	1669	0	0	8	1669	1669	0	0	10
400243	1	10000	1304	1304	0	0	1	1304	1304	0	0	1	1304	1304	0	0	1	1304	1304	0	0	3	1304	1304	10000	10000	4	1304	1304	0	0	6	1304	1304	0	0	6	1304	1304	0	0	8	1304	1304	0	0	8	1304	1304	0	0	10
400251	1	10000	1366	1366	0	0	1	1366	1366	0	0	1	1366	1366	0	0	1	1366	1366	0	0	3	1366	1366	10000	10000	4	1366	1366	0	0	6	1366	1366	0	0	6	1366	1366	0	0	8	1366	1366	0	0	8	1366	1366	0	0	10
400252	1	10000	1745	1745	0	0	1	1745	1745	0	0	1	1745	1745	0	0	1	1745	1745	0	0	3	1745	1745	10000	10000	4	1745	1745	0	0	6	1745	1745	0	0	6	1745	1745	0	0	8	1745	1745	0	0	8	1745	1745	0	0	10
400253	1	10000	1366	1366	0	0	1	1366	1366	0	0	1	1366	1366	0	0	1	1366	1366	0	0	3	1366	1366	10000	10000	4	1366	1366	0	0	6	1366	1366	0	0	6	1366	1366	0	0	8	1366	1366	0	0	8	1366	1366	0	0	10
600011	1	10000	2094	2094	0	0	1	2094	2094	0	0	1	2094	2094	0	0	1	2094	2094	0	0	3	2094	2094	10000	10000	4	2094	2094	0	0	6	2094	2094	0	0	6	2094	2094	0	0	8	2094	2094	0	0	8	2094	2094	0	0	10
600012	1	10000	1713	1713	0	0	1	1713	1713	0	0	1	1713	1713	0	0	1	1713	1713	0	0	3	1713	1713	10000	10000	4	1713	1713	0	0	6	1713	1713	0	0	6	1713	1713	0	0	8	1713	1713	0	0	8	1713	1713	0	0	10
600013	1	10000	1904	1904	0	0	1	1904	1904	0	0	1	1904	1904	0	0	1	1904	1904	0	0	3	1904	1904	10000	10000	4	1904	1904	0	0	6	1904	1904	0	0	6	1904	1904	0	0	8	1904	1904	0	0	8	1904	1904	0	0	10
600021	1	10000	1663	1663	0	0	1	1663	1663	0	0	1	1663	1663	0	0	1	1663	1663	0	0	3	1663	1663	10000	10000	4	1663	1663	0	0	6	1663	1663	0	0	6	1663	1663	0	0	8	1663	1663	0	0	8	1663	1663	0	0	10
600022	1	10000	1270	1270	0	0	1	1270	1270	0	0	1	1270	1270	0	0	1	1270	1270	0	0	3	1270	1270	10000	10000	4	1270	1270	0	0	6	1270	1270	0	0	6	1270	1270	0	0	8	1270	1270	0	0	8	1270	1270	0	0	10
600023	1	10000	1411	1411	0	0	1	1411	1411	0	0	1	1411	1411	0	0	1	1411	1411	0	0	3	1411	1411	10000	10000	4	1411	1411	0	0	6	1411	1411	0	0	6	1411	1411	0	0	8	1411	1411	0	0	8	1411	1411	0	0	10
600031	1	10000	1440	1440	0	0	1	1440	1440	0	0	1	1440	1440	0	0	1	1440	1440	0	0	3	1440	1440	10000	10000	4	1440	1440	0	0	6	1440	1440	0	0	6	1440	1440	0	0	8	1440	1440	0	0	8	1440	1440	0	0	10
600032	1	10000	1440	1440	0	0	1	1440	1440	0	0	1	1440	1440	0	0	1	1440	1440	0	0	3	1440	1440	10000	10000	4	1440	1440	0	0	6	1440	1440	0	0	6	1440	1440	0	0	8	1440	1440	0	0	8	1440	1440	0	0	10
600033	1	10000	1584	1584	0	0	1	1584	1584	0	0	1	1584	1584	0	0	1	1584	1584	0	0	3	1584	1584	10000	10000	4	1584	1584	0	0	6	1584	1584	0	0	6	1584	1584	0	0	8	1584	1584	0	0	8	1584	1584	0	0	10
600041	1	10000	1821	1821	0	0	1	1821	1821	0	0	1	1821	1821	0	0	1	1821	1821	0	0	3	1821	1821	10000	10000	4	1821	1821	0	0	6	1821	1821	0	0	6	1821	1821	0	0	8	1821	1821	0	0	8	1821	1821	0	0	10
600042	1	10000	1460	1460	0	0	1	1460	1460	0	0	1	1460	1460	0	0	1	1460	1460	0	0	3	1460	1460	10000	10000	4	1460	1460	0	0	6	1460	1460	0	0	6	1460	1460	0	0	8	1460	1460	0	0	8	1460	1460	0	0	10
600043	1	10000	1573	1573	0	0	1	1573	1573	0	0	1	1573	1573	0	0	1	1573	1573	0	0	3	1573	1573	10000	10000	4	1573	1573	0	0	6	1573	1573	0	0	6	1573	1573	0	0	8	1573	1573	0	0	8	1573	1573	0	0	10
600051	1	10000	1400	1400	0	0	1	1400	1400	0	0	1	1400	1400	0	0	1	1400	1400	0	0	3	1400	1400	10000	10000	4	1400	1400	0	0	6	1400	1400	0	0	6	1400	1400	0	0	8	1400	1400	0	0	8	1400	1400	0	0	10
600052	1	10000	1912	1912	0	0	1	1912	1912	0	0	1	1912	1912	0	0	1	1912	1912	0	0	3	1912	1912	10000	10000	4	1912	1912	0	0	6	1912	1912	0	0	6	1912	1912	0	0	8	1912	1912	0	0	8	1912	1912	0	0	10
600053	1	10000	1564	1564	0	0	1	1564	1564	0	0	1	1564	1564	0	0	1	1564	1564	0	0	3	1564	1564	10000	10000	4	1564	1564	0	0	6	1564	1564	0	0	6	1564	1564	0	0	8	1564	1564	0	0	8	1564	1564	0	0	10
600061	1	10000	1622	1622	0	0	1	1622	1622	0	0	1	1622	1622	0	0	1	1622	1622	0	0	3	1622	1622	10000	10000	4	1622	1622	0	0	6	1622	1622	0	0	6	1622	1622	0	0	8	1622	1622	0	0	8	1622	1622	0	0	10
600062	1	10000	1622	1622	0	0	1	1622	1622	0	0	1	1622	1622	0	0	1	1622	1622	0	0	3	1622	1622	10000	10000	4	1622	1622	0	0	6	1622	1622	0	0	6	1622	1622	0	0	8	1622	1622	0	0	8	1622	1622	0	0	10
600063	1	10000	1893	1893	0	0	1	1893	1893	0	0	1	1893	1893	0	0	1	1893	1893	0	0	3	1893	1893	10000	10000	4	1893	1893	0	0	6	1893	1893	0	0	6	1893	1893	0	0	8	1893	1893	0	0	8	1893	1893	0	0	10
600071	1	10000	1296	1296	0	0	1	1296	1296	0	0	1	1296	1296	0	0	1	1296	1296	0	0	3	1296	1296	10000	10000	4	1296	1296	0	0	6	1296	1296	0	0	6	1296	1296	0	0	8	1296	1296	0	0	8	1296	1296	0	0	10
600072	1	10000	1663	1663	0	0	1	1663	1663	0	0	1	1663	1663	0	0	1	1663	1663	0	0	3	1663	1663	10000	10000	4	1663	1663	0	0	6	1663	1663	0	0	6	1663	1663	0	0	8	1663	1663	0	0	8	1663	1663	0	0	10
600073	1	10000	1231	1231	0	0	1	1231	1231	0	0	1	1231	1231	0	0	1	1231	1231	0	0	3	1231	1231	10000	10000	4	1231	1231	0	0	6	1231	1231	0	0	6	1231	1231	0	0	8	1231	1231	0	0	8	1231	1231	0	0	10
600081	1	10000	1788	1788	0	0	1	1788	1788	0	0	1	1788	1788	0	0	1	1788	1788	0	0	3	1788	1788	10000	10000	4	1788	1788	0	0	6	1788	1788	0	0	6	1788	1788	0	0	8	1788	1788	0	0	8	1788	1788	0	0	10
600082	1	10000	1788	1788	0	0	1	1788	1788	0	0	1	1788	1788	0	0	1	1788	1788	0	0	3	1788	1788	10000	10000	4	1788	1788	0	0	6	1788	1788	0	0	6	1788	1788	0	0	8	1788	1788	0	0	8	1788	1788	0	0	10
600083	1	10000	1088	1088	0	0	1	1088	1088	0	0	1	1088	1088	0	0	1	1088	1088	0	0	3	1088	1088	10000	10000	4	1088	1088	0	0	6	1088	1088	0	0	6	1088	1088	0	0	8	1088	1088	0	0	8	1088	1088	0	0	10
600091	1	10000	1627	1627	0	0	1	1627	1627	0	0	1	1627	1627	0	0	1	1627	1627	0	0	3	1627	1627	10000	10000	4	1627	1627	0	0	6	1627	1627	0	0	6	1627	1627	0	0	8	1627	1627	0	0	8	1627	1627	0	0	10
600092	1	10000	2094	2094	0	0	1	2094	2094	0	0	1	2094	2094	0	0	1	2094	2094	0	0	3	2094	2094	10000	10000	4	2094	2094	0	0	6	2094	2094	0	0	6	2094	2094	0	0	8	2094	2094	0	0	8	2094	2094	0	0	10
600093	1	10000	1798	1798	0	0	1	1798	1798	0	0	1	1798	1798	0	0	1	1798	1798	0	0	3	1798	1798	10000	10000	4	1798	1798	0	0	6	1798	1798	0	0	6	1798	1798	0	0	8	1798	1798	0	0	8	1798	1798	0	0	10
600101	1	10000	1713	1713	0	0	1	1713	1713	0	0	1	1713	1713	0	0	1	1713	1713	0	0	3	1713	1713	10000	10000	4	1713	1713	0	0	6	1713	1713	0	0	6	1713	1713	0	0	8	1713	1713	0	0	8	1713	1713	0	0	10
600102	1	10000	1904	1904	0	0	1	1904	1904	0	0	1	1904	1904	0	0	1	1904	1904	0	0	3	1904	1904	10000	10000	4	1904	1904	0	0	6	1904	1904	0	0	6	1904	1904	0	0	8	1904	1904	0	0	8	1904	1904	0	0	10
600103	1	10000	2303	2303	0	0	1	2303	2303	0	0	1	2303	2303	0	0	1	2303	2303	0	0	3	2303	2303	10000	10000	4	2303	2303	0	0	6	2303	2303	0	0	6	2303	2303	0	0	8	2303	2303	0	0	8	2303	2303	0	0	10
600111	1	10000	1663	1663	0	0	1	1663	1663	0	0	1	1663	1663	0	0	1	1663	1663	0	0	3	1663	1663	10000	10000	4	1663	1663	0	0	6	1663	1663	0	0	6	1663	1663	0	0	8	1663	1663	0	0	8	1663	1663	0	0	10
600112	1	10000	1425	1425	0	0	1	1425	1425	0	0	1	1425	1425	0	0	1	1425	1425	0	0	3	1425	1425	10000	10000	4	1425	1425	0	0	6	1425	1425	0	0	6	1425	1425	0	0	8	1425	1425	0	0	8	1425	1425	0	0	10
600113	1	10000	1512	1512	0	0	1	1512	1512	0	0	1	1512	1512	0	0	1	1512	1512	0	0	3	1512	1512	10000	10000	4	1512	1512	0	0	6	1512	1512	0	0	6	1512	1512	0	0	8	1512	1512	0	0	8	1512	1512	0	0	10
600121	1	10000	1762	1762	0	0	1	1762	1762	0	0	1	1762	1762	0	0	1	1762	1762	0	0	3	1762	1762	10000	10000	4	1762	1762	0	0	6	1762	1762	0	0	6	1762	1762	0	0	8	1762	1762	0	0	8	1762	1762	0	0	10
600122	1	10000	1510	1510	0	0	1	1510	1510	0	0	1	1510	1510	0	0	1	1510	1510	0	0	3	1510	1510	10000	10000	4	1510	1510	0	0	6	1510	1510	0	0	6	1510	1510	0	0	8	1510	1510	0	0	8	1510	1510	0	0	10
600123	1	10000	1602	1602	0	0	1	1602	1602	0	0	1	1602	1602	0	0	1	1602	1602	0	0	3	1602	1602	10000	10000	4	1602	1602	0	0	6	1602	1602	0	0	6	1602	1602	0	0	8	1602	1602	0	0	8	1602	1602	0	0	10
600131	1	10000	1867	1867	0	0	1	1867	1867	0	0	1	1867	1867	0	0	1	1867	1867	0	0	3	1867	1867	10000	10000	4	1867	1867	0	0	6	1867	1867	0	0	6	1867	1867	0	0	8	1867	1867	0	0	8	1867	1867	0	0	10
600132	1	10000	1601	1601	0	0	1	1601	1601	0	0	1	1601	1601	0	0	1	1601	1601	0	0	3	1601	1601	10000	10000	4	1601	1601	0	0	6	1601	1601	0	0	6	1601	1601	0	0	8	1601	1601	0	0	8	1601	1601	0	0	10
600133	1	10000	1697	1697	0	0	1	1697	1697	0	0	1	1697	1697	0	0	1	1697	1697	0	0	3	1697	1697	10000	10000	4	1697	1697	0	0	6	1697	1697	0	0	6	1697	1697	0	0	8	1697	1697	0	0	8	1697	1697	0	0	10
600141	1	10000	1999	1999	0	0	1	1999	1999	0	0	1	1999	1999	0	0	1	1999	1999	0	0	3	1999	1999	10000	10000	4	1999	1999	0	0	6	1999	1999	0	0	6	1999	1999	0	0	8	1999	1999	0	0	8	1999	1999	0	0	10
600142	1	10000	1713	1713	0	0	1	1713	1713	0	0	1	1713	1713	0	0	1	1713	1713	0	0	3	1713	1713	10000	10000	4	1713	1713	0	0	6	1713	1713	0	0	6	1713	1713	0	0	8	1713	1713	0	0	8	1713	1713	0	0	10
600143	1	10000	1817	1817	0	0	1	1817	1817	0	0	1	1817	1817	0	0	1	1817	1817	0	0	3	1817	1817	10000	10000	4	1817	1817	0	0	6	1817	1817	0	0	6	1817	1817	0	0	8	1817	1817	0	0	8	1817	1817	0	0	10
600151	1	10000	2138	2138	0	0	1	2138	2138	0	0	1	2138	2138	0	0	1	2138	2138	0	0	3	2138	2138	10000	10000	4	2138	2138	0	0	6	2138	2138	0	0	6	2138	2138	0	0	8	2138	2138	0	0	8	2138	2138	0	0	10
600152	1	10000	1833	1833	0	0	1	1833	1833	0	0	1	1833	1833	0	0	1	1833	1833	0	0	3	1833	1833	10000	10000	4	1833	1833	0	0	6	1833	1833	0	0	6	1833	1833	0	0	8	1833	1833	0	0	8	1833	1833	0	0	10
600153	1	10000	1944	1944	0	0	1	1944	1944	0	0	1	1944	1944	0	0	1	1944	1944	0	0	3	1944	1944	10000	10000	4	1944	1944	0	0	6	1944	1944	0	0	6	1944	1944	0	0	8	1944	1944	0	0	8	1944	1944	0	0	10
600161	1	10000	2289	2289	0	0	1	2289	2289	0	0	1	2289	2289	0	0	1	2289	2289	0	0	3	2289	2289	10000	10000	4	2289	2289	0	0	6	2289	2289	0	0	6	2289	2289	0	0	8	2289	2289	0	0	8	2289	2289	0	0	10
600162	1	10000	1961	1961	0	0	1	1961	1961	0	0	1	1961	1961	0	0	1	1961	1961	0	0	3	1961	1961	10000	10000	4	1961	1961	0	0	6	1961	1961	0	0	6	1961	1961	0	0	8	1961	1961	0	0	8	1961	1961	0	0	10
600163	1	10000	2081	2081	0	0	1	2081	2081	0	0	1	2081	2081	0	0	1	2081	2081	0	0	3	2081	2081	10000	10000	4	2081	2081	0	0	6	2081	2081	0	0	6	2081	2081	0	0	8	2081	2081	0	0	8	2081	2081	0	0	10
600171	1	10000	2448	2448	0	0	1	2448	2448	0	0	1	2448	2448	0	0	1	2448	2448	0	0	3	2448	2448	10000	10000	4	2448	2448	0	0	6	2448	2448	0	0	6	2448	2448	0	0	8	2448	2448	0	0	8	2448	2448	0	0	10
600172	1	10000	2098	2098	0	0	1	2098	2098	0	0	1	2098	2098	0	0	1	2098	2098	0	0	3	2098	2098	10000	10000	4	2098	2098	0	0	6	2098	2098	0	0	6	2098	2098	0	0	8	2098	2098	0	0	8	2098	2098	0	0	10
600173	1	10000	2226	2226	0	0	1	2226	2226	0	0	1	2226	2226	0	0	1	2226	2226	0	0	3	2226	2226	10000	10000	4	2226	2226	0	0	6	2226	2226	0	0	6	2226	2226	0	0	8	2226	2226	0	0	8	2226	2226	0	0	10
600181	1	10000	2620	2620	0	0	1	2620	2620	0	0	1	2620	2620	0	0	1	2620	2620	0	0	3	2620	2620	10000	10000	4	2620	2620	0	0	6	2620	2620	0	0	6	2620	2620	0	0	8	2620	2620	0	0	8	2620	2620	0	0	10
600182	1	10000	2246	2246	0	0	1	2246	2246	0	0	1	2246	2246	0	0	1	2246	2246	0	0	3	2246	2246	10000	10000	4	2246	2246	0	0	6	2246	2246	0	0	6	2246	2246	0	0	8	2246	2246	0	0	8	2246	2246	0	0	10
600183	1	10000	2382	2382	0	0	1	2382	2382	0	0	1	2382	2382	0	0	1	2382	2382	0	0	3	2382	2382	10000	10000	4	2382	2382	0	0	6	2382	2382	0	0	6	2382	2382	0	0	8	2382	2382	0	0	8	2382	2382	0	0	10
600191	1	10000	2803	2803	0	0	1	2803	2803	0	0	1	2803	2803	0	0	1	2803	2803	0	0	3	2803	2803	10000	10000	4	2803	2803	0	0	6	2803	2803	0	0	6	2803	2803	0	0	8	2803	2803	0	0	8	2803	2803	0	0	10
600192	1	10000	2403	2403	0	0	1	2403	2403	0	0	1	2403	2403	0	0	1	2403	2403	0	0	3	2403	2403	10000	10000	4	2403	2403	0	0	6	2403	2403	0	0	6	2403	2403	0	0	8	2403	2403	0	0	8	2403	2403	0	0	10
600193	1	10000	2549	2549	0	0	1	2549	2549	0	0	1	2549	2549	0	0	1	2549	2549	0	0	3	2549	2549	10000	10000	4	2549	2549	0	0	6	2549	2549	0	0	6	2549	2549	0	0	8	2549	2549	0	0	8	2549	2549	0	0	10
600201	1	10000	2999	2999	0	0	1	2999	2999	0	0	1	2999	2999	0	0	1	2999	2999	0	0	3	2999	2999	10000	10000	4	2999	2999	0	0	6	2999	2999	0	0	6	2999	2999	0	0	8	2999	2999	0	0	8	2999	2999	0	0	10
600202	1	10000	2571	2571	0	0	1	2571	2571	0	0	1	2571	2571	0	0	1	2571	2571	0	0	3	2571	2571	10000	10000	4	2571	2571	0	0	6	2571	2571	0	0	6	2571	2571	0	0	8	2571	2571	0	0	8	2571	2571	0	0	10
600203	1	10000	2727	2727	0	0	1	2727	2727	0	0	1	2727	2727	0	0	1	2727	2727	0	0	3	2727	2727	10000	10000	4	2727	2727	0	0	6	2727	2727	0	0	6	2727	2727	0	0	8	2727	2727	0	0	8	2727	2727	0	0	10
601011	1	10000	1497	1497	0	0	1	1497	1497	0	0	1	1497	1497	0	0	1	1497	1497	0	0	3	1497	1497	10000	10000	4	1497	1497	0	0	6	1497	1497	0	0	6	1497	1497	0	0	8	1497	1497	0	0	8	1497	1497	0	0	10
601012	1	10000	1497	1497	0	0	1	1497	1497	0	0	1	1497	1497	0	0	1	1497	1497	0	0	3	1497	1497	10000	10000	4	1497	1497	0	0	6	1497	1497	0	0	6	1497	1497	0	0	8	1497	1497	0	0	8	1497	1497	0	0	10
601013	1	10000	1647	1647	0	0	1	1647	1647	0	0	1	1647	1647	0	0	1	1647	1647	0	0	3	1647	1647	10000	10000	4	1647	1647	0	0	6	1647	1647	0	0	6	1647	1647	0	0	8	1647	1647	0	0	8	1647	1647	0	0	10
601021	1	10000	1632	1632	0	0	1	1632	1632	0	0	1	1632	1632	0	0	1	1632	1632	0	0	3	1632	1632	10000	10000	4	1632	1632	0	0	6	1632	1632	0	0	6	1632	1632	0	0	8	1632	1632	0	0	8	1632	1632	0	0	10
601022	1	10000	1632	1632	0	0	1	1632	1632	0	0	1	1632	1632	0	0	1	1632	1632	0	0	3	1632	1632	10000	10000	4	1632	1632	0	0	6	1632	1632	0	0	6	1632	1632	0	0	8	1632	1632	0	0	8	1632	1632	0	0	10
601023	1	10000	1796	1796	0	0	1	1796	1796	0	0	1	1796	1796	0	0	1	1796	1796	0	0	3	1796	1796	10000	10000	4	1796	1796	0	0	6	1796	1796	0	0	6	1796	1796	0	0	8	1796	1796	0	0	8	1796	1796	0	0	10
601031	1	10000	1768	1768	0	0	1	1768	1768	0	0	1	1768	1768	0	0	1	1768	1768	0	0	3	1768	1768	10000	10000	4	1768	1768	0	0	6	1768	1768	0	0	6	1768	1768	0	0	8	1768	1768	0	0	8	1768	1768	0	0	10
601032	1	10000	1768	1768	0	0	1	1768	1768	0	0	1	1768	1768	0	0	1	1768	1768	0	0	3	1768	1768	10000	10000	4	1768	1768	0	0	6	1768	1768	0	0	6	1768	1768	0	0	8	1768	1768	0	0	8	1768	1768	0	0	10
601033	1	10000	1945	1945	0	0	1	1945	1945	0	0	1	1945	1945	0	0	1	1945	1945	0	0	3	1945	1945	10000	10000	4	1945	1945	0	0	6	1945	1945	0	0	6	1945	1945	0	0	8	1945	1945	0	0	8	1945	1945	0	0	10
601041	1	10000	1904	1904	0	0	1	1904	1904	0	0	1	1904	1904	0	0	1	1904	1904	0	0	3	1904	1904	10000	10000	4	1904	1904	0	0	6	1904	1904	0	0	6	1904	1904	0	0	8	1904	1904	0	0	8	1904	1904	0	0	10
601042	1	10000	1904	1904	0	0	1	1904	1904	0	0	1	1904	1904	0	0	1	1904	1904	0	0	3	1904	1904	10000	10000	4	1904	1904	0	0	6	1904	1904	0	0	6	1904	1904	0	0	8	1904	1904	0	0	8	1904	1904	0	0	10
601043	1	10000	2094	2094	0	0	1	2094	2094	0	0	1	2094	2094	0	0	1	2094	2094	0	0	3	2094	2094	10000	10000	4	2094	2094	0	0	6	2094	2094	0	0	6	2094	2094	0	0	8	2094	2094	0	0	8	2094	2094	0	0	10
602011	1	10000	1456	1456	0	0	1	1456	1456	0	0	1	1456	1456	0	0	1	1456	1456	0	0	3	1456	1456	10000	10000	4	1456	1456	0	0	6	1456	1456	0	0	6	1456	1456	0	0	8	1456	1456	0	0	8	1456	1456	0	0	10
602012	1	10000	1988	1988	0	0	1	1988	1988	0	0	1	1988	1988	0	0	1	1988	1988	0	0	3	1988	1988	10000	10000	4	1988	1988	0	0	6	1988	1988	0	0	6	1988	1988	0	0	8	1988	1988	0	0	8	1988	1988	0	0	10
602013	1	10000	1626	1626	0	0	1	1626	1626	0	0	1	1626	1626	0	0	1	1626	1626	0	0	3	1626	1626	10000	10000	4	1626	1626	0	0	6	1626	1626	0	0	6	1626	1626	0	0	8	1626	1626	0	0	8	1626	1626	0	0	10
602021	1	10000	1529	1529	0	0	1	1529	1529	0	0	1	1529	1529	0	0	1	1529	1529	0	0	3	1529	1529	10000	10000	4	1529	1529	0	0	6	1529	1529	0	0	6	1529	1529	0	0	8	1529	1529	0	0	8	1529	1529	0	0	10
602022	1	10000	2088	2088	0	0	1	2088	2088	0	0	1	2088	2088	0	0	1	2088	2088	0	0	3	2088	2088	10000	10000	4	2088	2088	0	0	6	2088	2088	0	0	6	2088	2088	0	0	8	2088	2088	0	0	8	2088	2088	0	0	10
602023	1	10000	1708	1708	0	0	1	1708	1708	0	0	1	1708	1708	0	0	1	1708	1708	0	0	3	1708	1708	10000	10000	4	1708	1708	0	0	6	1708	1708	0	0	6	1708	1708	0	0	8	1708	1708	0	0	8	1708	1708	0	0	10
602031	1	10000	1602	1602	0	0	1	1602	1602	0	0	1	1602	1602	0	0	1	1602	1602	0	0	3	1602	1602	10000	10000	4	1602	1602	0	0	6	1602	1602	0	0	6	1602	1602	0	0	8	1602	1602	0	0	8	1602	1602	0	0	10
602032	1	10000	2188	2188	0	0	1	2188	2188	0	0	1	2188	2188	0	0	1	2188	2188	0	0	3	2188	2188	10000	10000	4	2188	2188	0	0	6	2188	2188	0	0	6	2188	2188	0	0	8	2188	2188	0	0	8	2188	2188	0	0	10
602033	1	10000	1790	1790	0	0	1	1790	1790	0	0	1	1790	1790	0	0	1	1790	1790	0	0	3	1790	1790	10000	10000	4	1790	1790	0	0	6	1790	1790	0	0	6	1790	1790	0	0	8	1790	1790	0	0	8	1790	1790	0	0	10
602041	1	10000	1676	1676	0	0	1	1676	1676	0	0	1	1676	1676	0	0	1	1676	1676	0	0	3	1676	1676	10000	10000	4	1676	1676	0	0	6	1676	1676	0	0	6	1676	1676	0	0	8	1676	1676	0	0	8	1676	1676	0	0	10
602042	1	10000	2289	2289	0	0	1	2289	2289	0	0	1	2289	2289	0	0	1	2289	2289	0	0	3	2289	2289	10000	10000	4	2289	2289	0	0	6	2289	2289	0	0	6	2289	2289	0	0	8	2289	2289	0	0	8	2289	2289	0	0	10
602043	1	10000	1872	1872	0	0	1	1872	1872	0	0	1	1872	1872	0	0	1	1872	1872	0	0	3	1872	1872	10000	10000	4	1872	1872	0	0	6	1872	1872	0	0	6	1872	1872	0	0	8	1872	1872	0	0	8	1872	1872	0	0	10
603011	1	10000	1686	1686	0	0	1	1686	1686	0	0	1	1686	1686	0	0	1	1686	1686	0	0	3	1686	1686	10000	10000	4	1686	1686	0	0	6	1686	1686	0	0	6	1686	1686	0	0	8	1686	1686	0	0	8	1686	1686	0	0	10
603012	1	10000	1686	1686	0	0	1	1686	1686	0	0	1	1686	1686	0	0	1	1686	1686	0	0	3	1686	1686	10000	10000	4	1686	1686	0	0	6	1686	1686	0	0	6	1686	1686	0	0	8	1686	1686	0	0	8	1686	1686	0	0	10
603013	1	10000	1968	1968	0	0	1	1968	1968	0	0	1	1968	1968	0	0	1	1968	1968	0	0	3	1968	1968	10000	10000	4	1968	1968	0	0	6	1968	1968	0	0	6	1968	1968	0	0	8	1968	1968	0	0	8	1968	1968	0	0	10
603021	1	10000	1771	1771	0	0	1	1771	1771	0	0	1	1771	1771	0	0	1	1771	1771	0	0	3	1771	1771	10000	10000	4	1771	1771	0	0	6	1771	1771	0	0	6	1771	1771	0	0	8	1771	1771	0	0	8	1771	1771	0	0	10
603022	1	10000	1771	1771	0	0	1	1771	1771	0	0	1	1771	1771	0	0	1	1771	1771	0	0	3	1771	1771	10000	10000	4	1771	1771	0	0	6	1771	1771	0	0	6	1771	1771	0	0	8	1771	1771	0	0	8	1771	1771	0	0	10
603023	1	10000	2067	2067	0	0	1	2067	2067	0	0	1	2067	2067	0	0	1	2067	2067	0	0	3	2067	2067	10000	10000	4	2067	2067	0	0	6	2067	2067	0	0	6	2067	2067	0	0	8	2067	2067	0	0	8	2067	2067	0	0	10
603031	1	10000	1856	1856	0	0	1	1856	1856	0	0	1	1856	1856	0	0	1	1856	1856	0	0	3	1856	1856	10000	10000	4	1856	1856	0	0	6	1856	1856	0	0	6	1856	1856	0	0	8	1856	1856	0	0	8	1856	1856	0	0	10
603032	1	10000	1856	1856	0	0	1	1856	1856	0	0	1	1856	1856	0	0	1	1856	1856	0	0	3	1856	1856	10000	10000	4	1856	1856	0	0	6	1856	1856	0	0	6	1856	1856	0	0	8	1856	1856	0	0	8	1856	1856	0	0	10
603033	1	10000	2167	2167	0	0	1	2167	2167	0	0	1	2167	2167	0	0	1	2167	2167	0	0	3	2167	2167	10000	10000	4	2167	2167	0	0	6	2167	2167	0	0	6	2167	2167	0	0	8	2167	2167	0	0	8	2167	2167	0	0	10
603041	1	10000	1942	1942	0	0	1	1942	1942	0	0	1	1942	1942	0	0	1	1942	1942	0	0	3	1942	1942	10000	10000	4	1942	1942	0	0	6	1942	1942	0	0	6	1942	1942	0	0	8	1942	1942	0	0	8	1942	1942	0	0	10
603042	1	10000	1942	1942	0	0	1	1942	1942	0	0	1	1942	1942	0	0	1	1942	1942	0	0	3	1942	1942	10000	10000	4	1942	1942	0	0	6	1942	1942	0	0	6	1942	1942	0	0	8	1942	1942	0	0	8	1942	1942	0	0	10
603043	1	10000	2267	2267	0	0	1	2267	2267	0	0	1	2267	2267	0	0	1	2267	2267	0	0	3	2267	2267	10000	10000	4	2267	2267	0	0	6	2267	2267	0	0	6	2267	2267	0	0	8	2267	2267	0	0	8	2267	2267	0	0	10
604011	1	10000	1347	1347	0	0	1	1347	1347	0	0	1	1347	1347	0	0	1	1347	1347	0	0	3	1347	1347	10000	10000	4	1347	1347	0	0	6	1347	1347	0	0	6	1347	1347	0	0	8	1347	1347	0	0	8	1347	1347	0	0	10
604012	1	10000	1729	1729	0	0	1	1729	1729	0	0	1	1729	1729	0	0	1	1729	1729	0	0	3	1729	1729	10000	10000	4	1729	1729	0	0	6	1729	1729	0	0	6	1729	1729	0	0	8	1729	1729	0	0	8	1729	1729	0	0	10
604013	1	10000	1280	1280	0	0	1	1280	1280	0	0	1	1280	1280	0	0	1	1280	1280	0	0	3	1280	1280	10000	10000	4	1280	1280	0	0	6	1280	1280	0	0	6	1280	1280	0	0	8	1280	1280	0	0	8	1280	1280	0	0	10
604021	1	10000	1417	1417	0	0	1	1417	1417	0	0	1	1417	1417	0	0	1	1417	1417	0	0	3	1417	1417	10000	10000	4	1417	1417	0	0	6	1417	1417	0	0	6	1417	1417	0	0	8	1417	1417	0	0	8	1417	1417	0	0	10
604022	1	10000	1819	1819	0	0	1	1819	1819	0	0	1	1819	1819	0	0	1	1819	1819	0	0	3	1819	1819	10000	10000	4	1819	1819	0	0	6	1819	1819	0	0	6	1819	1819	0	0	8	1819	1819	0	0	8	1819	1819	0	0	10
604023	1	10000	1346	1346	0	0	1	1346	1346	0	0	1	1346	1346	0	0	1	1346	1346	0	0	3	1346	1346	10000	10000	4	1346	1346	0	0	6	1346	1346	0	0	6	1346	1346	0	0	8	1346	1346	0	0	8	1346	1346	0	0	10
604031	1	10000	1487	1487	0	0	1	1487	1487	0	0	1	1487	1487	0	0	1	1487	1487	0	0	3	1487	1487	10000	10000	4	1487	1487	0	0	6	1487	1487	0	0	6	1487	1487	0	0	8	1487	1487	0	0	8	1487	1487	0	0	10
604032	1	10000	1909	1909	0	0	1	1909	1909	0	0	1	1909	1909	0	0	1	1909	1909	0	0	3	1909	1909	10000	10000	4	1909	1909	0	0	6	1909	1909	0	0	6	1909	1909	0	0	8	1909	1909	0	0	8	1909	1909	0	0	10
604033	1	10000	1413	1413	0	0	1	1413	1413	0	0	1	1413	1413	0	0	1	1413	1413	0	0	3	1413	1413	10000	10000	4	1413	1413	0	0	6	1413	1413	0	0	6	1413	1413	0	0	8	1413	1413	0	0	8	1413	1413	0	0	10
604041	1	10000	1558	1558	0	0	1	1558	1558	0	0	1	1558	1558	0	0	1	1558	1558	0	0	3	1558	1558	10000	10000	4	1558	1558	0	0	6	1558	1558	0	0	6	1558	1558	0	0	8	1558	1558	0	0	8	1558	1558	0	0	10
604042	1	10000	1999	1999	0	0	1	1999	1999	0	0	1	1999	1999	0	0	1	1999	1999	0	0	3	1999	1999	10000	10000	4	1999	1999	0	0	6	1999	1999	0	0	6	1999	1999	0	0	8	1999	1999	0	0	8	1999	1999	0	0	10
604043	1	10000	1480	1480	0	0	1	1480	1480	0	0	1	1480	1480	0	0	1	1480	1480	0	0	3	1480	1480	10000	10000	4	1480	1480	0	0	6	1480	1480	0	0	6	1480	1480	0	0	8	1480	1480	0	0	8	1480	1480	0	0	10
605011	1	10000	1692	1692	0	0	1	1692	1692	0	0	1	1692	1692	0	0	1	1692	1692	0	0	3	1692	1692	10000	10000	4	1692	1692	0	0	6	1692	1692	0	0	6	1692	1692	0	0	8	1692	1692	0	0	8	1692	1692	0	0	10
605012	1	10000	2177	2177	0	0	1	2177	2177	0	0	1	2177	2177	0	0	1	2177	2177	0	0	3	2177	2177	10000	10000	4	2177	2177	0	0	6	2177	2177	0	0	6	2177	2177	0	0	8	2177	2177	0	0	8	2177	2177	0	0	10
605013	1	10000	1869	1869	0	0	1	1869	1869	0	0	1	1869	1869	0	0	1	1869	1869	0	0	3	1869	1869	10000	10000	4	1869	1869	0	0	6	1869	1869	0	0	6	1869	1869	0	0	8	1869	1869	0	0	8	1869	1869	0	0	10
605021	1	10000	1774	1774	0	0	1	1774	1774	0	0	1	1774	1774	0	0	1	1774	1774	0	0	3	1774	1774	10000	10000	4	1774	1774	0	0	6	1774	1774	0	0	6	1774	1774	0	0	8	1774	1774	0	0	8	1774	1774	0	0	10
605022	1	10000	2283	2283	0	0	1	2283	2283	0	0	1	2283	2283	0	0	1	2283	2283	0	0	3	2283	2283	10000	10000	4	2283	2283	0	0	6	2283	2283	0	0	6	2283	2283	0	0	8	2283	2283	0	0	8	2283	2283	0	0	10
605023	1	10000	1960	1960	0	0	1	1960	1960	0	0	1	1960	1960	0	0	1	1960	1960	0	0	3	1960	1960	10000	10000	4	1960	1960	0	0	6	1960	1960	0	0	6	1960	1960	0	0	8	1960	1960	0	0	8	1960	1960	0	0	10
605031	1	10000	1856	1856	0	0	1	1856	1856	0	0	1	1856	1856	0	0	1	1856	1856	0	0	3	1856	1856	10000	10000	4	1856	1856	0	0	6	1856	1856	0	0	6	1856	1856	0	0	8	1856	1856	0	0	8	1856	1856	0	0	10
605032	1	10000	2389	2389	0	0	1	2389	2389	0	0	1	2389	2389	0	0	1	2389	2389	0	0	3	2389	2389	10000	10000	4	2389	2389	0	0	6	2389	2389	0	0	6	2389	2389	0	0	8	2389	2389	0	0	8	2389	2389	0	0	10
605033	1	10000	2052	2052	0	0	1	2052	2052	0	0	1	2052	2052	0	0	1	2052	2052	0	0	3	2052	2052	10000	10000	4	2052	2052	0	0	6	2052	2052	0	0	6	2052	2052	0	0	8	2052	2052	0	0	8	2052	2052	0	0	10
605041	1	10000	1939	1939	0	0	1	1939	1939	0	0	1	1939	1939	0	0	1	1939	1939	0	0	3	1939	1939	10000	10000	4	1939	1939	0	0	6	1939	1939	0	0	6	1939	1939	0	0	8	1939	1939	0	0	8	1939	1939	0	0	10
605042	1	10000	2496	2496	0	0	1	2496	2496	0	0	1	2496	2496	0	0	1	2496	2496	0	0	3	2496	2496	10000	10000	4	2496	2496	0	0	6	2496	2496	0	0	6	2496	2496	0	0	8	2496	2496	0	0	8	2496	2496	0	0	10
605043	1	10000	2144	2144	0	0	1	2144	2144	0	0	1	2144	2144	0	0	1	2144	2144	0	0	3	2144	2144	10000	10000	4	2144	2144	0	0	6	2144	2144	0	0	6	2144	2144	0	0	8	2144	2144	0	0	8	2144	2144	0	0	10
606011	1	10000	1781	1781	0	0	1	1781	1781	0	0	1	1781	1781	0	0	1	1781	1781	0	0	3	1781	1781	10000	10000	4	1781	1781	0	0	6	1781	1781	0	0	6	1781	1781	0	0	8	1781	1781	0	0	8	1781	1781	0	0	10
606012	1	10000	1980	1980	0	0	1	1980	1980	0	0	1	1980	1980	0	0	1	1980	1980	0	0	3	1980	1980	10000	10000	4	1980	1980	0	0	6	1980	1980	0	0	6	1980	1980	0	0	8	1980	1980	0	0	8	1980	1980	0	0	10
606013	1	10000	2395	2395	0	0	1	2395	2395	0	0	1	2395	2395	0	0	1	2395	2395	0	0	3	2395	2395	10000	10000	4	2395	2395	0	0	6	2395	2395	0	0	6	2395	2395	0	0	8	2395	2395	0	0	8	2395	2395	0	0	10
606021	1	10000	1868	1868	0	0	1	1868	1868	0	0	1	1868	1868	0	0	1	1868	1868	0	0	3	1868	1868	10000	10000	4	1868	1868	0	0	6	1868	1868	0	0	6	1868	1868	0	0	8	1868	1868	0	0	8	1868	1868	0	0	10
606022	1	10000	2076	2076	0	0	1	2076	2076	0	0	1	2076	2076	0	0	1	2076	2076	0	0	3	2076	2076	10000	10000	4	2076	2076	0	0	6	2076	2076	0	0	6	2076	2076	0	0	8	2076	2076	0	0	8	2076	2076	0	0	10
606023	1	10000	2511	2511	0	0	1	2511	2511	0	0	1	2511	2511	0	0	1	2511	2511	0	0	3	2511	2511	10000	10000	4	2511	2511	0	0	6	2511	2511	0	0	6	2511	2511	0	0	8	2511	2511	0	0	8	2511	2511	0	0	10
606031	1	10000	1955	1955	0	0	1	1955	1955	0	0	1	1955	1955	0	0	1	1955	1955	0	0	3	1955	1955	10000	10000	4	1955	1955	0	0	6	1955	1955	0	0	6	1955	1955	0	0	8	1955	1955	0	0	8	1955	1955	0	0	10
606032	1	10000	2172	2172	0	0	1	2172	2172	0	0	1	2172	2172	0	0	1	2172	2172	0	0	3	2172	2172	10000	10000	4	2172	2172	0	0	6	2172	2172	0	0	6	2172	2172	0	0	8	2172	2172	0	0	8	2172	2172	0	0	10
606033	1	10000	2628	2628	0	0	1	2628	2628	0	0	1	2628	2628	0	0	1	2628	2628	0	0	3	2628	2628	10000	10000	4	2628	2628	0	0	6	2628	2628	0	0	6	2628	2628	0	0	8	2628	2628	0	0	8	2628	2628	0	0	10
606041	1	10000	2042	2042	0	0	1	2042	2042	0	0	1	2042	2042	0	0	1	2042	2042	0	0	3	2042	2042	10000	10000	4	2042	2042	0	0	6	2042	2042	0	0	6	2042	2042	0	0	8	2042	2042	0	0	8	2042	2042	0	0	10
606042	1	10000	2269	2269	0	0	1	2269	2269	0	0	1	2269	2269	0	0	1	2269	2269	0	0	3	2269	2269	10000	10000	4	2269	2269	0	0	6	2269	2269	0	0	6	2269	2269	0	0	8	2269	2269	0	0	8	2269	2269	0	0	10
606043	1	10000	2745	2745	0	0	1	2745	2745	0	0	1	2745	2745	0	0	1	2745	2745	0	0	3	2745	2745	10000	10000	4	2745	2745	0	0	6	2745	2745	0	0	6	2745	2745	0	0	8	2745	2745	0	0	8	2745	2745	0	0	10
