任务池ID	任务池副键	有效标志位	无用・状态限制ID（该字段没用，别自动多情了）	任务ID	随机到的概率（相对概率）	接取任务NPCtype_id	接取任务map_id（这类任务在可接或是可交时，会先跳到该地图再寻路到指定NPC）	池名字	描述	接任务坐标x	接任务坐标y	接任务坐标z	所属环id	任务类型(0主线，1支线，2日常，3课程表，4伙伴，5学院，6指引，7帮派工资，8帮派任务1，9帮派任务2，10帮派任务3，11帮派任务4，12帮派任务5,14奇遇任务(指引型),15奇遇任务(选择型)）
[C][S]pool_id	[C][S]second_id	[C][S]valid	[C][S]state_id	[C][S]task_id	[C][S]random_value	[C][S]get_npc_type_id	[C][S]get_map_id	[C]name	[C]desc	[C]get_coordinate_x	[C]get_coordinate_y	[C]get_coordinate_z	[C][S]circle_id	[C]type
5230	0	1	10520001	5208	3333	0	0	斩妖除魔	找军师参与斩妖除魔	0	0	0	1310	2
5230	1	1	10520001	5209	3333	0	0	斩妖除魔	找军师参与斩妖除魔	0	0	0	1310	2
5230	2	1	10520001	5210	3334	0	0	斩妖除魔	找军师参与斩妖除魔	0	0	0	1310	2
5231	0	1	10520001	5211	3333	0	0	斩妖除魔	找军师参与斩妖除魔	0	0	0	1310	2
5231	1	1	10520001	5212	3333	0	0	斩妖除魔	找军师参与斩妖除魔	0	0	0	1310	2
5231	2	1	10520001	5213	3334	0	0	斩妖除魔	找军师参与斩妖除魔	0	0	0	1310	2
5232	0	1	10520001	5214	3333	0	0	斩妖除魔	找军师参与斩妖除魔	0	0	0	1310	2
5232	1	1	10520001	5215	3333	0	0	斩妖除魔	找军师参与斩妖除魔	0	0	0	1310	2
5232	2	1	10520001	5216	3334	0	0	斩妖除魔	找军师参与斩妖除魔	0	0	0	1310	2
5233	0	1	10520001	5217	3333	0	0	斩妖除魔	找军师参与斩妖除魔	0	0	0	1310	2
5233	1	1	10520001	5218	3333	0	0	斩妖除魔	找军师参与斩妖除魔	0	0	0	1310	2
5233	2	1	10520001	5219	3334	0	0	斩妖除魔	找军师参与斩妖除魔	0	0	0	1310	2
5234	0	1	10520001	5220	3333	0	0	斩妖除魔	找军师参与斩妖除魔	0	0	0	1310	2
5234	1	1	10520001	5221	3333	0	0	斩妖除魔	找军师参与斩妖除魔	0	0	0	1310	2
5234	2	1	10520001	5222	3334	0	0	斩妖除魔	找军师参与斩妖除魔	0	0	0	1310	2
5581	0	1	10550101	5501	1666	0	0	[圣王宫]歼敌-阵营刺探中	(阵营刺探令中接/交有额外奖励)我方领地士兵临阵脱逃，已逃往圣王宫，你速前去追杀！	0	0	0	5507	2
5581	1	1	10551401	5514	1666	0	0	[修罗殿]歼敌-阵营刺探中	(阵营刺探令中接/交有额外奖励)我方领地士兵临阵脱逃，已逃往修罗殿，你速前去追杀！	0	0	0	5507	2
5581	2	1	10552101	5521	1666	0	0	[天策府]歼敌-阵营刺探中	(阵营刺探令中接/交有额外奖励)我方领地士兵临阵脱逃，已逃往天策府，你速前去追杀！	0	0	0	5507	2
5582	0	1	10550201	5502	1666	0	0	[圣王宫]机关-阵营刺探中	(阵营刺探令中接/交有额外奖励)前去破坏圣王宫的城防机关，地点已被我方斥候标记出来，你直接去便可。	0	0	0	5507	2
5582	1	1	10551501	5515	1666	0	0	[修罗殿]机关-阵营刺探中	(阵营刺探令中接/交有额外奖励)前去破坏修罗殿的城防机关，地点已被我方斥候标记出来，你直接去便可。	0	0	0	5507	2
5582	2	1	10552201	5522	1666	0	0	[天策府]机关-阵营刺探中	(阵营刺探令中接/交有额外奖励)前去破坏天策府的城防机关，地点已被我方斥候标记出来，你直接去便可。	0	0	0	5507	2
5583	0	1	10550301	5503	1666	0	0	[圣王宫]信号-阵营刺探中	(阵营刺探令中接/交有额外奖励)若已破坏了城防机关，前去圣王宫城门外，放出信号烟，我们大军便可长驱直入！	0	0	0	5507	2
5583	1	1	10551601	5516	1666	0	0	[修罗殿]信号-阵营刺探中	(阵营刺探令中接/交有额外奖励)若已破坏了城防机关，前去修罗殿城门外，放出信号烟，我们大军便可长驱直入！	0	0	0	5507	2
5583	2	1	10552301	5523	1666	0	0	[天策府]信号-阵营刺探中	(阵营刺探令中接/交有额外奖励)若已破坏了城防机关，前去天策府城门外，放出信号烟，我们大军便可长驱直入！	0	0	0	5507	2
5584	0	1	10550401	5504	1666	0	0	[修罗殿]歼敌-阵营刺探中	(阵营刺探令中接/交有额外奖励)我方领地士兵临阵脱逃，已逃往修罗殿，你速前去追杀！	0	0	0	5508	2
5584	1	1	10551101	5511	1666	0	0	[天策府]歼敌-阵营刺探中	(阵营刺探令中接/交有额外奖励)我方领地士兵临阵脱逃，已逃往天策府，你速前去追杀！	0	0	0	5508	2
5584	2	1	10552401	5524	1666	0	0	[圣王宫]歼敌-阵营刺探中	(阵营刺探令中接/交有额外奖励)我方领地士兵临阵脱逃，已逃往圣王宫，你速前去追杀！	0	0	0	5508	2
5585	0	1	10550501	5505	1666	0	0	[修罗殿]机关-阵营刺探中	(阵营刺探令中接/交有额外奖励)前去破坏修罗殿的城防机关，地点已被我方斥候标记出来，你直接去便可。	0	0	0	5508	2
5585	1	1	10551201	5512	1666	0	0	[天策府]机关-阵营刺探中	(阵营刺探令中接/交有额外奖励)前去破坏天策府的城防机关，地点已被我方斥候标记出来，你直接去便可。	0	0	0	5508	2
5585	2	1	10552501	5525	1666	0	0	[圣王宫]机关-阵营刺探中	(阵营刺探令中接/交有额外奖励)前去破坏圣王宫的城防机关，地点已被我方斥候标记出来，你直接去便可。	0	0	0	5508	2
5586	0	1	10550601	5506	1666	0	0	[修罗殿]信号-阵营刺探中	(阵营刺探令中接/交有额外奖励)若已破坏了城防机关，前去修罗殿城门外，放出信号烟，我们大军便可长驱直入！	0	0	0	5508	2
5586	1	1	10551301	5513	1666	0	0	[天策府]信号-阵营刺探中	(阵营刺探令中接/交有额外奖励)若已破坏了城防机关，前去天策府城门外，放出信号烟，我们大军便可长驱直入！	0	0	0	5508	2
5586	2	1	10552601	5526	1666	0	0	[圣王宫]信号-阵营刺探中	(阵营刺探令中接/交有额外奖励)若已破坏了城防机关，前去圣王宫城门外，放出信号烟，我们大军便可长驱直入！	0	0	0	5508	2
5961	0	1	0	5900	5000	0	0	帮派-打探情报	与帮派主管对话	0	0	0	5900	8
5962	0	1	0	5910	5000	0	0	帮派-清除野怪	清除15名大唐逃兵	0	0	0	5910	9
5962	1	1	0	5911	5000	0	0	帮派-清除野怪	清除15名魔灵	0	0	0	5911	9
5962	2	1	0	5912	5000	0	0	帮派-清除野怪	清除15名魔族暗刺	0	0	0	5912	9
5962	3	1	0	5913	5000	0	0	帮派-清除野怪	清除15名敌军斥候	0	0	0	5913	9
5962	4	1	0	5914	5000	0	0	帮派-清除野怪	清除15名敌军斥候	0	0	0	5914	9
5962	5	1	0	5915	5000	0	0	帮派-清除野怪	清除15名敌军斥候	0	0	0	5915	9
5962	6	1	0	5916	5000	0	0	帮派-清除野怪	击败肆虐妖狼	0	0	0	5916	9
5962	7	1	0	5917	5000	0	0	帮派-清除野怪	击败肆虐妖狼	0	0	0	5917	9
5962	8	1	0	5918	5000	0	0	帮派-清除野怪	击败肆虐妖狼	0	0	0	5918	9
5962	9	1	0	5919	5000	0	0	帮派-清除野怪	击败凶残巨兽	0	0	0	5919	9
5962	10	1	0	5950	5000	0	0	帮派-清除野怪	消灭8个宝岛[翠凝甲虫]	0	0	0	5950	9
5962	11	1	0	5951	5000	0	0	帮派-清除野怪	消灭8个宝岛[单垂耳兔]	0	0	0	5951	9
5962	12	1	0	5952	5000	0	0	帮派-清除野怪	消灭8个宝岛[折伞松鼠]	0	0	0	5952	9
5962	13	1	0	5953	5000	0	0	帮派-清除野怪	消灭8个宝岛[萝卜兔]	0	0	0	5953	9
5962	14	1	0	5954	5000	0	0	帮派-清除野怪	消灭8个宝岛[妖猩猩]	0	0	0	5954	9
5962	15	1	0	5955	5000	0	0	帮派-清除野怪	消灭8个宝岛[金元猪]	0	0	0	5955	9
5963	0	1	0	5920	5000	0	0	帮派-收集材料	收集1块雪谷冰晶	0	0	0	5920	10
5963	1	1	0	5921	5000	0	0	帮派-收集材料	收集1块雪谷冰晶	0	0	0	5921	10
5963	2	1	0	5922	5000	0	0	帮派-收集材料	收集1块雪谷冰晶	0	0	0	5922	10
5963	3	1	0	5923	5000	0	0	帮派-收集材料	收集1块散落的桃晶	0	0	0	5923	10
5963	4	1	0	5924	5000	0	0	帮派-收集材料	收集1块遗失的书籍	0	0	0	5924	10
5963	5	1	0	5925	5000	0	0	帮派-收集材料	收集1块灵草	0	0	0	5925	10
5963	6	1	0	5926	5000	0	0	帮派-收集材料	收集1块龙之魂灵	0	0	0	5926	10
5963	7	1	0	5927	5000	0	0	帮派-收集材料	收集1块上古灵芝	0	0	0	5927	10
5963	8	1	0	5928	5000	0	0	帮派-收集材料	收集1遗落的陶罐	0	0	0	5928	10
5963	9	1	0	5929	5000	0	0	帮派-收集材料	收集1小星燧草	0	0	0	5929	10
5965	0	1	0	5941	5000	0	0	帮派-天材地宝	提交1个[蛟龙麟]	0	0	0	5941	12
5965	1	1	0	5942	5000	0	0	帮派-天材地宝	提交1个[金蚕丝]	0	0	0	5942	12
5965	2	1	0	5943	5000	0	0	帮派-天材地宝	提交1个[夫诸皮]	0	0	0	5943	12
5965	3	1	0	5944	5000	0	0	帮派-天材地宝	提交1个[旋龟甲]	0	0	0	5944	12
5965	4	1	0	5945	5000	0	0	帮派-天材地宝	提交1个[紫金矿]	0	0	0	5945	12
5965	5	1	0	5946	5000	0	0	帮派-天材地宝	提交1个[赤金矿]	0	0	0	5946	12
5965	6	1	0	5947	5000	0	0	帮派-天材地宝	提交1个[青金矿]	0	0	0	5947	12
5965	7	1	0	5948	5000	0	0	帮派-天材地宝	提交1个[白金矿]	0	0	0	5948	12
5964	0	1	0	6000	5000	0	0	帮派-添砖加瓦	上交1个[砖瓦]材料	0	0	0	0	11
4100	0	1	0	4101	5000	0	0	[奇]探索奇遇	天降奇缘，请跟随指引探索奇遇	0	0	0	0	15
4100	1	1	0	4102	5000	0	0	[奇]探索奇遇	天降奇缘，请跟随指引探索奇遇	0	0	0	0	15
4100	2	1	0	4103	5000	0	0	[奇]探索奇遇	天降奇缘，请跟随指引探索奇遇	0	0	0	0	15
4100	3	1	0	4104	5000	0	0	[奇]探索奇遇	天降奇缘，请跟随指引探索奇遇	0	0	0	0	15
4100	4	1	0	4105	5000	0	0	[奇]探索奇遇	天降奇缘，请跟随指引探索奇遇	0	0	0	0	15
4100	5	1	0	4106	5000	0	0	[奇]探索奇遇	天降奇缘，请跟随指引探索奇遇	0	0	0	0	15
4200	0	1	0	4201	5000	0	0	[奇]石壁感悟	天降奇缘，请做出你的选择	0	0	0	0	15
4200	1	1	0	4202	5000	0	0	[奇]天材地宝	天降奇缘，请做出你的选择	0	0	0	0	15
4200	2	1	91000701	4203	5000	0	0	[奇]上古妖兽	天降奇缘，请做出你的选择	0	0	0	0	15
4200	3	1	91000702	4204	5000	0	0	[奇]上古妖兽	天降奇缘，请做出你的选择	0	0	0	0	15
4200	4	1	91000703	4205	5000	0	0	[奇]上古妖兽	天降奇缘，请做出你的选择	0	0	0	0	15
4200	5	1	91000704	4206	5000	0	0	[奇]上古妖兽	天降奇缘，请做出你的选择	0	0	0	0	15
4200	6	1	91000705	4207	5000	0	0	[奇]上古妖兽	天降奇缘，请做出你的选择	0	0	0	0	15
4200	7	1	91000706	4208	5000	0	0	[奇]上古妖兽	天降奇缘，请做出你的选择	0	0	0	0	15
4200	8	1	91000707	4209	5000	0	0	[奇]上古妖兽	天降奇缘，请做出你的选择	0	0	0	0	15
4200	9	1	91000708	4210	5000	0	0	[奇]上古妖兽	天降奇缘，请做出你的选择	0	0	0	0	15
4200	10	1	91000701	4211	5000	0	0	[奇]讨伐妖道	天降奇缘，请做出你的选择	0	0	0	0	15
4200	11	1	91000702	4212	5000	0	0	[奇]讨伐妖道	天降奇缘，请做出你的选择	0	0	0	0	15
4200	12	1	91000703	4213	5000	0	0	[奇]讨伐妖道	天降奇缘，请做出你的选择	0	0	0	0	15
4200	13	1	91000704	4214	5000	0	0	[奇]讨伐妖道	天降奇缘，请做出你的选择	0	0	0	0	15
4200	14	1	91000705	4215	5000	0	0	[奇]讨伐妖道	天降奇缘，请做出你的选择	0	0	0	0	15
4200	15	1	91000706	4216	5000	0	0	[奇]讨伐妖道	天降奇缘，请做出你的选择	0	0	0	0	15
4200	16	1	91000707	4217	5000	0	0	[奇]讨伐妖道	天降奇缘，请做出你的选择	0	0	0	0	15
4200	17	1	91000708	4218	5000	0	0	[奇]讨伐妖道	天降奇缘，请做出你的选择	0	0	0	0	15
4200	18	1	91000701	4219	5000	0	0	[奇]装神弄鬼	天降奇缘，请做出你的选择	0	0	0	0	15
4200	19	1	91000702	4220	5000	0	0	[奇]装神弄鬼	天降奇缘，请做出你的选择	0	0	0	0	15
4200	20	1	91000703	4221	5000	0	0	[奇]装神弄鬼	天降奇缘，请做出你的选择	0	0	0	0	15
4200	21	1	91000704	4222	5000	0	0	[奇]装神弄鬼	天降奇缘，请做出你的选择	0	0	0	0	15
4200	22	1	91000705	4223	5000	0	0	[奇]装神弄鬼	天降奇缘，请做出你的选择	0	0	0	0	15
4200	23	1	91000706	4224	5000	0	0	[奇]装神弄鬼	天降奇缘，请做出你的选择	0	0	0	0	15
4200	24	1	91000707	4225	5000	0	0	[奇]装神弄鬼	天降奇缘，请做出你的选择	0	0	0	0	15
4200	25	1	91000708	4226	5000	0	0	[奇]装神弄鬼	天降奇缘，请做出你的选择	0	0	0	0	15
4200	26	1	0	4227	5000	0	0	[奇]梁上君子	天降奇缘，请做出你的选择	0	0	0	0	15
4200	27	1	91000701	4228	5000	0	0	[奇]天地灵石	天降奇缘，请做出你的选择	0	0	0	0	15
4200	28	1	91000702	4229	5000	0	0	[奇]天地灵石	天降奇缘，请做出你的选择	0	0	0	0	15
4200	29	1	91000703	4230	5000	0	0	[奇]天地灵石	天降奇缘，请做出你的选择	0	0	0	0	15
4200	30	1	91000704	4231	5000	0	0	[奇]天地灵石	天降奇缘，请做出你的选择	0	0	0	0	15
4200	31	1	91000705	4232	5000	0	0	[奇]天地灵石	天降奇缘，请做出你的选择	0	0	0	0	15
4200	32	1	91000706	4233	5000	0	0	[奇]天地灵石	天降奇缘，请做出你的选择	0	0	0	0	15
4200	33	1	91000707	4234	5000	0	0	[奇]天地灵石	天降奇缘，请做出你的选择	0	0	0	0	15
4200	34	1	91000708	4235	5000	0	0	[奇]天地灵石	天降奇缘，请做出你的选择	0	0	0	0	15
4200	35	1	91000701	4236	5000	0	0	[奇]玄铁之精	天降奇缘，请做出你的选择	0	0	0	0	15
4200	36	1	91000702	4237	5000	0	0	[奇]玄铁之精	天降奇缘，请做出你的选择	0	0	0	0	15
4200	37	1	91000703	4238	5000	0	0	[奇]玄铁之精	天降奇缘，请做出你的选择	0	0	0	0	15
4200	38	1	91000704	4239	5000	0	0	[奇]玄铁之精	天降奇缘，请做出你的选择	0	0	0	0	15
4200	39	1	91000705	4240	5000	0	0	[奇]玄铁之精	天降奇缘，请做出你的选择	0	0	0	0	15
4200	40	1	91000706	4241	5000	0	0	[奇]玄铁之精	天降奇缘，请做出你的选择	0	0	0	0	15
4200	41	1	91000707	4242	5000	0	0	[奇]玄铁之精	天降奇缘，请做出你的选择	0	0	0	0	15
4200	42	1	91000708	4243	5000	0	0	[奇]玄铁之精	天降奇缘，请做出你的选择	0	0	0	0	15
4200	43	1	91000701	4244	5000	0	0	[奇]鬼话连篇	天降奇缘，请做出你的选择	0	0	0	0	15
4200	44	1	91000702	4245	5000	0	0	[奇]鬼话连篇	天降奇缘，请做出你的选择	0	0	0	0	15
4200	45	1	91000703	4246	5000	0	0	[奇]鬼话连篇	天降奇缘，请做出你的选择	0	0	0	0	15
4200	46	1	91000704	4247	5000	0	0	[奇]鬼话连篇	天降奇缘，请做出你的选择	0	0	0	0	15
4200	47	1	91000705	4248	5000	0	0	[奇]鬼话连篇	天降奇缘，请做出你的选择	0	0	0	0	15
4200	48	1	91000706	4249	5000	0	0	[奇]鬼话连篇	天降奇缘，请做出你的选择	0	0	0	0	15
4200	49	1	91000707	4250	5000	0	0	[奇]鬼话连篇	天降奇缘，请做出你的选择	0	0	0	0	15
4200	50	1	91000708	4251	5000	0	0	[奇]鬼话连篇	天降奇缘，请做出你的选择	0	0	0	0	15
4200	51	1	91000701	4252	5000	0	0	[奇]上古宝书	天降奇缘，请做出你的选择	0	0	0	0	15
4200	52	1	91000702	4253	5000	0	0	[奇]上古宝书	天降奇缘，请做出你的选择	0	0	0	0	15
4200	53	1	91000703	4254	5000	0	0	[奇]上古宝书	天降奇缘，请做出你的选择	0	0	0	0	15
4200	54	1	91000704	4255	5000	0	0	[奇]上古宝书	天降奇缘，请做出你的选择	0	0	0	0	15
4200	55	1	91000705	4256	5000	0	0	[奇]上古宝书	天降奇缘，请做出你的选择	0	0	0	0	15
4200	56	1	91000706	4257	5000	0	0	[奇]上古宝书	天降奇缘，请做出你的选择	0	0	0	0	15
4200	57	1	91000707	4258	5000	0	0	[奇]上古宝书	天降奇缘，请做出你的选择	0	0	0	0	15
4200	58	1	91000708	4259	5000	0	0	[奇]上古宝书	天降奇缘，请做出你的选择	0	0	0	0	15
4200	59	1	91000701	4260	5000	0	0	[奇]旷世奇兵	天降奇缘，请做出你的选择	0	0	0	0	15
4200	60	1	91000702	4261	5000	0	0	[奇]旷世奇兵	天降奇缘，请做出你的选择	0	0	0	0	15
4200	61	1	91000703	4262	5000	0	0	[奇]旷世奇兵	天降奇缘，请做出你的选择	0	0	0	0	15
4200	62	1	91000704	4263	5000	0	0	[奇]旷世奇兵	天降奇缘，请做出你的选择	0	0	0	0	15
4200	63	1	91000705	4264	5000	0	0	[奇]旷世奇兵	天降奇缘，请做出你的选择	0	0	0	0	15
4200	64	1	91000706	4265	5000	0	0	[奇]旷世奇兵	天降奇缘，请做出你的选择	0	0	0	0	15
4200	65	1	91000707	4266	5000	0	0	[奇]旷世奇兵	天降奇缘，请做出你的选择	0	0	0	0	15
4200	66	1	91000708	4267	5000	0	0	[奇]旷世奇兵	天降奇缘，请做出你的选择	0	0	0	0	15
4200	67	1	91000701	4268	5000	0	0	[奇]喵喵拳师	天降奇缘，请做出你的选择	0	0	0	0	15
4200	68	1	91000702	4269	5000	0	0	[奇]喵喵拳师	天降奇缘，请做出你的选择	0	0	0	0	15
4200	69	1	91000703	4270	5000	0	0	[奇]喵喵拳师	天降奇缘，请做出你的选择	0	0	0	0	15
4200	70	1	91000704	4271	5000	0	0	[奇]喵喵拳师	天降奇缘，请做出你的选择	0	0	0	0	15
4200	71	1	91000705	4272	5000	0	0	[奇]喵喵拳师	天降奇缘，请做出你的选择	0	0	0	0	15
4200	72	1	91000706	4273	5000	0	0	[奇]喵喵拳师	天降奇缘，请做出你的选择	0	0	0	0	15
4200	73	1	91000707	4274	5000	0	0	[奇]喵喵拳师	天降奇缘，请做出你的选择	0	0	0	0	15
4200	74	1	91000708	4275	5000	0	0	[奇]喵喵拳师	天降奇缘，请做出你的选择	0	0	0	0	15
4200	75	1	91000701	4276	5000	0	0	[奇]有字天书	天降奇缘，请做出你的选择	0	0	0	0	15
4200	76	1	91000702	4277	5000	0	0	[奇]有字天书	天降奇缘，请做出你的选择	0	0	0	0	15
4200	77	1	91000703	4278	5000	0	0	[奇]有字天书	天降奇缘，请做出你的选择	0	0	0	0	15
4200	78	1	91000704	4279	5000	0	0	[奇]有字天书	天降奇缘，请做出你的选择	0	0	0	0	15
4200	79	1	91000705	4280	5000	0	0	[奇]有字天书	天降奇缘，请做出你的选择	0	0	0	0	15
4200	80	1	91000706	4281	5000	0	0	[奇]有字天书	天降奇缘，请做出你的选择	0	0	0	0	15
4200	81	1	91000707	4282	5000	0	0	[奇]有字天书	天降奇缘，请做出你的选择	0	0	0	0	15
4200	82	1	91000708	4283	5000	0	0	[奇]有字天书	天降奇缘，请做出你的选择	0	0	0	0	15
4200	83	1	91000701	4284	5000	0	0	[奇]诡异童谣	天降奇缘，请做出你的选择	0	0	0	0	15
4200	84	1	91000702	4285	5000	0	0	[奇]诡异童谣	天降奇缘，请做出你的选择	0	0	0	0	15
4200	85	1	91000703	4286	5000	0	0	[奇]诡异童谣	天降奇缘，请做出你的选择	0	0	0	0	15
4200	86	1	91000704	4287	5000	0	0	[奇]诡异童谣	天降奇缘，请做出你的选择	0	0	0	0	15
4200	87	1	91000705	4288	5000	0	0	[奇]诡异童谣	天降奇缘，请做出你的选择	0	0	0	0	15
4200	88	1	91000706	4289	5000	0	0	[奇]诡异童谣	天降奇缘，请做出你的选择	0	0	0	0	15
4200	89	1	91000707	4290	5000	0	0	[奇]诡异童谣	天降奇缘，请做出你的选择	0	0	0	0	15
4200	90	1	91000708	4291	5000	0	0	[奇]诡异童谣	天降奇缘，请做出你的选择	0	0	0	0	15
4200	91	1	91000701	4292	5000	0	0	[奇]狂神铠甲	天降奇缘，请做出你的选择	0	0	0	0	15
4200	92	1	91000702	4293	5000	0	0	[奇]狂神铠甲	天降奇缘，请做出你的选择	0	0	0	0	15
4200	93	1	91000703	4294	5000	0	0	[奇]狂神铠甲	天降奇缘，请做出你的选择	0	0	0	0	15
4200	94	1	91000704	4295	5000	0	0	[奇]狂神铠甲	天降奇缘，请做出你的选择	0	0	0	0	15
4200	95	1	91000705	4296	5000	0	0	[奇]狂神铠甲	天降奇缘，请做出你的选择	0	0	0	0	15
4200	96	1	91000706	4297	5000	0	0	[奇]狂神铠甲	天降奇缘，请做出你的选择	0	0	0	0	15
4200	97	1	91000707	4298	5000	0	0	[奇]狂神铠甲	天降奇缘，请做出你的选择	0	0	0	0	15
4200	98	1	91000708	4299	5000	0	0	[奇]狂神铠甲	天降奇缘，请做出你的选择	0	0	0	0	15
4300	0	1	0	4300	5000	0	0	[奇]楚氏奇人	天降奇缘，请做出你的选择	0	0	0	0	15
4300	1	1	0	4301	5000	0	0	[奇]时空虫洞	天降奇缘，请做出你的选择	0	0	0	0	15
4300	2	1	91000701	4302	5000	0	0	[奇]别有洞天	天降奇缘，请做出你的选择	0	0	0	0	15
4300	3	1	91000702	4303	5000	0	0	[奇]别有洞天	天降奇缘，请做出你的选择	0	0	0	0	15
4300	4	1	91000703	4304	5000	0	0	[奇]别有洞天	天降奇缘，请做出你的选择	0	0	0	0	15
4300	5	1	91000704	4305	5000	0	0	[奇]别有洞天	天降奇缘，请做出你的选择	0	0	0	0	15
4300	6	1	91000705	4306	5000	0	0	[奇]别有洞天	天降奇缘，请做出你的选择	0	0	0	0	15
4300	7	1	91000706	4307	5000	0	0	[奇]别有洞天	天降奇缘，请做出你的选择	0	0	0	0	15
4300	8	1	91000707	4308	5000	0	0	[奇]别有洞天	天降奇缘，请做出你的选择	0	0	0	0	15
4300	9	1	91000708	4309	5000	0	0	[奇]别有洞天	天降奇缘，请做出你的选择	0	0	0	0	15
4300	10	1	91000701	4310	5000	0	0	[奇]开路建桥	天降奇缘，请做出你的选择	0	0	0	0	15
4300	11	1	91000702	4311	5000	0	0	[奇]开路建桥	天降奇缘，请做出你的选择	0	0	0	0	15
4300	12	1	91000703	4312	5000	0	0	[奇]开路建桥	天降奇缘，请做出你的选择	0	0	0	0	15
4300	13	1	91000704	4313	5000	0	0	[奇]开路建桥	天降奇缘，请做出你的选择	0	0	0	0	15
4300	14	1	91000705	4314	5000	0	0	[奇]开路建桥	天降奇缘，请做出你的选择	0	0	0	0	15
4300	15	1	91000706	4315	5000	0	0	[奇]开路建桥	天降奇缘，请做出你的选择	0	0	0	0	15
4300	16	1	91000707	4316	5000	0	0	[奇]开路建桥	天降奇缘，请做出你的选择	0	0	0	0	15
4300	17	1	91000708	4317	5000	0	0	[奇]开路建桥	天降奇缘，请做出你的选择	0	0	0	0	15
4300	18	1	91000701	4318	5000	0	0	[奇]禁忌之恋	天降奇缘，请做出你的选择	0	0	0	0	15
4300	19	1	91000702	4319	5000	0	0	[奇]禁忌之恋	天降奇缘，请做出你的选择	0	0	0	0	15
4300	20	1	91000703	4320	5000	0	0	[奇]禁忌之恋	天降奇缘，请做出你的选择	0	0	0	0	15
4300	21	1	91000704	4321	5000	0	0	[奇]禁忌之恋	天降奇缘，请做出你的选择	0	0	0	0	15
4300	22	1	91000705	4322	5000	0	0	[奇]禁忌之恋	天降奇缘，请做出你的选择	0	0	0	0	15
4300	23	1	91000706	4323	5000	0	0	[奇]禁忌之恋	天降奇缘，请做出你的选择	0	0	0	0	15
4300	24	1	91000707	4324	5000	0	0	[奇]禁忌之恋	天降奇缘，请做出你的选择	0	0	0	0	15
4300	25	1	91000708	4325	5000	0	0	[奇]禁忌之恋	天降奇缘，请做出你的选择	0	0	0	0	15
4300	26	1	0	4326	5000	0	0	[奇]皇者之剑	天降奇缘，请做出你的选择	0	0	0	0	15
4300	27	1	91000701	4327	5000	0	0	[奇]广成陵	天降奇缘，请做出你的选择	0	0	0	0	15
4300	28	1	91000702	4328	5000	0	0	[奇]广成陵	天降奇缘，请做出你的选择	0	0	0	0	15
4300	29	1	91000703	4329	5000	0	0	[奇]广成陵	天降奇缘，请做出你的选择	0	0	0	0	15
4300	30	1	91000704	4330	5000	0	0	[奇]广成陵	天降奇缘，请做出你的选择	0	0	0	0	15
4300	31	1	91000705	4331	5000	0	0	[奇]广成陵	天降奇缘，请做出你的选择	0	0	0	0	15
4300	32	1	91000706	4332	5000	0	0	[奇]广成陵	天降奇缘，请做出你的选择	0	0	0	0	15
4300	33	1	91000707	4333	5000	0	0	[奇]广成陵	天降奇缘，请做出你的选择	0	0	0	0	15
4300	34	1	91000708	4334	5000	0	0	[奇]广成陵	天降奇缘，请做出你的选择	0	0	0	0	15
4300	35	1	91000701	4335	5000	0	0	[奇]衣锦还乡	天降奇缘，请做出你的选择	0	0	0	0	15
4300	36	1	91000702	4336	5000	0	0	[奇]衣锦还乡	天降奇缘，请做出你的选择	0	0	0	0	15
4300	37	1	91000703	4337	5000	0	0	[奇]衣锦还乡	天降奇缘，请做出你的选择	0	0	0	0	15
4300	38	1	91000704	4338	5000	0	0	[奇]衣锦还乡	天降奇缘，请做出你的选择	0	0	0	0	15
4300	39	1	91000705	4339	5000	0	0	[奇]衣锦还乡	天降奇缘，请做出你的选择	0	0	0	0	15
4300	40	1	91000706	4340	5000	0	0	[奇]衣锦还乡	天降奇缘，请做出你的选择	0	0	0	0	15
4300	41	1	91000707	4341	5000	0	0	[奇]衣锦还乡	天降奇缘，请做出你的选择	0	0	0	0	15
4300	42	1	91000708	4342	5000	0	0	[奇]衣锦还乡	天降奇缘，请做出你的选择	0	0	0	0	15
4300	43	1	91000701	4343	5000	0	0	[奇]浪客剑心	天降奇缘，请做出你的选择	0	0	0	0	15
4300	44	1	91000702	4344	5000	0	0	[奇]浪客剑心	天降奇缘，请做出你的选择	0	0	0	0	15
4300	45	1	91000703	4345	5000	0	0	[奇]浪客剑心	天降奇缘，请做出你的选择	0	0	0	0	15
4300	46	1	91000704	4346	5000	0	0	[奇]浪客剑心	天降奇缘，请做出你的选择	0	0	0	0	15
4300	47	1	91000705	4347	5000	0	0	[奇]浪客剑心	天降奇缘，请做出你的选择	0	0	0	0	15
4300	48	1	91000706	4348	5000	0	0	[奇]浪客剑心	天降奇缘，请做出你的选择	0	0	0	0	15
4300	49	1	91000707	4349	5000	0	0	[奇]浪客剑心	天降奇缘，请做出你的选择	0	0	0	0	15
4300	50	1	91000708	4350	5000	0	0	[奇]浪客剑心	天降奇缘，请做出你的选择	0	0	0	0	15
4300	51	1	91000701	4351	5000	0	0	[奇]奇门遁甲	天降奇缘，请做出你的选择	0	0	0	0	15
4300	52	1	91000702	4352	5000	0	0	[奇]奇门遁甲	天降奇缘，请做出你的选择	0	0	0	0	15
4300	53	1	91000703	4353	5000	0	0	[奇]奇门遁甲	天降奇缘，请做出你的选择	0	0	0	0	15
4300	54	1	91000704	4354	5000	0	0	[奇]奇门遁甲	天降奇缘，请做出你的选择	0	0	0	0	15
4300	55	1	91000705	4355	5000	0	0	[奇]奇门遁甲	天降奇缘，请做出你的选择	0	0	0	0	15
4300	56	1	91000706	4356	5000	0	0	[奇]奇门遁甲	天降奇缘，请做出你的选择	0	0	0	0	15
4300	57	1	91000707	4357	5000	0	0	[奇]奇门遁甲	天降奇缘，请做出你的选择	0	0	0	0	15
4300	58	1	91000708	4358	5000	0	0	[奇]奇门遁甲	天降奇缘，请做出你的选择	0	0	0	0	15
4300	59	1	91000701	4359	5000	0	0	[奇]千姿之术	天降奇缘，请做出你的选择	0	0	0	0	15
4300	60	1	91000702	4360	5000	0	0	[奇]千姿之术	天降奇缘，请做出你的选择	0	0	0	0	15
4300	61	1	91000703	4361	5000	0	0	[奇]千姿之术	天降奇缘，请做出你的选择	0	0	0	0	15
4300	62	1	91000704	4362	5000	0	0	[奇]千姿之术	天降奇缘，请做出你的选择	0	0	0	0	15
4300	63	1	91000705	4363	5000	0	0	[奇]千姿之术	天降奇缘，请做出你的选择	0	0	0	0	15
4300	64	1	91000706	4364	5000	0	0	[奇]千姿之术	天降奇缘，请做出你的选择	0	0	0	0	15
4300	65	1	91000707	4365	5000	0	0	[奇]千姿之术	天降奇缘，请做出你的选择	0	0	0	0	15
4300	66	1	91000708	4366	5000	0	0	[奇]千姿之术	天降奇缘，请做出你的选择	0	0	0	0	15
4300	67	1	91000701	4367	5000	0	0	[奇]医圣云逍	天降奇缘，请做出你的选择	0	0	0	0	15
4300	68	1	91000702	4368	5000	0	0	[奇]医圣云逍	天降奇缘，请做出你的选择	0	0	0	0	15
4300	69	1	91000703	4369	5000	0	0	[奇]医圣云逍	天降奇缘，请做出你的选择	0	0	0	0	15
4300	70	1	91000704	4370	5000	0	0	[奇]医圣云逍	天降奇缘，请做出你的选择	0	0	0	0	15
4300	71	1	91000705	4371	5000	0	0	[奇]医圣云逍	天降奇缘，请做出你的选择	0	0	0	0	15
4300	72	1	91000706	4372	5000	0	0	[奇]医圣云逍	天降奇缘，请做出你的选择	0	0	0	0	15
4300	73	1	91000707	4373	5000	0	0	[奇]医圣云逍	天降奇缘，请做出你的选择	0	0	0	0	15
4300	74	1	91000708	4374	5000	0	0	[奇]医圣云逍	天降奇缘，请做出你的选择	0	0	0	0	15
4300	75	1	91000701	4375	5000	0	0	[奇]小人谗言	天降奇缘，请做出你的选择	0	0	0	0	15
4300	76	1	91000702	4376	5000	0	0	[奇]小人谗言	天降奇缘，请做出你的选择	0	0	0	0	15
4300	77	1	91000703	4377	5000	0	0	[奇]小人谗言	天降奇缘，请做出你的选择	0	0	0	0	15
4300	78	1	91000704	4378	5000	0	0	[奇]小人谗言	天降奇缘，请做出你的选择	0	0	0	0	15
4300	79	1	91000705	4379	5000	0	0	[奇]小人谗言	天降奇缘，请做出你的选择	0	0	0	0	15
4300	80	1	91000706	4380	5000	0	0	[奇]小人谗言	天降奇缘，请做出你的选择	0	0	0	0	15
4300	81	1	91000707	4381	5000	0	0	[奇]小人谗言	天降奇缘，请做出你的选择	0	0	0	0	15
4300	82	1	91000708	4382	5000	0	0	[奇]小人谗言	天降奇缘，请做出你的选择	0	0	0	0	15
4300	83	1	91000701	4383	5000	0	0	[奇]百眼灵泉	天降奇缘，请做出你的选择	0	0	0	0	15
4300	84	1	91000702	4384	5000	0	0	[奇]百眼灵泉	天降奇缘，请做出你的选择	0	0	0	0	15
4300	85	1	91000703	4385	5000	0	0	[奇]百眼灵泉	天降奇缘，请做出你的选择	0	0	0	0	15
4300	86	1	91000704	4386	5000	0	0	[奇]百眼灵泉	天降奇缘，请做出你的选择	0	0	0	0	15
4300	87	1	91000705	4387	5000	0	0	[奇]百眼灵泉	天降奇缘，请做出你的选择	0	0	0	0	15
4300	88	1	91000706	4388	5000	0	0	[奇]百眼灵泉	天降奇缘，请做出你的选择	0	0	0	0	15
4300	89	1	91000707	4389	5000	0	0	[奇]百眼灵泉	天降奇缘，请做出你的选择	0	0	0	0	15
4300	90	1	91000708	4390	5000	0	0	[奇]百眼灵泉	天降奇缘，请做出你的选择	0	0	0	0	15
4300	91	1	91000701	4391	5000	0	0	[奇]紫金葫芦	天降奇缘，请做出你的选择	0	0	0	0	15
4300	92	1	91000702	4392	5000	0	0	[奇]紫金葫芦	天降奇缘，请做出你的选择	0	0	0	0	15
4300	93	1	91000703	4393	5000	0	0	[奇]紫金葫芦	天降奇缘，请做出你的选择	0	0	0	0	15
4300	94	1	91000704	4394	5000	0	0	[奇]紫金葫芦	天降奇缘，请做出你的选择	0	0	0	0	15
4300	95	1	91000705	4395	5000	0	0	[奇]紫金葫芦	天降奇缘，请做出你的选择	0	0	0	0	15
4300	96	1	91000706	4396	5000	0	0	[奇]紫金葫芦	天降奇缘，请做出你的选择	0	0	0	0	15
4300	97	1	91000707	4397	5000	0	0	[奇]紫金葫芦	天降奇缘，请做出你的选择	0	0	0	0	15
4300	98	1	91000708	4398	5000	0	0	[奇]紫金葫芦	天降奇缘，请做出你的选择	0	0	0	0	15
4300	99	1	0	4399	5000	0	0	[奇]新船	天降奇缘，请做出你的选择	0	0	0	0	15
4400	0	1	0	4400	5000	0	0	[奇]灵蝶闪现	天降奇缘，请做出你的选择	0	0	0	0	15
4400	1	1	91000701	4401	5000	0	0	[奇]水上行舟	天降奇缘，请做出你的选择	0	0	0	0	15
4400	2	1	91000702	4402	5000	0	0	[奇]水上行舟	天降奇缘，请做出你的选择	0	0	0	0	15
4400	3	1	91000703	4403	5000	0	0	[奇]水上行舟	天降奇缘，请做出你的选择	0	0	0	0	15
4400	4	1	91000704	4404	5000	0	0	[奇]水上行舟	天降奇缘，请做出你的选择	0	0	0	0	15
4400	5	1	91000705	4405	5000	0	0	[奇]水上行舟	天降奇缘，请做出你的选择	0	0	0	0	15
4400	6	1	91000706	4406	5000	0	0	[奇]水上行舟	天降奇缘，请做出你的选择	0	0	0	0	15
4400	7	1	91000707	4407	5000	0	0	[奇]水上行舟	天降奇缘，请做出你的选择	0	0	0	0	15
4400	8	1	91000708	4408	5000	0	0	[奇]水上行舟	天降奇缘，请做出你的选择	0	0	0	0	15
4400	9	1	91000701	4409	5000	0	0	[奇]春秋大家	天降奇缘，请做出你的选择	0	0	0	0	15
4400	10	1	91000702	4410	5000	0	0	[奇]春秋大家	天降奇缘，请做出你的选择	0	0	0	0	15
4400	11	1	91000703	4411	5000	0	0	[奇]春秋大家	天降奇缘，请做出你的选择	0	0	0	0	15
4400	12	1	91000704	4412	5000	0	0	[奇]春秋大家	天降奇缘，请做出你的选择	0	0	0	0	15
4400	13	1	91000705	4413	5000	0	0	[奇]春秋大家	天降奇缘，请做出你的选择	0	0	0	0	15
4400	14	1	91000706	4414	5000	0	0	[奇]春秋大家	天降奇缘，请做出你的选择	0	0	0	0	15
4400	15	1	91000707	4415	5000	0	0	[奇]春秋大家	天降奇缘，请做出你的选择	0	0	0	0	15
4400	16	1	91000708	4416	5000	0	0	[奇]春秋大家	天降奇缘，请做出你的选择	0	0	0	0	15
4400	17	1	91000701	4417	5000	0	0	[奇]山水之乐	天降奇缘，请做出你的选择	0	0	0	0	15
4400	18	1	91000702	4418	5000	0	0	[奇]山水之乐	天降奇缘，请做出你的选择	0	0	0	0	15
4400	19	1	91000703	4419	5000	0	0	[奇]山水之乐	天降奇缘，请做出你的选择	0	0	0	0	15
4400	20	1	91000704	4420	5000	0	0	[奇]山水之乐	天降奇缘，请做出你的选择	0	0	0	0	15
4400	21	1	91000705	4421	5000	0	0	[奇]山水之乐	天降奇缘，请做出你的选择	0	0	0	0	15
4400	22	1	91000706	4422	5000	0	0	[奇]山水之乐	天降奇缘，请做出你的选择	0	0	0	0	15
4400	23	1	91000707	4423	5000	0	0	[奇]山水之乐	天降奇缘，请做出你的选择	0	0	0	0	15
4400	24	1	91000708	4424	5000	0	0	[奇]山水之乐	天降奇缘，请做出你的选择	0	0	0	0	15
4400	25	1	0	4425	5000	0	0	[奇]挚爱之礼	天降奇缘，请做出你的选择	0	0	0	0	15
4400	26	1	91000701	4426	5000	0	0	[奇]石上刻记	天降奇缘，请做出你的选择	0	0	0	0	15
4400	27	1	91000702	4427	5000	0	0	[奇]石上刻记	天降奇缘，请做出你的选择	0	0	0	0	15
4400	28	1	91000703	4428	5000	0	0	[奇]石上刻记	天降奇缘，请做出你的选择	0	0	0	0	15
4400	29	1	91000704	4429	5000	0	0	[奇]石上刻记	天降奇缘，请做出你的选择	0	0	0	0	15
4400	30	1	91000705	4430	5000	0	0	[奇]石上刻记	天降奇缘，请做出你的选择	0	0	0	0	15
4400	31	1	91000706	4431	5000	0	0	[奇]石上刻记	天降奇缘，请做出你的选择	0	0	0	0	15
4400	32	1	91000707	4432	5000	0	0	[奇]石上刻记	天降奇缘，请做出你的选择	0	0	0	0	15
4400	33	1	91000708	4433	5000	0	0	[奇]石上刻记	天降奇缘，请做出你的选择	0	0	0	0	15
4400	34	1	91000701	4434	5000	0	0	[奇]三月秘闻	天降奇缘，请做出你的选择	0	0	0	0	15
4400	35	1	91000702	4435	5000	0	0	[奇]三月秘闻	天降奇缘，请做出你的选择	0	0	0	0	15
4400	36	1	91000703	4436	5000	0	0	[奇]三月秘闻	天降奇缘，请做出你的选择	0	0	0	0	15
4400	37	1	91000704	4437	5000	0	0	[奇]三月秘闻	天降奇缘，请做出你的选择	0	0	0	0	15
4400	38	1	91000705	4438	5000	0	0	[奇]三月秘闻	天降奇缘，请做出你的选择	0	0	0	0	15
4400	39	1	91000706	4439	5000	0	0	[奇]三月秘闻	天降奇缘，请做出你的选择	0	0	0	0	15
4400	40	1	91000707	4440	5000	0	0	[奇]三月秘闻	天降奇缘，请做出你的选择	0	0	0	0	15
4400	41	1	91000708	4441	5000	0	0	[奇]三月秘闻	天降奇缘，请做出你的选择	0	0	0	0	15
4400	42	1	91000701	4442	5000	0	0	[奇]祖传宝剑	天降奇缘，请做出你的选择	0	0	0	0	15
4400	43	1	91000702	4443	5000	0	0	[奇]祖传宝剑	天降奇缘，请做出你的选择	0	0	0	0	15
4400	44	1	91000703	4444	5000	0	0	[奇]祖传宝剑	天降奇缘，请做出你的选择	0	0	0	0	15
4400	45	1	91000704	4445	5000	0	0	[奇]祖传宝剑	天降奇缘，请做出你的选择	0	0	0	0	15
4400	46	1	91000705	4446	5000	0	0	[奇]祖传宝剑	天降奇缘，请做出你的选择	0	0	0	0	15
4400	47	1	91000706	4447	5000	0	0	[奇]祖传宝剑	天降奇缘，请做出你的选择	0	0	0	0	15
4400	48	1	91000707	4448	5000	0	0	[奇]祖传宝剑	天降奇缘，请做出你的选择	0	0	0	0	15
4400	49	1	91000708	4449	5000	0	0	[奇]祖传宝剑	天降奇缘，请做出你的选择	0	0	0	0	15
4400	50	1	91000701	4450	5000	0	0	[奇]发病老人	天降奇缘，请做出你的选择	0	0	0	0	15
4400	51	1	91000702	4451	5000	0	0	[奇]发病老人	天降奇缘，请做出你的选择	0	0	0	0	15
4400	52	1	91000703	4452	5000	0	0	[奇]发病老人	天降奇缘，请做出你的选择	0	0	0	0	15
4400	53	1	91000704	4453	5000	0	0	[奇]发病老人	天降奇缘，请做出你的选择	0	0	0	0	15
4400	54	1	91000705	4454	5000	0	0	[奇]发病老人	天降奇缘，请做出你的选择	0	0	0	0	15
4400	55	1	91000706	4455	5000	0	0	[奇]发病老人	天降奇缘，请做出你的选择	0	0	0	0	15
4400	56	1	91000707	4456	5000	0	0	[奇]发病老人	天降奇缘，请做出你的选择	0	0	0	0	15
4400	57	1	91000708	4457	5000	0	0	[奇]发病老人	天降奇缘，请做出你的选择	0	0	0	0	15
4400	58	1	91000701	4458	5000	0	0	[奇]合体之术	天降奇缘，请做出你的选择	0	0	0	0	15
4400	59	1	91000702	4459	5000	0	0	[奇]合体之术	天降奇缘，请做出你的选择	0	0	0	0	15
4400	60	1	91000703	4460	5000	0	0	[奇]合体之术	天降奇缘，请做出你的选择	0	0	0	0	15
4400	61	1	91000704	4461	5000	0	0	[奇]合体之术	天降奇缘，请做出你的选择	0	0	0	0	15
4400	62	1	91000705	4462	5000	0	0	[奇]合体之术	天降奇缘，请做出你的选择	0	0	0	0	15
4400	63	1	91000706	4463	5000	0	0	[奇]合体之术	天降奇缘，请做出你的选择	0	0	0	0	15
4400	64	1	91000707	4464	5000	0	0	[奇]合体之术	天降奇缘，请做出你的选择	0	0	0	0	15
4400	65	1	91000708	4465	5000	0	0	[奇]合体之术	天降奇缘，请做出你的选择	0	0	0	0	15
4400	66	1	91000701	4466	5000	0	0	[奇]外星来访	天降奇缘，请做出你的选择	0	0	0	0	15
4400	67	1	91000702	4467	5000	0	0	[奇]外星来访	天降奇缘，请做出你的选择	0	0	0	0	15
4400	68	1	91000703	4468	5000	0	0	[奇]外星来访	天降奇缘，请做出你的选择	0	0	0	0	15
4400	69	1	91000704	4469	5000	0	0	[奇]外星来访	天降奇缘，请做出你的选择	0	0	0	0	15
4400	70	1	91000705	4470	5000	0	0	[奇]外星来访	天降奇缘，请做出你的选择	0	0	0	0	15
4400	71	1	91000706	4471	5000	0	0	[奇]外星来访	天降奇缘，请做出你的选择	0	0	0	0	15
4400	72	1	91000707	4472	5000	0	0	[奇]外星来访	天降奇缘，请做出你的选择	0	0	0	0	15
4400	73	1	91000708	4473	5000	0	0	[奇]外星来访	天降奇缘，请做出你的选择	0	0	0	0	15
4400	74	1	91000701	4474	5000	0	0	[奇]天下双美	天降奇缘，请做出你的选择	0	0	0	0	15
4400	75	1	91000702	4475	5000	0	0	[奇]天下双美	天降奇缘，请做出你的选择	0	0	0	0	15
4400	76	1	91000703	4476	5000	0	0	[奇]天下双美	天降奇缘，请做出你的选择	0	0	0	0	15
4400	77	1	91000704	4477	5000	0	0	[奇]天下双美	天降奇缘，请做出你的选择	0	0	0	0	15
4400	78	1	91000705	4478	5000	0	0	[奇]天下双美	天降奇缘，请做出你的选择	0	0	0	0	15
4400	79	1	91000706	4479	5000	0	0	[奇]天下双美	天降奇缘，请做出你的选择	0	0	0	0	15
4400	80	1	91000707	4480	5000	0	0	[奇]天下双美	天降奇缘，请做出你的选择	0	0	0	0	15
4400	81	1	91000708	4481	5000	0	0	[奇]天下双美	天降奇缘，请做出你的选择	0	0	0	0	15
4400	82	1	91000701	4482	5000	0	0	[奇]上古神像	天降奇缘，请做出你的选择	0	0	0	0	15
4400	83	1	91000702	4483	5000	0	0	[奇]上古神像	天降奇缘，请做出你的选择	0	0	0	0	15
4400	84	1	91000703	4484	5000	0	0	[奇]上古神像	天降奇缘，请做出你的选择	0	0	0	0	15
4400	85	1	91000704	4485	5000	0	0	[奇]上古神像	天降奇缘，请做出你的选择	0	0	0	0	15
4400	86	1	91000705	4486	5000	0	0	[奇]上古神像	天降奇缘，请做出你的选择	0	0	0	0	15
4400	87	1	91000706	4487	5000	0	0	[奇]上古神像	天降奇缘，请做出你的选择	0	0	0	0	15
4400	88	1	91000707	4488	5000	0	0	[奇]上古神像	天降奇缘，请做出你的选择	0	0	0	0	15
4400	89	1	91000708	4489	5000	0	0	[奇]上古神像	天降奇缘，请做出你的选择	0	0	0	0	15
4400	90	1	91000701	4490	5000	0	0	[奇]古文奇书	天降奇缘，请做出你的选择	0	0	0	0	15
4400	91	1	91000702	4491	5000	0	0	[奇]古文奇书	天降奇缘，请做出你的选择	0	0	0	0	15
4400	92	1	91000703	4492	5000	0	0	[奇]古文奇书	天降奇缘，请做出你的选择	0	0	0	0	15
4400	93	1	91000704	4493	5000	0	0	[奇]古文奇书	天降奇缘，请做出你的选择	0	0	0	0	15
4400	94	1	91000705	4494	5000	0	0	[奇]古文奇书	天降奇缘，请做出你的选择	0	0	0	0	15
4400	95	1	91000706	4495	5000	0	0	[奇]古文奇书	天降奇缘，请做出你的选择	0	0	0	0	15
4400	96	1	91000707	4496	5000	0	0	[奇]古文奇书	天降奇缘，请做出你的选择	0	0	0	0	15
4400	97	1	91000708	4497	5000	0	0	[奇]古文奇书	天降奇缘，请做出你的选择	0	0	0	0	15
4400	98	1	0	4498	5000	0	0	[奇]刀形铜币	天降奇缘，请做出你的选择	0	0	0	0	15
4400	99	1	0	4499	5000	0	0	[奇]百鬼夜行	天降奇缘，请做出你的选择	0	0	0	0	15
4500	0	1	91000701	4500	5000	0	0	[奇]万魔噬天	天降奇缘，请做出你的选择	0	0	0	0	15
4500	1	1	91000702	4501	5000	0	0	[奇]万魔噬天	天降奇缘，请做出你的选择	0	0	0	0	15
4500	2	1	91000703	4502	5000	0	0	[奇]万魔噬天	天降奇缘，请做出你的选择	0	0	0	0	15
4500	3	1	91000704	4503	5000	0	0	[奇]万魔噬天	天降奇缘，请做出你的选择	0	0	0	0	15
4500	4	1	91000705	4504	5000	0	0	[奇]万魔噬天	天降奇缘，请做出你的选择	0	0	0	0	15
4500	5	1	91000706	4505	5000	0	0	[奇]万魔噬天	天降奇缘，请做出你的选择	0	0	0	0	15
4500	6	1	91000707	4506	5000	0	0	[奇]万魔噬天	天降奇缘，请做出你的选择	0	0	0	0	15
4500	7	1	91000708	4507	5000	0	0	[奇]万魔噬天	天降奇缘，请做出你的选择	0	0	0	0	15
4500	8	1	91000701	4508	5000	0	0	[奇]深海巨鱿	天降奇缘，请做出你的选择	0	0	0	0	15
4500	9	1	91000702	4509	5000	0	0	[奇]深海巨鱿	天降奇缘，请做出你的选择	0	0	0	0	15
4500	10	1	91000703	4510	5000	0	0	[奇]深海巨鱿	天降奇缘，请做出你的选择	0	0	0	0	15
4500	11	1	91000704	4511	5000	0	0	[奇]深海巨鱿	天降奇缘，请做出你的选择	0	0	0	0	15
4500	12	1	91000705	4512	5000	0	0	[奇]深海巨鱿	天降奇缘，请做出你的选择	0	0	0	0	15
4500	13	1	91000706	4513	5000	0	0	[奇]深海巨鱿	天降奇缘，请做出你的选择	0	0	0	0	15
4500	14	1	91000707	4514	5000	0	0	[奇]深海巨鱿	天降奇缘，请做出你的选择	0	0	0	0	15
4500	15	1	91000708	4515	5000	0	0	[奇]深海巨鱿	天降奇缘，请做出你的选择	0	0	0	0	15
4500	16	1	91000701	4516	5000	0	0	[奇]怀抱之人	天降奇缘，请做出你的选择	0	0	0	0	15
4500	17	1	91000702	4517	5000	0	0	[奇]怀抱之人	天降奇缘，请做出你的选择	0	0	0	0	15
4500	18	1	91000703	4518	5000	0	0	[奇]怀抱之人	天降奇缘，请做出你的选择	0	0	0	0	15
4500	19	1	91000704	4519	5000	0	0	[奇]怀抱之人	天降奇缘，请做出你的选择	0	0	0	0	15
4500	20	1	91000705	4520	5000	0	0	[奇]怀抱之人	天降奇缘，请做出你的选择	0	0	0	0	15
4500	21	1	91000706	4521	5000	0	0	[奇]怀抱之人	天降奇缘，请做出你的选择	0	0	0	0	15
4500	22	1	91000707	4522	5000	0	0	[奇]怀抱之人	天降奇缘，请做出你的选择	0	0	0	0	15
4500	23	1	91000708	4523	5000	0	0	[奇]怀抱之人	天降奇缘，请做出你的选择	0	0	0	0	15
4500	24	1	0	4524	5000	0	0	[奇]血海冥河	天降奇缘，请做出你的选择	0	0	0	0	15
4500	25	1	91000701	4525	5000	0	0	[奇]流浪修士	天降奇缘，请做出你的选择	0	0	0	0	15
4500	26	1	91000702	4526	5000	0	0	[奇]流浪修士	天降奇缘，请做出你的选择	0	0	0	0	15
4500	27	1	91000703	4527	5000	0	0	[奇]流浪修士	天降奇缘，请做出你的选择	0	0	0	0	15
4500	28	1	91000704	4528	5000	0	0	[奇]流浪修士	天降奇缘，请做出你的选择	0	0	0	0	15
4500	29	1	91000705	4529	5000	0	0	[奇]流浪修士	天降奇缘，请做出你的选择	0	0	0	0	15
4500	30	1	91000706	4530	5000	0	0	[奇]流浪修士	天降奇缘，请做出你的选择	0	0	0	0	15
4500	31	1	91000707	4531	5000	0	0	[奇]流浪修士	天降奇缘，请做出你的选择	0	0	0	0	15
4500	32	1	91000708	4532	5000	0	0	[奇]流浪修士	天降奇缘，请做出你的选择	0	0	0	0	15
4500	33	1	91000701	4533	5000	0	0	[奇]三字真言	天降奇缘，请做出你的选择	0	0	0	0	15
4500	34	1	91000702	4534	5000	0	0	[奇]三字真言	天降奇缘，请做出你的选择	0	0	0	0	15
4500	35	1	91000703	4535	5000	0	0	[奇]三字真言	天降奇缘，请做出你的选择	0	0	0	0	15
4500	36	1	91000704	4536	5000	0	0	[奇]三字真言	天降奇缘，请做出你的选择	0	0	0	0	15
4500	37	1	91000705	4537	5000	0	0	[奇]三字真言	天降奇缘，请做出你的选择	0	0	0	0	15
4500	38	1	91000706	4538	5000	0	0	[奇]三字真言	天降奇缘，请做出你的选择	0	0	0	0	15
4500	39	1	91000707	4539	5000	0	0	[奇]三字真言	天降奇缘，请做出你的选择	0	0	0	0	15
4500	40	1	91000708	4540	5000	0	0	[奇]三字真言	天降奇缘，请做出你的选择	0	0	0	0	15
4500	41	1	91000701	4541	5000	0	0	[奇]神匠	天降奇缘，请做出你的选择	0	0	0	0	15
4500	42	1	91000702	4542	5000	0	0	[奇]神匠	天降奇缘，请做出你的选择	0	0	0	0	15
4500	43	1	91000703	4543	5000	0	0	[奇]神匠	天降奇缘，请做出你的选择	0	0	0	0	15
4500	44	1	91000704	4544	5000	0	0	[奇]神匠	天降奇缘，请做出你的选择	0	0	0	0	15
4500	45	1	91000705	4545	5000	0	0	[奇]神匠	天降奇缘，请做出你的选择	0	0	0	0	15
4500	46	1	91000706	4546	5000	0	0	[奇]神匠	天降奇缘，请做出你的选择	0	0	0	0	15
4500	47	1	91000707	4547	5000	0	0	[奇]神匠	天降奇缘，请做出你的选择	0	0	0	0	15
4500	48	1	91000708	4548	5000	0	0	[奇]神匠	天降奇缘，请做出你的选择	0	0	0	0	15
4500	49	1	91000701	4549	5000	0	0	[奇]幻林异果	天降奇缘，请做出你的选择	0	0	0	0	15
4500	50	1	91000702	4550	5000	0	0	[奇]幻林异果	天降奇缘，请做出你的选择	0	0	0	0	15
4500	51	1	91000703	4551	5000	0	0	[奇]幻林异果	天降奇缘，请做出你的选择	0	0	0	0	15
4500	52	1	91000704	4552	5000	0	0	[奇]幻林异果	天降奇缘，请做出你的选择	0	0	0	0	15
4500	53	1	91000705	4553	5000	0	0	[奇]幻林异果	天降奇缘，请做出你的选择	0	0	0	0	15
4500	54	1	91000706	4554	5000	0	0	[奇]幻林异果	天降奇缘，请做出你的选择	0	0	0	0	15
4500	55	1	91000707	4555	5000	0	0	[奇]幻林异果	天降奇缘，请做出你的选择	0	0	0	0	15
4500	56	1	91000708	4556	5000	0	0	[奇]幻林异果	天降奇缘，请做出你的选择	0	0	0	0	15
4500	57	1	91000701	4557	5000	0	0	[奇]三合殿食神	天降奇缘，请做出你的选择	0	0	0	0	15
4500	58	1	91000702	4558	5000	0	0	[奇]三合殿食神	天降奇缘，请做出你的选择	0	0	0	0	15
4500	59	1	91000703	4559	5000	0	0	[奇]三合殿食神	天降奇缘，请做出你的选择	0	0	0	0	15
4500	60	1	91000704	4560	5000	0	0	[奇]三合殿食神	天降奇缘，请做出你的选择	0	0	0	0	15
4500	61	1	91000705	4561	5000	0	0	[奇]三合殿食神	天降奇缘，请做出你的选择	0	0	0	0	15
4500	62	1	91000706	4562	5000	0	0	[奇]三合殿食神	天降奇缘，请做出你的选择	0	0	0	0	15
4500	63	1	91000707	4563	5000	0	0	[奇]三合殿食神	天降奇缘，请做出你的选择	0	0	0	0	15
4500	64	1	91000708	4564	5000	0	0	[奇]三合殿食神	天降奇缘，请做出你的选择	0	0	0	0	15
4901	0	1	91000708	4901	5000	0	0	[灯]元宵灯谜	元宵灯谜，请做出你的选择	0	0	0	0	15
4901	1	1	91000708	4902	5000	0	0	[灯]元宵灯谜	元宵灯谜，请做出你的选择	0	0	0	0	15
4901	2	1	91000708	4903	5000	0	0	[灯]元宵灯谜	元宵灯谜，请做出你的选择	0	0	0	0	15
4901	3	1	91000708	4904	5000	0	0	[灯]元宵灯谜	元宵灯谜，请做出你的选择	0	0	0	0	15
4901	4	1	91000708	4905	5000	0	0	[灯]元宵灯谜	元宵灯谜，请做出你的选择	0	0	0	0	15
4901	5	1	91000708	4906	5000	0	0	[灯]元宵灯谜	元宵灯谜，请做出你的选择	0	0	0	0	15
4901	6	1	91000708	4907	5000	0	0	[灯]元宵灯谜	元宵灯谜，请做出你的选择	0	0	0	0	15
4901	7	1	91000708	4908	5000	0	0	[灯]元宵灯谜	元宵灯谜，请做出你的选择	0	0	0	0	15
4901	8	1	91000708	4909	5000	0	0	[灯]元宵灯谜	元宵灯谜，请做出你的选择	0	0	0	0	15
4901	9	1	91000708	4910	5000	0	0	[灯]元宵灯谜	元宵灯谜，请做出你的选择	0	0	0	0	15
4901	10	1	91000708	4911	5000	0	0	[灯]元宵灯谜	元宵灯谜，请做出你的选择	0	0	0	0	15
4901	11	1	91000708	4912	5000	0	0	[灯]元宵灯谜	元宵灯谜，请做出你的选择	0	0	0	0	15
4901	12	1	91000708	4913	5000	0	0	[灯]元宵灯谜	元宵灯谜，请做出你的选择	0	0	0	0	15
4901	13	1	91000708	4914	5000	0	0	[灯]元宵灯谜	元宵灯谜，请做出你的选择	0	0	0	0	15
4901	14	1	91000708	4915	5000	0	0	[灯]元宵灯谜	元宵灯谜，请做出你的选择	0	0	0	0	15
4901	15	1	91000708	4916	5000	0	0	[灯]元宵灯谜	元宵灯谜，请做出你的选择	0	0	0	0	15
4901	16	1	91000708	4917	5000	0	0	[灯]元宵灯谜	元宵灯谜，请做出你的选择	0	0	0	0	15
4901	17	1	91000708	4918	5000	0	0	[灯]元宵灯谜	元宵灯谜，请做出你的选择	0	0	0	0	15
4901	18	1	91000708	4919	5000	0	0	[灯]元宵灯谜	元宵灯谜，请做出你的选择	0	0	0	0	15
4901	19	1	91000708	4920	5000	0	0	[灯]元宵灯谜	元宵灯谜，请做出你的选择	0	0	0	0	15
4901	20	1	91000708	4921	5000	0	0	[灯]元宵灯谜	元宵灯谜，请做出你的选择	0	0	0	0	15
4901	21	1	91000708	4922	5000	0	0	[灯]元宵灯谜	元宵灯谜，请做出你的选择	0	0	0	0	15
4901	22	1	91000708	4923	5000	0	0	[灯]元宵灯谜	元宵灯谜，请做出你的选择	0	0	0	0	15
4901	23	1	91000708	4924	5000	0	0	[灯]元宵灯谜	元宵灯谜，请做出你的选择	0	0	0	0	15
4901	24	1	91000708	4925	5000	0	0	[灯]元宵灯谜	元宵灯谜，请做出你的选择	0	0	0	0	15
4901	25	1	91000708	4926	5000	0	0	[灯]元宵灯谜	元宵灯谜，请做出你的选择	0	0	0	0	15
4901	26	1	91000708	4927	5000	0	0	[灯]元宵灯谜	元宵灯谜，请做出你的选择	0	0	0	0	15
4901	27	1	91000708	4928	5000	0	0	[灯]元宵灯谜	元宵灯谜，请做出你的选择	0	0	0	0	15
4901	28	1	91000708	4929	5000	0	0	[灯]元宵灯谜	元宵灯谜，请做出你的选择	0	0	0	0	15
4901	29	1	91000708	4930	5000	0	0	[灯]元宵灯谜	元宵灯谜，请做出你的选择	0	0	0	0	15
4901	30	1	91000708	4931	5000	0	0	[灯]元宵灯谜	元宵灯谜，请做出你的选择	0	0	0	0	15
4901	31	1	91000708	4932	5000	0	0	[灯]元宵灯谜	元宵灯谜，请做出你的选择	0	0	0	0	15
4901	32	1	91000708	4933	5000	0	0	[灯]元宵灯谜	元宵灯谜，请做出你的选择	0	0	0	0	15
4901	33	1	91000708	4934	5000	0	0	[灯]元宵灯谜	元宵灯谜，请做出你的选择	0	0	0	0	15
4901	34	1	91000708	4935	5000	0	0	[灯]元宵灯谜	元宵灯谜，请做出你的选择	0	0	0	0	15
4901	35	1	91000708	4936	5000	0	0	[灯]元宵灯谜	元宵灯谜，请做出你的选择	0	0	0	0	15
4901	36	1	91000708	4937	5000	0	0	[灯]元宵灯谜	元宵灯谜，请做出你的选择	0	0	0	0	15
4901	37	1	91000708	4938	5000	0	0	[灯]元宵灯谜	元宵灯谜，请做出你的选择	0	0	0	0	15
4901	38	1	91000708	4939	5000	0	0	[灯]元宵灯谜	元宵灯谜，请做出你的选择	0	0	0	0	15
4901	39	1	91000708	4940	5000	0	0	[灯]元宵灯谜	元宵灯谜，请做出你的选择	0	0	0	0	15
4901	40	1	91000708	4941	5000	0	0	[灯]元宵灯谜	元宵灯谜，请做出你的选择	0	0	0	0	15
4901	41	1	91000708	4942	5000	0	0	[灯]元宵灯谜	元宵灯谜，请做出你的选择	0	0	0	0	15
4901	42	1	91000708	4943	5000	0	0	[灯]元宵灯谜	元宵灯谜，请做出你的选择	0	0	0	0	15
4901	43	1	91000708	4944	5000	0	0	[灯]元宵灯谜	元宵灯谜，请做出你的选择	0	0	0	0	15
4901	44	1	91000708	4945	5000	0	0	[灯]元宵灯谜	元宵灯谜，请做出你的选择	0	0	0	0	15
4901	45	1	91000708	4946	5000	0	0	[灯]元宵灯谜	元宵灯谜，请做出你的选择	0	0	0	0	15
4901	46	1	91000708	4947	5000	0	0	[灯]元宵灯谜	元宵灯谜，请做出你的选择	0	0	0	0	15
4901	47	1	91000708	4948	5000	0	0	[灯]元宵灯谜	元宵灯谜，请做出你的选择	0	0	0	0	15
4901	48	1	91000708	4949	5000	0	0	[灯]元宵灯谜	元宵灯谜，请做出你的选择	0	0	0	0	15
4901	49	1	91000708	4950	5000	0	0	[灯]元宵灯谜	元宵灯谜，请做出你的选择	0	0	0	0	15
4901	50	1	91000708	4951	5000	0	0	[灯]元宵灯谜	元宵灯谜，请做出你的选择	0	0	0	0	15
4901	51	1	91000708	4952	5000	0	0	[灯]元宵灯谜	元宵灯谜，请做出你的选择	0	0	0	0	15
4901	52	1	91000708	4953	5000	0	0	[灯]元宵灯谜	元宵灯谜，请做出你的选择	0	0	0	0	15
4901	53	1	91000708	4954	5000	0	0	[灯]元宵灯谜	元宵灯谜，请做出你的选择	0	0	0	0	15
4901	54	1	91000708	4955	5000	0	0	[灯]元宵灯谜	元宵灯谜，请做出你的选择	0	0	0	0	15
4901	55	1	91000708	4956	5000	0	0	[灯]元宵灯谜	元宵灯谜，请做出你的选择	0	0	0	0	15
