传送ID	有效值	速度	地图ID	X坐标	Y坐标	地图ID	X坐标	Y坐标	地图ID	X坐标	Y坐标	传送类型	限制类型	限制数据	无	无	无	无	检测状态	备注
1001	1	50	10	5098	6925	10	5098	6925	10	5098	6925	1	0	0	0	0	0	0	0	无
1002	1	50	10	7142	5942	10	7142	5942	10	7142	5942	1	0	0	0	0	0	0	0	副本正常回跳点
1101	1	50	11	1637	2466	11	1637	2466	11	1637	2466	1	0	0	0	0	0	0	0	无
1301	1	50	13	404.73	30.714	13	404.73	30.714	13	404.73	30.714	1	0	0	0	0	0	0	0	无
1401	1	50	14	1959	2309	14	1959	2309	14	1959	2309	1	0	0	0	0	0	0	0	新手村异常回跳点
2101	1	50	21	838	1389	22	838	1389	23	838	1389	1	0	0	0	0	0	0	0	无
2201	1	50	21	838	1389	22	838	1389	23	838	1389	1	0	0	0	0	0	0	0	无
2301	1	50	21	838	1389	22	838	1389	23	838	1389	1	0	0	0	0	0	0	0	无
3001	1	50	30	1851	2399	30	2888	4321	30	3999	2414	1	0	0	0	0	0	0	0	天策领地过来
3002	1	50	30	2450	2681	30	3253	4153	30	4146	2671	1	0	0	0	0	0	0	0	圣王领地过来
3003	1	50	30	2450	2681	30	3253	4153	30	4146	2671	1	0	0	0	0	0	0	0	修罗领地过来
3004	1	50	30	2193	2747	30	2193	2747	30	2193	2747	1	0	0	0	0	0	0	0	天策秘道出来
3005	1	50	30	3174	3856	30	3174	3856	30	3174	3856	1	0	0	0	0	0	0	0	圣王秘道出来
3006	1	50	30	3561	2470	30	3561	2470	30	3561	2470	1	0	0	0	0	0	0	0	修罗秘道出来
3007	1	50	30	5068	4009	30	5068	4009	30	5068	4009	1	0	0	0	0	0	0	0	天策潜入秘道
3008	1	50	30	5582	4910	30	5582	4910	30	5582	4910	1	0	0	0	0	0	0	0	圣王潜入秘道
3009	1	50	30	6153	3991	30	6153	3991	30	6153	3991	1	0	0	0	0	0	0	0	修罗潜入秘道
11101	1	50	111	1637	2466	111	1637	2466	111	1637	2466	1	0	0	0	0	0	0	0	无
11301	1	50	113	4030	1899	113	4030	1899	113	4030	1899	1	0	0	0	0	0	0	0	备用圣王阵营的三合殿跳转（已删除）
11401	1	50	114	1959	2309	114	1959	2309	114	1959	2309	1	0	0	0	0	0	0	0	新手村异常回跳点
21101	1	50	211	1637	2466	211	1637	2466	211	1637	2466	1	0	0	0	0	0	0	0	无
21301	1	50	213	4030	1899	213	4030	1899	213	4030	1899	1	0	0	0	0	0	0	0	备用修罗阵营的三合殿跳转（已删除）
21401	1	50	214	1959	2309	214	1959	2309	214	1959	2309	1	0	0	0	0	0	0	0	新手村异常回跳点
30101	1	50	301	4132	5114	301	4132	5114	301	4132	5114	1	0	0	0	0	0	0	0	无
30102	1	50	301	4241	5172	302	4241	5172	303	4241	5172	1	0	0	0	0	0	0	0	无
30103	1	50	301	4252	5144	302	4252	5144	303	4252	5144	1	0	0	0	0	0	0	0	无
30104	1	50	301	4251	5110	302	4251	5110	303	4251	5110	1	0	0	0	0	0	0	0	无
30105	1	50	301	4246	5077	302	4246	5077	303	4246	5077	1	0	0	0	0	0	0	0	无
30201	1	50	302	4132	5114	302	4132	5114	302	4132	5114	1	0	0	0	0	0	0	0	无
30301	1	50	303	4132	5114	303	4132	5114	303	4132	5114	1	0	0	0	0	0	0	0	无
30401	1	50	304	23124	19969	304	25782	19967	304	24461	21535	1	0	0	0	0	0	0	0	无
30402	1	50	304	29511	20396	304	29511	20396	304	29511	20396	1	0	0	0	0	0	0	0	无
30501	1	50	305	792	289	305	457	624	305	792	953	1	0	0	0	0	0	0	0	无
30502	1	50	305	791	623	305	791	623	305	791	623	1	0	0	0	0	0	0	0	无
330101	1	50	3031	926	605	3031	926	605	3031	926	605	1	0	0	0	0	0	0	0	无
301101	1	50	3011	3711	2168	3011	3711	2168	3011	3711	2168	1	0	0	0	0	0	0	0	无
301201	1	50	3012	559	1355	3012	559	1355	3012	559	1355	1	0	0	0	0	0	0	0	无
301301	1	50	3013	2902	2110	3013	2902	2110	3013	2902	2110	1	0	0	0	0	0	0	0	无
301401	1	50	3014	582	603	3014	582	603	3014	582	603	1	0	0	0	0	0	0	0	无
301501	1	50	3015	3711	2168	3015	3711	2168	3015	3711	2168	1	0	0	0	0	0	0	0	无
301601	1	50	3016	559	1355	3016	559	1355	3016	559	1355	1	0	0	0	0	0	0	0	无
301701	1	50	3017	2902	2110	3017	2902	2110	3017	2902	2110	1	0	0	0	0	0	0	0	无
301801	1	50	3018	582	603	3018	582	603	3018	582	603	1	0	0	0	0	0	0	0	无
301901	1	50	3019	3711	2168	3019	3711	2168	3019	3711	2168	1	0	0	0	0	0	0	0	无
310101	1	50	3101	2357	2387	3101	2357	2387	3101	2357	2387	1	0	0	0	0	0	0	0	无
310201	1	50	3102	1793	1219	3102	1793	1219	3102	1793	1219	1	0	0	0	0	0	0	0	无
310301	1	50	3103	3435	1065	3103	3435	1065	3103	3435	1065	1	0	0	0	0	0	0	0	无
310401	1	50	3104	1016	2263	3104	1016	2263	3104	1016	2263	1	0	0	0	0	0	0	0	无
310501	1	50	3105	2357	2387	3105	2357	2387	3105	2357	2387	1	0	0	0	0	0	0	0	无
310601	1	50	3106	2357	2387	3106	2357	2387	3106	2357	2387	1	0	0	0	0	0	0	0	无
310701	1	50	3107	2357	2387	3107	2357	2387	3107	2357	2387	1	0	0	0	0	0	0	0	无
310801	1	50	3108	2357	2387	3108	2357	2387	3108	2357	2387	1	0	0	0	0	0	0	0	无
320101	1	50	3201	3176	751	3201	3176	751	3201	3176	751	1	0	0	0	0	0	0	0	无
320201	1	50	3202	792	817	3202	792	817	3202	792	817	1	0	0	0	0	0	0	0	无
320301	1	50	3203	602	765	3203	602	765	3203	602	765	1	0	0	0	0	0	0	0	无
320401	1	50	3204	602	765	3204	602	765	3204	602	765	1	0	0	0	0	0	0	0	无
340101	1	50	3401	3702	1246	3401	3702	1246	3401	3702	1246	1	0	0	0	0	0	0	0	无
340201	1	50	3402	3702	1246	3402	3702	1246	3402	3702	1246	1	0	0	0	0	0	0	0	无
340301	1	50	3403	3702	1246	3403	3702	1246	3403	3702	1246	1	0	0	0	0	0	0	0	无
340401	1	50	3404	3702	1246	3404	3702	1246	3404	3702	1246	1	0	0	0	0	0	0	0	无
340501	1	50	3405	3702	1246	3405	3702	1246	3405	3702	1246	1	0	0	0	0	0	0	0	无
340601	1	50	3406	3702	1246	3406	3702	1246	3406	3702	1246	1	0	0	0	0	0	0	0	无
340701	1	50	3407	3702	1246	3407	3702	1246	3407	3702	1246	1	0	0	0	0	0	0	0	无
340801	1	50	3408	3702	1246	3408	3702	1246	3408	3702	1246	1	0	0	0	0	0	0	0	无
350101	1	50	3501	575	794	3501	575	794	3501	575	794	1	0	0	0	0	0	0	0	无
360101	1	50	3601	707	616	3601	707	616	3601	707	616	1	0	0	0	0	0	0	0	无
360201	1	50	3602	707	616	3602	707	616	3602	707	616	1	0	0	0	0	0	0	0	无
360301	1	50	3603	707	616	3603	707	616	3603	707	616	1	0	0	0	0	0	0	0	无
360401	1	50	3604	707	616	3604	707	616	3604	707	616	1	0	0	0	0	0	0	0	无
360501	1	50	3605	707	616	3605	707	616	3605	707	616	1	0	0	0	0	0	0	0	无
360601	1	50	3606	707	616	3606	707	616	3606	707	616	1	0	0	0	0	0	0	0	无
360701	1	50	3607	707	616	3607	707	616	3607	707	616	1	0	0	0	0	0	0	0	无
390101	1	50	3901	413	905	3901	413	905	3901	413	905	1	0	0	0	0	0	0	0	无
391001	1	50	3910	1143	1000	3910	1143	1000	3910	1143	1000	1	0	0	0	0	0	0	0	无
391002	1	50	3910	1269	1000	3910	1269	1000	3910	1269	1000	1	0	0	0	0	0	0	0	无
391101	1	50	3911	1242	1967	3910	1242	1967	3910	1242	1967	1	0	0	0	0	0	0	0	无
392001	1	50	3920	434	593	3920	434	593	3920	434	593	1	0	0	0	0	0	0	0	无
393001	1	50	3930	1046	2037	3930	1046	2037	3930	1046	2037	1	0	0	0	0	0	0	0	师徒副本进入点
393101	1	50	3931	1046	2037	3931	1046	2037	3931	1046	2037	1	0	0	0	0	0	0	0	师徒副本进入点
393201	1	50	3932	1046	2037	3932	1046	2037	3932	1046	2037	1	0	0	0	0	0	0	0	师徒副本进入点
393301	1	50	3933	1046	2037	3933	1046	2037	3933	1046	2037	1	0	0	0	0	0	0	0	师徒副本进入点
393401	1	50	3934	1046	2037	3934	1046	2037	3934	1046	2037	1	0	0	0	0	0	0	0	师徒副本进入点
393501	1	50	3935	1046	2037	3935	1046	2037	3935	1046	2037	1	0	0	0	0	0	0	0	师徒副本进入点
393601	1	50	3936	1046	2037	3936	1046	2037	3936	1046	2037	1	0	0	0	0	0	0	0	师徒副本进入点
393701	1	50	3937	1046	2037	3937	1046	2037	3937	1046	2037	1	0	0	0	0	0	0	0	师徒副本进入点
393801	1	50	3938	1046	2037	3938	1046	2037	3938	1046	2037	1	0	0	0	0	0	0	0	师徒副本进入点
393901	1	50	3939	1046	2037	3939	1046	2037	3939	1046	2037	1	0	0	0	0	0	0	0	师徒副本进入点
410001	1	50	4100	921	414	4100	921	414	4100	921	414	1	0	0	0	0	0	0	0	无
410101	1	50	4101	921	414	4101	921	414	4101	921	414	1	0	0	0	0	0	0	0	无
410201	1	50	4102	2455	1827	4102	2455	1827	4102	2455	1827	1	0	0	0	0	0	0	0	无
410202	1	50	4102	3345	1828	4102	3345	1828	4102	3345	1828	1	0	0	0	0	0	0	0	无
410301	1	50	4103	966	1248	4103	966	1248	4103	966	1248	1	0	0	0	0	0	0	0	无
410302	1	50	4103	2505	1231	4103	2505	1231	4103	2505	1231	1	0	0	0	0	0	0	0	无
410401	1	50	4104	2455	1827	4104	2455	1827	4104	2455	1827	1	0	0	0	0	0	0	0	无
410402	1	50	4104	3345	1828	4104	3345	1828	4104	3345	1828	1	0	0	0	0	0	0	0	无
420101	1	50	4201	944	2209	4201	944	2209	4201	944	2209	1	0	0	0	0	0	0	0	无
420102	1	50	4201	1845	1703	4201	1845	1703	4201	1845	1703	1	0	0	0	0	0	0	0	无
420103	1	50	4201	2538	1697	4201	2538	1697	4201	2538	1697	1	0	0	0	0	0	0	0	无
420104	1	50	4201	2443	1823	4201	2443	1823	4201	2443	1823	1	0	0	0	0	0	0	0	无
420105	1	50	4201	2303	1778	4201	2303	1778	4201	2303	1778	1	0	0	0	0	0	0	0	无
420106	1	50	4201	2302	1616	4201	2302	1616	4201	2302	1616	1	0	0	0	0	0	0	0	无
420107	1	50	4201	2440	1571	4201	2440	1571	4201	2440	1571	1	0	0	0	0	0	0	0	无
420301	1	50	4203	2358	1750	4203	2358	1750	4203	2358	1750	1	0	0	0	0	0	0	0	无
420302	1	50	4203	2881	1087	4203	2881	1087	4203	2881	1087	1	0	0	0	0	0	0	0	无
420303	1	50	4203	2849	1352	4203	2849	1352	4203	2849	1352	1	0	0	0	0	0	0	0	无
420304	1	50	4203	3501	1278	4203	3501	1278	4203	3501	1278	1	0	0	0	0	0	0	0	无
420305	1	50	4203	3786	1283	4203	3786	1283	4203	3786	1283	1	0	0	0	0	0	0	0	无
420306	1	50	4203	3665	2061	4203	3665	2061	4203	3665	2061	1	0	0	0	0	0	0	0	无
420307	1	50	4203	3659	2333	4203	3659	2333	4203	3659	2333	1	0	0	0	0	0	0	0	无
420001	1	50	4200	1366	2631	4200	1366	2631	4200	1366	2631	1	0	0	0	0	0	0	0	无
420002	1	50	4200	1845	1703	4200	1845	1703	4200	1845	1703	1	0	0	0	0	0	0	0	无
420003	1	50	4200	2538	1697	4200	2538	1697	4200	2538	1697	1	0	0	0	0	0	0	0	无
420004	1	50	4200	2443	1823	4200	2443	1823	4200	2443	1823	1	0	0	0	0	0	0	0	无
420005	1	50	4200	2303	1778	4200	2303	1778	4200	2303	1778	1	0	0	0	0	0	0	0	无
420006	1	50	4200	2302	1616	4200	2302	1616	4200	2302	1616	1	0	0	0	0	0	0	0	无
420007	1	50	4200	2440	1571	4200	2440	1571	4200	2440	1571	1	0	0	0	0	0	0	0	无
430101	1	50	4301	431	595	4301	431	595	4301	431	595	1	0	0	0	0	0	0	0	无
430102	1	50	4301	731	595	4301	731	595	4301	731	595	1	0	0	0	0	0	0	0	无
430201	1	50	4302	431	595	4302	431	595	4302	431	595	1	0	0	0	0	0	0	0	无
430301	1	50	4303	3930	3350	4303	3930	3350	4303	3930	3350	1	0	0	0	0	0	0	0	无
430302	1	50	4303	4390	2870	4303	4390	2870	4303	4390	2870	1	0	0	0	0	0	0	0	无
430303	1	50	4303	3470	2870	4303	3470	2870	4303	3470	2870	1	0	0	0	0	0	0	0	无
430304	1	50	4303	3470	3820	4303	3470	3820	4303	3470	3820	1	0	0	0	0	0	0	0	无
430305	1	50	4303	4390	3820	4303	4390	3820	4303	4390	3820	1	0	0	0	0	0	0	0	无
430401	1	50	4304	3930	3350	4304	3930	3350	4304	3930	3350	1	0	0	0	0	0	0	0	无
430402	1	50	4304	4390	2870	4304	4390	2870	4304	4390	2870	1	0	0	0	0	0	0	0	无
430403	1	50	4304	3470	2870	4304	3470	2870	4304	3470	2870	1	0	0	0	0	0	0	0	无
430404	1	50	4304	3470	3820	4304	3470	3820	4304	3470	3820	1	0	0	0	0	0	0	0	无
430405	1	50	4304	4390	3820	4304	4390	3820	4304	4390	3820	1	0	0	0	0	0	0	0	无
430501	1	50	4301	431	595	4301	431	595	4301	431	595	1	0	0	0	0	0	0	0	无
430502	1	50	4301	731	595	4301	731	595	4301	731	595	1	0	0	0	0	0	0	0	无
440101	1	50	4401	3626	1830	4401	2156	1830	4401	2156	1830	1	0	0	0	0	0	0	0	无
440201	1	50	4402	3234	2242	4402	3234	2242	4402	3234	2242	1	0	0	0	0	0	0	0	守方复活点
440202	1	50	4402	2195	3289	4402	2195	3289	4402	2195	3289	1	0	0	0	0	0	0	0	攻1方复活点
440203	1	50	4402	1180	2241	4402	1180	2241	4402	1180	2241	1	0	0	0	0	0	0	0	攻2方复活点
440204	1	50	4402	2195	1217	4402	2195	1217	4402	2195	1217	1	0	0	0	0	0	0	0	攻3方复活点
450101	1	50	4501	4212	1437	4501	4212	1437	4501	4212	1437	1	0	0	0	0	0	0	0	神魔古墓准备区域进入点
450102	1	50	4501	2614	3783	4501	2614	3783	4501	2614	3783	1	0	0	0	0	0	0	0	神魔古墓一层1区域进入点
450103	1	50	4501	1854	3034	4501	1854	3034	4501	1854	3034	1	0	0	0	0	0	0	0	神魔古墓一层2区域进入点
450104	1	50	4501	1856	1970	4501	1856	1970	4501	1856	1970	1	0	0	0	0	0	0	0	神魔古墓一层3区域进入点
450105	1	50	4501	2619	1224	4501	2619	1224	4501	2619	1224	1	0	0	0	0	0	0	0	神魔古墓一层4区域进入点
450106	1	50	4501	5828	1228	4501	5828	1228	4501	5828	1228	1	0	0	0	0	0	0	0	神魔古墓一层5区域进入点
450107	1	50	4501	6584	1974	4501	6584	1974	4501	6584	1974	1	0	0	0	0	0	0	0	神魔古墓一层6区域进入点
450108	1	50	4501	6586	3030	4501	6586	3030	4501	6586	3030	1	0	0	0	0	0	0	0	神魔古墓一层7区域进入点
450109	1	50	4501	5829	3784	4501	5829	3784	4501	5829	3784	1	0	0	0	0	0	0	0	神魔古墓一层8区域进入点
450110	1	50	4501	2618	3058	4501	2618	3058	4501	2618	3058	1	0	0	0	0	0	0	0	神魔古墓二层1区域进入点
450111	1	50	4501	2614	1994	4501	2614	1994	4501	2614	1994	1	0	0	0	0	0	0	0	神魔古墓二层2区域进入点
450112	1	50	4501	5286	1990	4501	5286	1990	4501	5286	1990	1	0	0	0	0	0	0	0	神魔古墓二层3区域进入点
450113	1	50	4501	5289	3050	4501	5289	3050	4501	5289	3050	1	0	0	0	0	0	0	0	神魔古墓二层4区域进入点
450201	1	50	4502	4132	5103	4502	4132	5103	4502	4132	5103	1	0	0	0	0	0	0	0	吃鸡准备场
450301	1	50	4503	1723	1373	4503	1723	1373	4503	1723	1373	1	0	0	0	0	0	0	0	吃鸡副本
450401	1	50	4504	4132	5103	4504	4132	5103	4504	4132	5103	1	0	0	0	0	0	0	0	跨服吃鸡准备场
450501	1	50	4505	1723	1373	4505	1723	1373	4505	1723	1373	1	0	0	0	0	0	0	0	跨服吃鸡副本
450601	1	50	4506	4132	5103	4506	4132	5103	4506	4132	5103	1	0	0	0	0	0	0	0	跨服吃鸡准备场
450701	1	50	4507	1723	1373	4507	1723	1373	4507	1723	1373	1	0	0	0	0	0	0	0	跨服吃鸡副本
601301	1	50	6013	1296	1305	6013	1296	1305	6013	1296	1305	1	0	0	0	0	0	0	0	无
602001	1	50	6020	3446	3783	6020	3446	3783	6020	3446	3783	1	0	0	0	0	0	0	0	无
700101	1	50	7001	1633	1653	7001	1633	1653	7001	1633	1653	1	0	0	0	0	0	0	0	无
701001	1	50	7010	1792	1221	7010	1792	1221	7010	1792	1221	1	0	0	0	0	0	0	0	无
710001	1	50	7100	2171	683	7100	857	2180	7100	3553	2195	1	0	0	0	0	0	0	0	无
710101	1	50	7101	2171	683	7101	857	2180	7101	3553	2195	1	0	0	0	0	0	0	0	无
710201	1	50	7102	2171	683	7102	857	2180	7102	3553	2195	1	0	0	0	0	0	0	0	无
710301	1	50	7103	2171	683	7103	857	2180	7103	3553	2195	1	0	0	0	0	0	0	0	无
710401	1	50	7104	2171	683	7104	857	2180	7104	3553	2195	1	0	0	0	0	0	0	0	无
710501	1	50	7105	2171	683	7105	857	2180	7105	3553	2195	1	0	0	0	0	0	0	0	无
710601	1	50	7106	2171	683	7106	857	2180	7106	3553	2195	1	0	0	0	0	0	0	0	无
710701	1	50	7107	2171	683	7107	857	2180	7107	3553	2195	1	0	0	0	0	0	0	0	无
710801	1	50	7108	2171	683	7108	857	2180	7108	3553	2195	1	0	0	0	0	0	0	0	无
711001	1	50	7110	1955	2445	7110	4476	2567	7110	3311	4880	1	0	0	0	0	0	0	0	无
711101	1	50	7111	1955	2445	7111	4476	2567	7111	3311	4880	1	0	0	0	0	0	0	0	无
711201	1	50	7112	1955	2445	7112	4476	2567	7112	3311	4880	1	0	0	0	0	0	0	0	无
711301	1	50	7113	1955	2445	7113	4476	2567	7113	3311	4880	1	0	0	0	0	0	0	0	无
711401	1	50	7114	1955	2445	7114	4476	2567	7114	3311	4880	1	0	0	0	0	0	0	0	无
711501	1	50	7115	1955	2445	7115	4476	2567	7115	3311	4880	1	0	0	0	0	0	0	0	无
711601	1	50	7116	1955	2445	7116	4476	2567	7116	3311	4880	1	0	0	0	0	0	0	0	无
720001	1	50	7200	2171	683	7200	857	2180	7200	3553	2195	1	0	0	0	0	0	0	0	无
900101	1	50	9001	1019	2515	9001	1019	2515	9001	1019	2515	1	0	0	0	0	0	0	0	无
900201	1	50	9002	1019	2515	9002	1019	2515	9002	1019	2515	1	0	0	0	0	0	0	0	无
900301	1	50	9003	1019	2515	9003	1019	2515	9003	1019	2515	1	0	0	0	0	0	0	0	无
900401	1	50	9004	1019	2515	9004	1019	2515	9004	1019	2515	1	0	0	0	0	0	0	0	无
900501	1	50	9005	1019	2515	9005	1019	2515	9005	1019	2515	1	0	0	0	0	0	0	0	无
900601	1	50	9006	1019	2515	9006	1019	2515	9006	1019	2515	1	0	0	0	0	0	0	0	无
900701	1	50	9007	1019	2515	9007	1019	2515	9007	1019	2515	1	0	0	0	0	0	0	0	无
900801	1	50	9008	1019	2515	9008	1019	2515	9008	1019	2515	1	0	0	0	0	0	0	0	无
900901	1	50	9009	1019	2515	9009	1019	2515	9009	1019	2515	1	0	0	0	0	0	0	0	无
901001	1	50	9010	1019	2515	9010	1019	2515	9010	1019	2515	1	0	0	0	0	0	0	0	无
901101	1	50	9011	1019	2515	9011	1019	2515	9011	1019	2515	1	0	0	0	0	0	0	0	无
901201	1	50	9012	1019	2515	9012	1019	2515	9012	1019	2515	1	0	0	0	0	0	0	0	无
901301	1	50	9013	1019	2515	9013	1019	2515	9013	1019	2515	1	0	0	0	0	0	0	0	无
901401	1	50	9014	1019	2515	9014	1019	2515	9014	1019	2515	1	0	0	0	0	0	0	0	无
901501	1	50	9015	1019	2515	9015	1019	2515	9015	1019	2515	1	0	0	0	0	0	0	0	无
901601	1	50	9016	1019	2515	9016	1019	2515	9016	1019	2515	1	0	0	0	0	0	0	0	无
901701	1	50	9017	1019	2515	9017	1019	2515	9017	1019	2515	1	0	0	0	0	0	0	0	无
901801	1	50	9018	1019	2515	9018	1019	2515	9018	1019	2515	1	0	0	0	0	0	0	0	无
901901	1	50	9019	1019	2515	9019	1019	2515	9019	1019	2515	1	0	0	0	0	0	0	0	无
902001	1	50	9020	1019	2515	9020	1019	2515	9020	1019	2515	1	0	0	0	0	0	0	0	无
802101	1	50	8021	2547	2647	8021	2547	2647	8021	2547	2647	1	0	0	0	0	0	0	0	无
802201	1	50	8022	2096	2312	8022	2096	2312	8022	2096	2312	1	0	0	0	0	0	0	0	无
802301	1	50	8023	2671	1720	8023	2671	1720	8023	2671	1720	1	0	0	0	0	0	0	0	无
802401	1	50	8024	1812	1877	8024	1812	1877	8024	1812	1877	1	0	0	0	0	0	0	0	无
802501	1	50	8025	1752	2219	8025	1752	2219	8025	1752	2219	1	0	0	0	0	0	0	0	无
802601	1	50	8026	2099	1971	8026	2099	1971	8026	2099	1971	1	0	0	0	0	0	0	0	无
802701	1	50	8027	2375	2062	8027	2375	2062	8027	2375	2062	1	0	0	0	0	0	0	0	无
802801	1	50	8028	2625	1773	8028	2625	1773	8028	2625	1773	1	0	0	0	0	0	0	0	无
802901	1	50	8029	2153	2032	8029	2153	2032	8029	2153	2032	1	0	0	0	0	0	0	0	无
803001	1	50	8030	2749	2641	8030	2749	2641	8030	2749	2641	1	0	0	0	0	0	0	0	无
803101	1	50	8031	1797	2837	8031	1797	2837	8031	1797	2837	1	0	0	0	0	0	0	0	无
803201	1	50	8032	2215	2456	8032	2215	2456	8032	2215	2456	1	0	0	0	0	0	0	0	无
803301	1	50	8033	1462	1362	8033	1462	1362	8033	1462	1362	1	0	0	0	0	0	0	0	无
803401	1	50	8034	2077	1817	8034	2077	1817	8034	2077	1817	1	0	0	0	0	0	0	0	无
803501	1	50	8035	2149	1305	8035	2149	1305	8035	2149	1305	1	0	0	0	0	0	0	0	无
803601	1	50	8036	1461	1353	8036	1461	1353	8036	1461	1353	1	0	0	0	0	0	0	0	无
803701	1	50	8037	2070	1817	8037	2070	1817	8037	2070	1817	1	0	0	0	0	0	0	0	无
803801	1	50	8038	2083	1815	8038	2083	1815	8038	2083	1815	1	0	0	0	0	0	0	0	无
803901	1	50	8039	1459	1365	8039	1459	1365	8039	1459	1365	1	0	0	0	0	0	0	0	无
804001	1	50	8040	2085	1818	8040	2085	1818	8040	2085	1818	1	0	0	0	0	0	0	0	无
804101	1	50	8041	732	1022	8041	732	1022	8041	732	1022	1	0	0	0	0	0	0	0	无
804201	1	50	8042	942	1158	8042	942	1158	8042	942	1158	1	0	0	0	0	0	0	0	无
804301	1	50	8043	945	1220	8043	945	1220	8043	945	1220	1	0	0	0	0	0	0	0	无
804401	1	50	8044	1277	1136	8044	1277	1136	8044	1277	1136	1	0	0	0	0	0	0	0	无
804501	1	50	8045	796	1021	8045	796	1021	8045	796	1021	1	0	0	0	0	0	0	0	无
804601	1	50	8046	766	1025	8046	766	1025	8046	766	1025	1	0	0	0	0	0	0	0	无
804701	1	50	8047	942	1431	8047	942	1431	8047	942	1431	1	0	0	0	0	0	0	0	无
804801	1	50	8048	944	889	8048	944	889	8048	944	889	1	0	0	0	0	0	0	0	无
804901	1	50	8049	765	1021	8049	765	1021	8049	765	1021	1	0	0	0	0	0	0	0	无
805001	1	50	8050	1277	1140	8050	1277	1140	8050	1277	1140	1	0	0	0	0	0	0	0	无
805101	1	50	8051	1493	1970	8051	1493	1970	8051	1493	1970	1	0	0	0	0	0	0	0	无
805201	1	50	8052	2440	2394	8052	2440	2394	8052	2440	2394	1	0	0	0	0	0	0	0	无
805301	1	50	8053	2014	1758	8053	2014	1758	8053	2014	1758	1	0	0	0	0	0	0	0	无
805401	1	50	8054	1653	2260	8054	1653	2260	8054	1653	2260	1	0	0	0	0	0	0	0	无
805501	1	50	8055	1239	2261	8055	1239	2261	8055	1239	2261	1	0	0	0	0	0	0	0	无
805601	1	50	8056	1689	2253	8056	1689	2253	8056	1689	2253	1	0	0	0	0	0	0	0	无
805701	1	50	8057	1491	2067	8057	1491	2067	8057	1491	2067	1	0	0	0	0	0	0	0	无
805801	1	50	8058	2261	2393	8058	2261	2393	8058	2261	2393	1	0	0	0	0	0	0	0	无
805901	1	50	8059	2296	2394	8059	2296	2394	8059	2296	2394	1	0	0	0	0	0	0	0	无
806001	1	50	8060	1966	1769	8060	1966	1769	8060	1966	1769	1	0	0	0	0	0	0	0	无
806101	1	50	8061	1797	2780	8061	1797	2780	8061	1797	2780	1	0	0	0	0	0	0	0	无
806201	1	50	8062	1540	1830	8062	1540	1830	8062	1540	1830	1	0	0	0	0	0	0	0	无
806301	1	50	8063	1800	2277	8063	1800	2277	8063	1800	2277	1	0	0	0	0	0	0	0	无
806401	1	50	8064	1790	1649	8064	1790	1649	8064	1790	1649	1	0	0	0	0	0	0	0	无
806501	1	50	8065	1540	1830	8065	1540	1830	8065	1540	1830	1	0	0	0	0	0	0	0	无
806601	1	50	8066	1797	2780	8066	1797	2780	8066	1797	2780	1	0	0	0	0	0	0	0	无
806701	1	50	8067	1800	2277	8067	1800	2277	8067	1800	2277	1	0	0	0	0	0	0	0	无
806801	1	50	8068	1540	1830	8068	1540	1830	8068	1540	1830	1	0	0	0	0	0	0	0	无
806901	1	50	8069	1797	2780	8069	1797	2780	8069	1797	2780	1	0	0	0	0	0	0	0	无
807001	1	50	8070	1790	1649	8070	1790	1649	8070	1790	1649	1	0	0	0	0	0	0	0	无
807101	1	50	8071	2625	1774	8071	2625	1774	8071	2625	1774	1	0	0	0	0	0	0	0	无
807201	1	50	8072	2083	1960	8072	2083	1960	8072	2083	1960	1	0	0	0	0	0	0	0	无
807301	1	50	8073	2060	2550	8073	2060	2550	8073	2060	2550	1	0	0	0	0	0	0	0	无
807401	1	50	8074	2510	2648	8074	2510	2648	8074	2510	2648	1	0	0	0	0	0	0	0	无
807501	1	50	8075	1870	1877	8075	1870	1877	8075	1870	1877	1	0	0	0	0	0	0	0	无
807601	1	50	8076	2521	2647	8076	2521	2647	8076	2521	2647	1	0	0	0	0	0	0	0	无
807701	1	50	8077	1883	2329	8077	1883	2329	8077	1883	2329	1	0	0	0	0	0	0	0	无
807801	1	50	8078	2624	1774	8078	2624	1774	8078	2624	1774	1	0	0	0	0	0	0	0	无
807901	1	50	8079	2165	2235	8079	2165	2235	8079	2165	2235	1	0	0	0	0	0	0	0	无
808001	1	50	8080	2373	2062	8080	2373	2062	8080	2373	2062	1	0	0	0	0	0	0	0	无
808101	1	50	8081	3706	1509	8081	3706	1509	8081	3706	1509	1	0	0	0	0	0	0	0	无
808201	1	50	8082	3706	1509	8082	3706	1509	8082	3706	1509	1	0	0	0	0	0	0	0	无
808301	1	50	8083	3706	1509	8083	3706	1509	8083	3706	1509	1	0	0	0	0	0	0	0	无
808401	1	50	8084	3706	1509	8084	3706	1509	8084	3706	1509	1	0	0	0	0	0	0	0	无
808501	1	50	8085	3706	1509	8085	3706	1509	8085	3706	1509	1	0	0	0	0	0	0	0	无
808601	1	50	8086	3706	1509	8086	3706	1509	8086	3706	1509	1	0	0	0	0	0	0	0	无
808701	1	50	8087	3706	1509	8087	3706	1509	8087	3706	1509	1	0	0	0	0	0	0	0	无
808801	1	50	8088	3706	1509	8088	3706	1509	8088	3706	1509	1	0	0	0	0	0	0	0	无
808901	1	50	8089	3706	1509	8089	3706	1509	8089	3706	1509	1	0	0	0	0	0	0	0	无
809001	1	50	8090	3706	1509	8090	3706	1509	8090	3706	1509	1	0	0	0	0	0	0	0	无
809101	1	50	8091	1023	1998	8091	1023	1998	8091	1023	1998	1	0	0	0	0	0	0	0	无
809201	1	50	8092	759	1355	8092	759	1355	8092	759	1355	1	0	0	0	0	0	0	0	无
809301	1	50	8093	1725	1369	8093	1725	1369	8093	1725	1369	1	0	0	0	0	0	0	0	无
809401	1	50	8094	1021	667	8094	1021	667	8094	1021	667	1	0	0	0	0	0	0	0	无
809501	1	50	8095	1021	2076	8095	1021	2076	8095	1021	2076	1	0	0	0	0	0	0	0	无
809601	1	50	8096	781	1355	8096	781	1355	8096	781	1355	1	0	0	0	0	0	0	0	无
809701	1	50	8097	1716	1371	8097	1716	1371	8097	1716	1371	1	0	0	0	0	0	0	0	无
809801	1	50	8098	1021	722	8098	1021	722	8098	1021	722	1	0	0	0	0	0	0	0	无
809901	1	50	8099	1017	1883	8099	1017	1883	8099	1017	1883	1	0	0	0	0	0	0	0	无
810001	1	50	8100	784	1355	8100	784	1355	8100	784	1355	1	0	0	0	0	0	0	0	无
810101	1	50	8101	2311	2391	8101	2311	2391	8101	2311	2391	1	0	0	0	0	0	0	0	无
810201	1	50	8102	1484	2540	8102	1484	2540	8102	1484	2540	1	0	0	0	0	0	0	0	无
810301	1	50	8103	1493	2063	8103	1493	2063	8103	1493	2063	1	0	0	0	0	0	0	0	无
810401	1	50	8104	1768	1765	8104	1768	1765	8104	1768	1765	1	0	0	0	0	0	0	0	无
810501	1	50	8105	2311	2394	8105	2311	2394	8105	2311	2394	1	0	0	0	0	0	0	0	无
810601	1	50	8106	1782	1767	8106	1782	1767	8106	1782	1767	1	0	0	0	0	0	0	0	无
810701	1	50	8107	2316	2394	8107	2316	2394	8107	2316	2394	1	0	0	0	0	0	0	0	无
810801	1	50	8108	1490	2063	8108	1490	2063	8108	1490	2063	1	0	0	0	0	0	0	0	无
810901	1	50	8109	2299	2393	8109	2299	2393	8109	2299	2393	1	0	0	0	0	0	0	0	无
811001	1	50	8110	1793	1767	8110	1793	1767	8110	1793	1767	1	0	0	0	0	0	0	0	无
811101	1	50	8111	800	1023	8111	800	1023	8111	800	1023	1	0	0	0	0	0	0	0	无
811201	1	50	8112	944	892	8112	944	892	8112	944	892	1	0	0	0	0	0	0	0	无
811301	1	50	8113	944	1430	8113	944	1430	8113	944	1430	1	0	0	0	0	0	0	0	无
811401	1	50	8114	1077	1010	8114	1077	1010	8114	1077	1010	1	0	0	0	0	0	0	0	无
811501	1	50	8115	944	1436	8115	944	1436	8115	944	1436	1	0	0	0	0	0	0	0	无
811601	1	50	8116	943	891	8116	943	891	8116	943	891	1	0	0	0	0	0	0	0	无
811701	1	50	8117	1071	1010	8117	1071	1010	8117	1071	1010	1	0	0	0	0	0	0	0	无
811801	1	50	8118	1278	1126	8118	1278	1126	8118	1278	1126	1	0	0	0	0	0	0	0	无
811901	1	50	8119	944	877	8119	944	877	8119	944	877	1	0	0	0	0	0	0	0	无
812001	1	50	8120	814	1025	8120	814	1025	8120	814	1025	1	0	0	0	0	0	0	0	无
812101	1	50	8121	2657	2641	8121	2657	2641	8121	2657	2641	1	0	0	0	0	0	0	0	无
812201	1	50	8122	2098	1973	8122	2098	1973	8122	2098	1973	1	0	0	0	0	0	0	0	无
812301	1	50	8123	2641	1751	8123	2641	1751	8123	2641	1751	1	0	0	0	0	0	0	0	无
812401	1	50	8124	2680	2643	8124	2680	2643	8124	2680	2643	1	0	0	0	0	0	0	0	无
812501	1	50	8125	1847	1875	8125	1847	1875	8125	1847	1875	1	0	0	0	0	0	0	0	无
812601	1	50	8126	1759	1877	8126	1759	1877	8126	1759	1877	1	0	0	0	0	0	0	0	无
812701	1	50	8127	2679	1713	8127	2679	1713	8127	2679	1713	1	0	0	0	0	0	0	0	无
812801	1	50	8128	2642	1753	8128	2642	1753	8128	2642	1753	1	0	0	0	0	0	0	0	无
812901	1	50	8129	2698	2646	8129	2698	2646	8129	2698	2646	1	0	0	0	0	0	0	0	无
813001	1	50	8130	2618	2643	8130	2618	2643	8130	2618	2643	1	0	0	0	0	0	0	0	无
813101	1	50	8131	1527	1830	8131	1527	1830	8131	1527	1830	1	0	0	0	0	0	0	0	无
813201	1	50	8132	1459	1330	8132	1459	1330	8132	1459	1330	1	0	0	0	0	0	0	0	无
813301	1	50	8133	2150	1293	8133	2150	1293	8133	2150	1293	1	0	0	0	0	0	0	0	无
813401	1	50	8134	1797	2794	8134	1797	2794	8134	1797	2794	1	0	0	0	0	0	0	0	无
813501	1	50	8135	1459	1326	8135	1459	1326	8135	1459	1326	1	0	0	0	0	0	0	0	无
813601	1	50	8136	2207	2450	8136	2207	2450	8136	2207	2450	1	0	0	0	0	0	0	0	无
813701	1	50	8137	1519	1830	8137	1519	1830	8137	1519	1830	1	0	0	0	0	0	0	0	无
813801	1	50	8138	2151	1304	8138	2151	1304	8138	2151	1304	1	0	0	0	0	0	0	0	无
813901	1	50	8139	1249	2189	8139	1249	2189	8139	1249	2189	1	0	0	0	0	0	0	0	无
814001	1	50	8140	2083	1818	8140	2083	1818	8140	2083	1818	1	0	0	0	0	0	0	0	无
814101	1	50	8141	2302	2393	8141	2302	2393	8141	2302	2393	1	0	0	0	0	0	0	0	无
814201	1	50	8142	1493	2039	8142	1493	2039	8142	1493	2039	1	0	0	0	0	0	0	0	无
814301	1	50	8143	1164	2265	8143	1164	2265	8143	1164	2265	1	0	0	0	0	0	0	0	无
814401	1	50	8144	2313	2393	8144	2313	2393	8144	2313	2393	1	0	0	0	0	0	0	0	无
814501	1	50	8145	1489	2060	8145	1489	2060	8145	1489	2060	1	0	0	0	0	0	0	0	无
814601	1	50	8146	1756	1763	8146	1756	1763	8146	1756	1763	1	0	0	0	0	0	0	0	无
814701	1	50	8147	1714	2257	8147	1714	2257	8147	1714	2257	1	0	0	0	0	0	0	0	无
814801	1	50	8148	2290	2393	8148	2290	2393	8148	2290	2393	1	0	0	0	0	0	0	0	无
814901	1	50	8149	1491	2059	8149	1491	2059	8149	1491	2059	1	0	0	0	0	0	0	0	无
815001	1	50	8150	2315	2392	8150	2315	2392	8150	2315	2392	1	0	0	0	0	0	0	0	无
815101	1	50	8151	3712	1982	8151	3712	1982	8151	3712	1982	1	0	0	0	0	0	0	0	无
815201	1	50	8152	3707	1429	8152	3707	1429	8152	3707	1429	1	0	0	0	0	0	0	0	无
815301	1	50	8153	3175	779	8153	3175	779	8153	3175	779	1	0	0	0	0	0	0	0	无
815401	1	50	8154	3710	2051	8154	3710	2051	8154	3710	2051	1	0	0	0	0	0	0	0	无
815501	1	50	8155	3711	2020	8155	3711	2020	8155	3711	2020	1	0	0	0	0	0	0	0	无
815601	1	50	8156	3717	2511	8156	3717	2511	8156	3717	2511	1	0	0	0	0	0	0	0	无
815701	1	50	8157	3706	1482	8157	3706	1482	8157	3706	1482	1	0	0	0	0	0	0	0	无
815801	1	50	8158	3704	1483	8158	3704	1483	8158	3704	1483	1	0	0	0	0	0	0	0	无
815901	1	50	8159	3177	778	8159	3177	778	8159	3177	778	1	0	0	0	0	0	0	0	无
816001	1	50	8160	3712	1982	8160	3712	1982	8160	3712	1982	1	0	0	0	0	0	0	0	无
816101	1	50	8161	803	1021	8161	803	1021	8161	803	1021	1	0	0	0	0	0	0	0	无
816201	1	50	8162	945	892	8162	945	892	8162	945	892	1	0	0	0	0	0	0	0	无
816301	1	50	8163	1076	1010	8163	1076	1010	8163	1076	1010	1	0	0	0	0	0	0	0	无
816401	1	50	8164	946	760	8164	946	760	8164	946	760	1	0	0	0	0	0	0	0	无
816501	1	50	8165	944	1435	8165	944	1435	8165	944	1435	1	0	0	0	0	0	0	0	无
816601	1	50	8166	944	1422	8166	944	1422	8166	944	1422	1	0	0	0	0	0	0	0	无
816701	1	50	8167	800	1022	8167	800	1022	8167	800	1022	1	0	0	0	0	0	0	0	无
816801	1	50	8168	772	1326	8168	772	1326	8168	772	1326	1	0	0	0	0	0	0	0	无
816901	1	50	8169	944	1438	8169	944	1438	8169	944	1438	1	0	0	0	0	0	0	0	无
817001	1	50	8170	944	1443	8170	944	1443	8170	944	1443	1	0	0	0	0	0	0	0	无
817101	1	50	8171	791	815	8171	791	815	8171	791	815	1	0	0	0	0	0	0	0	无
817201	1	50	8172	791	815	8172	791	815	8172	791	815	1	0	0	0	0	0	0	0	无
817301	1	50	8173	791	815	8173	791	815	8173	791	815	1	0	0	0	0	0	0	0	无
817401	1	50	8174	791	815	8174	791	815	8174	791	815	1	0	0	0	0	0	0	0	无
817501	1	50	8175	791	815	8175	791	815	8175	791	815	1	0	0	0	0	0	0	0	无
817601	1	50	8176	791	815	8176	791	815	8176	791	815	1	0	0	0	0	0	0	0	无
817701	1	50	8177	791	815	8177	791	815	8177	791	815	1	0	0	0	0	0	0	0	无
817801	1	50	8178	791	815	8178	791	815	8178	791	815	1	0	0	0	0	0	0	0	无
817901	1	50	8179	791	815	8179	791	815	8179	791	815	1	0	0	0	0	0	0	0	无
818001	1	50	8180	791	815	8180	791	815	8180	791	815	1	0	0	0	0	0	0	0	无
818101	1	50	8181	2087	2323	8181	2087	2323	8181	2087	2323	1	0	0	0	0	0	0	0	无
818201	1	50	8182	2087	2323	8182	2087	2323	8182	2087	2323	1	0	0	0	0	0	0	0	无
818301	1	50	8183	2087	2323	8183	2087	2323	8183	2087	2323	1	0	0	0	0	0	0	0	无
818401	1	50	8184	2087	2323	8184	2087	2323	8184	2087	2323	1	0	0	0	0	0	0	0	无
818501	1	50	8185	2087	2323	8185	2087	2323	8185	2087	2323	1	0	0	0	0	0	0	0	无
818601	1	50	8186	2087	2323	8186	2087	2323	8186	2087	2323	1	0	0	0	0	0	0	0	无
818701	1	50	8187	2087	2323	8187	2087	2323	8187	2087	2323	1	0	0	0	0	0	0	0	无
818801	1	50	8188	2087	2323	8188	2087	2323	8188	2087	2323	1	0	0	0	0	0	0	0	无
818901	1	50	8189	2087	2323	8189	2087	2323	8189	2087	2323	1	0	0	0	0	0	0	0	无
819001	1	50	8190	2087	2323	8190	2087	2323	8190	2087	2323	1	0	0	0	0	0	0	0	无
819101	1	50	8191	554	1001	8191	554	1001	8191	554	1001	1	0	0	0	0	0	0	0	无
819201	1	50	8192	554	1001	8192	554	1001	8192	554	1001	1	0	0	0	0	0	0	0	无
819301	1	50	8193	554	1001	8193	554	1001	8193	554	1001	1	0	0	0	0	0	0	0	无
819401	1	50	8194	554	1001	8194	554	1001	8194	554	1001	1	0	0	0	0	0	0	0	无
819501	1	50	8195	554	1001	8195	554	1001	8195	554	1001	1	0	0	0	0	0	0	0	无
819601	1	50	8196	554	1001	8196	554	1001	8196	554	1001	1	0	0	0	0	0	0	0	无
819701	1	50	8197	554	1001	8197	554	1001	8197	554	1001	1	0	0	0	0	0	0	0	无
819801	1	50	8198	554	1001	8198	554	1001	8198	554	1001	1	0	0	0	0	0	0	0	无
819901	1	50	8199	554	1001	8199	554	1001	8199	554	1001	1	0	0	0	0	0	0	0	无
820001	1	50	8200	554	1001	8200	554	1001	8200	554	1001	1	0	0	0	0	0	0	0	无
820101	1	50	8201	1023	1998	8201	1023	1998	8201	1023	1998	1	0	0	0	0	0	0	0	无
820201	1	50	8202	759	1355	8202	759	1355	8202	759	1355	1	0	0	0	0	0	0	0	无
820301	1	50	8203	1725	1369	8203	1725	1369	8203	1725	1369	1	0	0	0	0	0	0	0	无
820401	1	50	8204	1021	667	8204	1021	667	8204	1021	667	1	0	0	0	0	0	0	0	无
820501	1	50	8205	1021	2076	8205	1021	2076	8205	1021	2076	1	0	0	0	0	0	0	0	无
820601	1	50	8206	781	1355	8206	781	1355	8206	781	1355	1	0	0	0	0	0	0	0	无
820701	1	50	8207	1716	1371	8207	1716	1371	8207	1716	1371	1	0	0	0	0	0	0	0	无
820801	1	50	8208	1021	722	8208	1021	722	8208	1021	722	1	0	0	0	0	0	0	0	无
820901	1	50	8209	1017	1883	8209	1017	1883	8209	1017	1883	1	0	0	0	0	0	0	0	无
821001	1	50	8210	784	1355	8210	784	1355	8210	784	1355	1	0	0	0	0	0	0	0	无
821101	1	50	8211	791	815	8211	791	815	8211	791	815	1	0	0	0	0	0	0	0	无
821201	1	50	8212	791	815	8212	791	815	8212	791	815	1	0	0	0	0	0	0	0	无
821301	1	50	8213	791	815	8213	791	815	8213	791	815	1	0	0	0	0	0	0	0	无
821401	1	50	8214	791	815	8214	791	815	8214	791	815	1	0	0	0	0	0	0	0	无
821501	1	50	8215	791	815	8215	791	815	8215	791	815	1	0	0	0	0	0	0	0	无
821601	1	50	8216	791	815	8216	791	815	8216	791	815	1	0	0	0	0	0	0	0	无
821701	1	50	8217	791	815	8217	791	815	8217	791	815	1	0	0	0	0	0	0	0	无
821801	1	50	8218	791	815	8218	791	815	8218	791	815	1	0	0	0	0	0	0	0	无
821901	1	50	8219	791	815	8219	791	815	8219	791	815	1	0	0	0	0	0	0	0	无
822001	1	50	8220	791	815	8220	791	815	8220	791	815	1	0	0	0	0	0	0	0	无
822101	1	50	8221	1693	2774	8221	1693	2774	8221	1693	2774	1	0	0	0	0	0	0	0	无
822201	1	50	8222	1693	2774	8222	1693	2774	8222	1693	2774	1	0	0	0	0	0	0	0	无
822301	1	50	8223	1693	2774	8223	1693	2774	8223	1693	2774	1	0	0	0	0	0	0	0	无
822401	1	50	8224	1693	2774	8224	1693	2774	8224	1693	2774	1	0	0	0	0	0	0	0	无
822501	1	50	8225	1693	2774	8225	1693	2774	8225	1693	2774	1	0	0	0	0	0	0	0	无
822601	1	50	8226	1693	2774	8226	1693	2774	8226	1693	2774	1	0	0	0	0	0	0	0	无
822701	1	50	8227	1693	2774	8227	1693	2774	8227	1693	2774	1	0	0	0	0	0	0	0	无
822801	1	50	8228	1693	2774	8228	1693	2774	8228	1693	2774	1	0	0	0	0	0	0	0	无
822901	1	50	8229	1693	2774	8229	1693	2774	8229	1693	2774	1	0	0	0	0	0	0	0	无
823001	1	50	8230	1693	2774	8230	1693	2774	8230	1693	2774	1	0	0	0	0	0	0	0	无
823101	1	50	8231	1693	2774	8230	1693	2774	8230	1693	2774	1	0	0	0	0	0	0	0	无
823201	1	50	8232	1693	2774	8230	1693	2774	8230	1693	2774	1	0	0	0	0	0	0	0	无
823301	1	50	8233	1693	2774	8230	1693	2774	8230	1693	2774	1	0	0	0	0	0	0	0	无
823401	1	50	8234	1693	2774	8230	1693	2774	8230	1693	2774	1	0	0	0	0	0	0	0	无
823501	1	50	8235	1693	2774	8230	1693	2774	8230	1693	2774	1	0	0	0	0	0	0	0	无
823601	1	50	8236	1693	2774	8230	1693	2774	8230	1693	2774	1	0	0	0	0	0	0	0	无
823701	1	50	8237	1693	2774	8230	1693	2774	8230	1693	2774	1	0	0	0	0	0	0	0	无
823801	1	50	8238	1693	2774	8230	1693	2774	8230	1693	2774	1	0	0	0	0	0	0	0	无
823901	1	50	8239	1693	2774	8230	1693	2774	8230	1693	2774	1	0	0	0	0	0	0	0	无
824001	1	50	8240	1693	2774	8230	1693	2774	8230	1693	2774	1	0	0	0	0	0	0	0	无
825101	1	50	8251	1693	2774	8251	1693	2774	8251	1693	2774	1	0	0	0	0	0	0	0	无
825201	1	50	8252	1693	2774	8252	1693	2774	8252	1693	2774	1	0	0	0	0	0	0	0	无
825301	1	50	8253	1693	2774	8253	1693	2774	8253	1693	2774	1	0	0	0	0	0	0	0	无
825401	1	50	8254	1693	2774	8254	1693	2774	8254	1693	2774	1	0	0	0	0	0	0	0	无
825501	1	50	8255	1693	2774	8255	1693	2774	8255	1693	2774	1	0	0	0	0	0	0	0	无
825601	1	50	8256	1693	2774	8256	1693	2774	8256	1693	2774	1	0	0	0	0	0	0	0	无
825701	1	50	8257	1693	2774	8257	1693	2774	8257	1693	2774	1	0	0	0	0	0	0	0	无
825801	1	50	8258	1693	2774	8258	1693	2774	8258	1693	2774	1	0	0	0	0	0	0	0	无
825901	1	50	8259	1693	2774	8259	1693	2774	8259	1693	2774	1	0	0	0	0	0	0	0	无
826001	1	50	8260	1693	2774	8260	1693	2774	8260	1693	2774	1	0	0	0	0	0	0	0	无
