ServerState||11||0||0||0||10003||0||||||0||||1679666348||{"pcount":"0"}
ServerState||11||0||0||0||10003||0||||||0||||1679666357||{"pcount":"0"}
ServerState||11||0||0||0||10003||0||||||0||||1679666367||{"pcount":"0"}
ServerState||11||0||0||0||10003||0||||||0||||1679666377||{"pcount":"0"}
ServerState||11||0||0||0||10003||0||||||0||||1679666387||{"pcount":"0"}
ServerState||11||0||0||0||10003||0||||||0||||1679666397||{"pcount":"0"}
ServerState||11||0||0||0||10003||0||||||0||||1679666407||{"pcount":"0"}
ServerState||11||0||0||0||10003||0||||||0||||1679666417||{"pcount":"0"}
ServerState||11||0||0||0||10003||0||||||0||||1679666427||{"pcount":"0"}
ServerState||11||0||0||0||10003||0||||||0||||1679666437||{"pcount":"0"}
ServerState||11||0||0||0||10003||0||||||0||||1679666447||{"pcount":"0"}
ServerState||11||0||0||0||10003||0||||||0||||1679666457||{"pcount":"0"}
ServerState||11||0||0||0||10003||0||||||0||||1679666467||{"pcount":"0"}
ServerState||11||0||0||0||10003||0||||||0||||1679666477||{"pcount":"0"}
ServerState||11||0||0||0||10003||0||||||0||||1679666487||{"pcount":"0"}
ServerState||11||0||0||0||10003||0||||||0||||1679666497||{"pcount":"0"}
ServerState||11||0||0||0||10003||0||||||0||||1679666507||{"pcount":"0"}
ServerState||11||0||0||0||10003||0||||||0||||1679666517||{"pcount":"0"}
ServerState||11||0||0||0||10003||0||||||0||||1679666527||{"pcount":"0"}
ServerState||11||0||0||0||10003||0||||||0||||1679666537||{"pcount":"0"}
ServerState||11||0||0||0||10003||0||||||0||||1679666547||{"pcount":"0"}
ServerState||11||0||0||0||10003||0||||||0||||1679666557||{"pcount":"0"}
ServerState||11||0||0||0||10003||0||||||0||||1679666567||{"pcount":"0"}
ServerState||11||0||0||0||10003||0||||||0||||1679666577||{"pcount":"0"}
ServerState||11||0||0||0||10003||0||||||0||||1679666587||{"pcount":"0"}
ServerState||11||0||0||0||10003||0||||||0||||1679666597||{"pcount":"0"}
ServerState||11||0||0||0||10003||0||||||0||||1679666607||{"pcount":"0"}
ServerState||11||0||0||0||10003||0||||||0||||1679666617||{"pcount":"0"}
ServerState||11||0||0||0||10003||0||||||0||||1679666627||{"pcount":"0"}
ServerState||11||0||0||0||10003||0||||||0||||1679666637||{"pcount":"0"}
ServerState||11||0||0||0||10003||0||||||0||||1679666647||{"pcount":"0"}
ServerState||11||0||0||0||10003||0||||||0||||1679666657||{"pcount":"0"}
ServerState||11||0||0||0||10003||0||||||0||||1679666667||{"pcount":"0"}
ServerState||11||0||0||0||10003||0||||||0||||1679666677||{"pcount":"0"}
ServerState||11||0||0||0||10003||0||||||0||||1679666687||{"pcount":"0"}
ServerState||11||0||0||0||10003||0||||||0||||1679666697||{"pcount":"0"}
ServerState||11||0||0||0||10003||0||||||0||||1679666707||{"pcount":"0"}
ServerState||11||0||0||0||10003||0||||||0||||1679666717||{"pcount":"0"}
ServerState||11||0||0||0||10003||0||||||0||||1679666727||{"pcount":"0"}
ServerState||11||0||0||0||10003||0||||||0||||1679666737||{"pcount":"0"}
ServerState||11||0||0||0||10003||0||||||0||||1679666747||{"pcount":"0"}
ServerState||11||0||0||0||10003||0||||||0||||1679666757||{"pcount":"0"}
ServerState||11||0||0||0||10003||0||||||0||||1679666767||{"pcount":"0"}
ServerState||11||0||0||0||10003||0||||||0||||1679666777||{"pcount":"0"}
ServerState||11||0||0||0||10003||0||||||0||||1679666787||{"pcount":"0"}
ServerState||11||0||0||0||10003||0||||||0||||1679666797||{"pcount":"0"}
ServerState||11||0||0||0||10003||0||||||0||||1679666807||{"pcount":"0"}
ServerState||11||0||0||0||10003||0||||||0||||1679666817||{"pcount":"0"}
ServerState||11||0||0||0||10003||0||||||0||||1679666827||{"pcount":"0"}
ServerState||11||0||0||0||10003||0||||||0||||1679666837||{"pcount":"0"}
ServerState||11||0||0||0||10003||0||||||0||||1679666847||{"pcount":"0"}
ServerState||11||0||0||0||10003||0||||||0||||1679666857||{"pcount":"0"}
ServerState||11||0||0||0||10003||0||||||0||||1679666867||{"pcount":"0"}
ServerState||11||0||0||0||10003||0||||||0||||1679666877||{"pcount":"0"}
ServerState||11||0||0||0||10003||0||||||0||||1679666887||{"pcount":"0"}
ServerState||11||0||0||0||10003||0||||||0||||1679666897||{"pcount":"0"}
ServerState||11||0||0||0||10003||0||||||0||||1679666907||{"pcount":"0"}
ServerState||11||0||0||0||10003||0||||||0||||1679666917||{"pcount":"0"}
ServerState||11||0||0||0||10003||0||||||0||||1679666927||{"pcount":"0"}
ServerState||11||0||0||0||10003||0||||||0||||1679666937||{"pcount":"0"}
ServerState||11||0||0||0||10003||0||||||0||||1679666947||{"pcount":"0"}
ServerState||11||0||0||0||10003||0||||||0||||1679666957||{"pcount":"0"}
ServerState||11||0||0||0||10003||0||||||0||||1679666967||{"pcount":"0"}
ServerState||11||0||0||0||10003||0||||||0||||1679666977||{"pcount":"0"}
ServerState||11||0||0||0||10003||0||||||0||||1679666987||{"pcount":"0"}
ServerState||11||0||0||0||10003||0||||||0||||1679666997||{"pcount":"0"}
ServerState||11||0||0||0||10003||0||||||0||||1679667007||{"pcount":"0"}
ServerState||11||0||0||0||10003||0||||||0||||1679667017||{"pcount":"0"}
ServerState||11||0||0||0||10003||0||||||0||||1679667254||{"pcount":"0"}
ServerState||11||0||0||0||10003||0||||||0||||1679667263||{"pcount":"0"}
ServerState||11||0||0||0||10003||0||||||0||||1679667273||{"pcount":"0"}
ServerState||11||0||0||0||10003||0||||||0||||1679667283||{"pcount":"0"}
ServerState||11||0||0||0||10003||0||||||0||||1679667293||{"pcount":"0"}
ServerState||11||0||0||0||10003||0||||||0||||1679667303||{"pcount":"0"}
ServerState||11||0||0||0||10003||0||||||0||||1679667313||{"pcount":"0"}
ServerState||11||0||0||0||10003||0||||||0||||1679667323||{"pcount":"0"}
ServerState||11||0||0||0||10003||0||||||0||||1679667333||{"pcount":"0"}
ServerState||11||0||0||0||10003||0||||||0||||1679667343||{"pcount":"0"}
ServerState||11||0||0||0||10003||0||||||0||||1679667353||{"pcount":"0"}
ServerState||11||0||0||0||10003||0||||||0||||1679667363||{"pcount":"0"}
ServerState||11||0||0||0||10003||0||||||0||||1679667373||{"pcount":"0"}
ServerState||11||0||0||0||10003||0||||||0||||1679667383||{"pcount":"0"}
ServerState||11||0||0||0||10003||0||||||0||||1679667393||{"pcount":"0"}
ServerState||11||0||0||0||10003||0||||||0||||1679667403||{"pcount":"0"}
ServerState||11||0||0||0||10003||0||||||0||||1679667413||{"pcount":"0"}
ServerState||11||0||0||0||10003||0||||||0||||1679667423||{"pcount":"0"}
ServerState||11||0||0||0||10003||0||||||0||||1679667433||{"pcount":"0"}
ServerState||11||0||0||0||10003||0||||||0||||1679667443||{"pcount":"0"}
ServerState||11||0||0||0||10003||0||||||0||||1679667453||{"pcount":"0"}
ServerState||11||0||0||0||10003||0||||||0||||1679667463||{"pcount":"0"}
ServerState||11||0||0||0||10003||0||||||0||||1679667473||{"pcount":"0"}
ServerState||11||0||0||0||10003||0||||||0||||1679667483||{"pcount":"0"}
ServerState||11||0||0||0||10003||0||||||0||||1679667493||{"pcount":"0"}
ServerState||11||0||0||0||10003||0||||||0||||1679667503||{"pcount":"0"}
ServerState||11||0||0||0||10003||0||||||0||||1679667513||{"pcount":"0"}
ServerState||11||0||0||0||10003||0||||||0||||1679667523||{"pcount":"0"}
ServerState||11||0||0||0||10003||0||||||0||||1679667533||{"pcount":"0"}
