ServerState||11||0||0||0||10003||0||||||0||||1617410577||{"pcount":"0"}
ServerState||11||0||0||0||10003||0||||||0||||1617410584||{"pcount":"0"}
ServerState||11||0||0||0||10003||0||||||0||||1617410594||{"pcount":"0"}
ServerState||11||0||0||0||10003||0||||||0||||1617410604||{"pcount":"0"}
ServerState||11||0||0||0||10003||0||||||0||||1617410614||{"pcount":"0"}
ServerState||11||0||0||0||10003||0||||||0||||1617410624||{"pcount":"0"}
ServerState||11||0||0||0||10003||0||||||0||||1617410634||{"pcount":"0"}
ServerState||11||0||0||0||10003||0||||||0||||1617410646||{"pcount":"0"}
ServerState||11||0||0||0||10003||0||||||0||||1617410654||{"pcount":"0"}
ServerState||11||0||0||0||10003||0||||||0||||1617410664||{"pcount":"0"}
ServerState||11||0||0||0||10003||0||||||0||||1617410674||{"pcount":"0"}
ServerState||11||0||0||0||10003||0||||||0||||1617410684||{"pcount":"0"}
ServerState||11||0||0||0||10003||0||||||0||||1617410694||{"pcount":"0"}
ServerState||11||0||0||0||10003||0||||||0||||1617410704||{"pcount":"0"}
ServerState||11||0||0||0||10003||0||||||0||||1617411392||{"pcount":"0"}
ServerState||11||0||0||0||10003||0||||||0||||1617411394||{"pcount":"0"}
ServerState||11||0||0||0||10003||0||||||0||||1617411404||{"pcount":"0"}
ServerState||11||0||0||0||10003||0||||||0||||1617411415||{"pcount":"0"}
ServerState||11||0||0||0||10003||0||||||0||||1617411424||{"pcount":"0"}
ServerState||11||0||0||0||10003||0||||||0||||1617411436||{"pcount":"0"}
ServerState||11||0||0||0||10003||0||||||0||||1617411445||{"pcount":"0"}
ServerState||11||0||0||0||10003||0||||||0||||1617411454||{"pcount":"0"}
ServerState||11||0||0||0||10003||0||||||0||||1617411464||{"pcount":"0"}
ServerState||11||0||0||0||10003||0||||||0||||1617411474||{"pcount":"0"}
ServerState||11||0||0||0||10003||0||||||0||||1617411484||{"pcount":"0"}
ServerState||11||0||0||0||10003||0||||||0||||1617411494||{"pcount":"0"}
ServerState||11||0||0||0||10003||0||||||0||||1617411504||{"pcount":"0"}
ServerState||11||0||0||0||10003||0||||||0||||1617411514||{"pcount":"0"}
ServerState||11||0||0||0||10003||0||||||0||||1617411524||{"pcount":"0"}
ServerState||11||0||0||0||10003||0||||||0||||1617411534||{"pcount":"0"}
ServerState||11||0||0||0||10003||0||||||0||||1617411544||{"pcount":"0"}
ServerState||11||0||0||0||10003||0||||||0||||1617411554||{"pcount":"0"}
ServerState||11||0||0||0||10003||0||||||0||||1617411564||{"pcount":"0"}
ServerState||11||0||0||0||10003||0||||||0||||1617411574||{"pcount":"0"}
ServerState||11||0||0||0||10003||0||||||0||||1617411584||{"pcount":"0"}
ServerState||11||0||0||0||10003||0||||||0||||1617411594||{"pcount":"0"}
ServerState||11||0||0||0||10003||0||||||0||||1617411607||{"pcount":"0"}
ServerState||11||0||0||0||10003||0||||||0||||1617411614||{"pcount":"0"}
ServerState||11||0||0||0||10003||0||||||0||||1617411624||{"pcount":"0"}
ServerState||11||0||0||0||10003||0||||||0||||1617411634||{"pcount":"0"}
ServerState||11||0||0||0||10003||0||||||0||||1617411644||{"pcount":"0"}
ServerState||11||0||0||0||10003||0||||||0||||1617411654||{"pcount":"0"}
ServerState||11||0||0||0||10003||0||||||0||||1617411664||{"pcount":"0"}
ServerState||11||0||0||0||10003||0||||||0||||1617411674||{"pcount":"0"}
ServerState||11||0||0||0||10003||0||||||0||||1617411684||{"pcount":"0"}
ServerState||11||0||0||0||10003||0||||||0||||1617411694||{"pcount":"0"}
ServerState||11||0||0||0||10003||0||||||0||||1617411704||{"pcount":"0"}
ServerState||11||0||0||0||10003||0||||||0||||1617411714||{"pcount":"0"}
ServerState||11||0||0||0||10003||0||||||0||||1617411724||{"pcount":"0"}
ServerState||11||0||0||0||10003||0||||||0||||1617411734||{"pcount":"0"}
ServerState||11||0||0||0||10003||0||||||0||||1617411744||{"pcount":"0"}
ServerState||11||0||0||0||10003||0||||||0||||1617411754||{"pcount":"0"}
ServerState||11||0||0||0||10003||0||||||0||||1617411764||{"pcount":"0"}
ServerState||11||0||0||0||10003||0||||||0||||1617411774||{"pcount":"0"}
ServerState||11||0||0||0||10003||0||||||0||||1617411784||{"pcount":"0"}
ServerState||11||0||0||0||10003||0||||||0||||1617411794||{"pcount":"0"}
ServerState||11||0||0||0||10003||0||||||0||||1617411804||{"pcount":"0"}
ServerState||11||0||0||0||10003||0||||||0||||1617411814||{"pcount":"0"}
ServerState||11||0||0||0||10003||0||||||0||||1617411824||{"pcount":"0"}
ServerState||11||0||0||0||10003||0||||||0||||1617411834||{"pcount":"0"}
ServerState||11||0||0||0||10003||0||||||0||||1617411844||{"pcount":"0"}
ServerState||11||0||0||0||10003||0||||||0||||1617411854||{"pcount":"0"}
ServerState||11||0||0||0||10003||0||||||0||||1617411864||{"pcount":"0"}
ServerState||11||0||0||0||10003||0||||||0||||1617411874||{"pcount":"0"}
ServerState||11||0||0||0||10003||0||||||0||||1617411884||{"pcount":"0"}
ServerState||11||0||0||0||10003||0||||||0||||1617411894||{"pcount":"0"}
ServerState||11||0||0||0||10003||0||||||0||||1617411904||{"pcount":"0"}
ServerState||11||0||0||0||10003||0||||||0||||1617411914||{"pcount":"0"}
ServerState||11||0||0||0||10003||0||||||0||||1617411924||{"pcount":"0"}
ServerState||11||0||0||0||10003||0||||||0||||1617411934||{"pcount":"0"}
ServerState||11||0||0||0||10003||0||||||0||||1617411944||{"pcount":"0"}
ServerState||11||0||0||0||10003||0||||||0||||1617411954||{"pcount":"0"}
ServerState||11||0||0||0||10003||0||||||0||||1617411964||{"pcount":"0"}
ServerState||11||0||0||0||10003||0||||||0||||1617411974||{"pcount":"0"}
ServerState||11||0||0||0||10003||0||||||0||||1617411984||{"pcount":"0"}
ServerState||11||0||0||0||10003||0||||china||2||11.0.38||1617411994||{"pcount":"1"}
ServerState||11||0||0||0||10003||0||||china||2||11.0.38||1617412004||{"pcount":"1"}
ServerState||11||0||0||0||10003||0||||china||2||11.0.38||1617412014||{"pcount":"1"}
ServerState||11||0||0||0||10003||0||||china||2||11.0.38||1617412024||{"pcount":"1"}
ServerState||11||0||0||0||10003||0||||china||2||11.0.38||1617412034||{"pcount":"0"}
ServerState||11||0||0||0||10003||0||||china||2||11.0.38||1617412044||{"pcount":"0"}
ServerState||11||0||0||0||10003||0||||china||2||11.0.38||1617412054||{"pcount":"0"}
ServerState||11||0||0||0||10003||0||||||0||||1617412964||{"pcount":"0"}
ServerState||11||0||0||0||10003||0||||||0||||1617412972||{"pcount":"0"}
ServerState||11||0||0||0||10003||0||||||0||||1617412982||{"pcount":"0"}
ServerState||11||0||0||0||10003||0||||||0||||1617412992||{"pcount":"0"}
ServerState||11||0||0||0||10003||0||||||0||||1617413002||{"pcount":"0"}
ServerState||11||0||0||0||10003||0||||||0||||1617413012||{"pcount":"0"}
ServerState||11||0||0||0||10003||0||||||0||||1617413022||{"pcount":"0"}
ServerState||11||0||0||0||10003||0||||||0||||1617413032||{"pcount":"0"}
ServerState||11||0||0||0||10003||0||||||0||||1617413042||{"pcount":"0"}
ServerState||11||0||0||0||10003||0||||||0||||1617413052||{"pcount":"0"}
ServerState||11||0||0||0||10003||0||||||0||||1617413062||{"pcount":"0"}
ServerState||11||0||0||0||10003||0||||||0||||1617413072||{"pcount":"0"}
ServerState||11||0||0||0||10003||0||||||0||||1617413082||{"pcount":"0"}
ServerState||11||0||0||0||10003||0||||||0||||1617413092||{"pcount":"0"}
ServerState||11||0||0||0||10003||0||||||0||||1617413102||{"pcount":"0"}
ServerState||11||0||0||0||10003||0||||||0||||1617413112||{"pcount":"0"}
ServerState||11||0||0||0||10003||0||||||0||||1617413122||{"pcount":"0"}
ServerState||11||0||0||0||10003||0||||||0||||1617413132||{"pcount":"0"}
ServerState||11||0||0||0||10003||0||||||0||||1617413142||{"pcount":"0"}
ServerState||11||0||0||0||10003||0||||||0||||1617413152||{"pcount":"0"}
ServerState||11||0||0||0||10003||0||||||0||||1617413162||{"pcount":"0"}
ServerState||11||0||0||0||10003||0||||||0||||1617413172||{"pcount":"0"}
ServerState||11||0||0||0||10003||0||||||0||||1617413182||{"pcount":"0"}
ServerState||11||0||0||0||10003||0||||||0||||1617413192||{"pcount":"0"}
ServerState||11||0||0||0||10003||0||||||0||||1617413202||{"pcount":"0"}
ServerState||11||0||0||0||10003||0||||||0||||1617413212||{"pcount":"0"}
ServerState||11||0||0||0||10003||0||||||0||||1617413222||{"pcount":"0"}
ServerState||11||0||0||0||10003||0||||||0||||1617413232||{"pcount":"0"}
ServerState||11||0||0||0||10003||0||||||0||||1617413242||{"pcount":"0"}
ServerState||11||0||0||0||10003||0||||||0||||1617413252||{"pcount":"0"}
ServerState||11||0||0||0||10003||0||||||0||||1617413262||{"pcount":"0"}
ServerState||11||0||0||0||10003||0||||||0||||1617413272||{"pcount":"0"}
ServerState||11||0||0||0||10003||0||||||0||||1617413282||{"pcount":"0"}
ServerState||11||0||0||0||10003||0||||||0||||1617413292||{"pcount":"0"}
ServerState||11||0||0||0||10003||0||||||0||||1617413302||{"pcount":"0"}
ServerState||11||0||0||0||10003||0||||||0||||1617413312||{"pcount":"0"}
ServerState||11||0||0||0||10003||0||||||0||||1617413322||{"pcount":"0"}
ServerState||11||0||0||0||10003||0||||||0||||1617413332||{"pcount":"0"}
ServerState||11||0||0||0||10003||0||||||0||||1617413342||{"pcount":"0"}
ServerState||11||0||0||0||10003||0||||||0||||1617413352||{"pcount":"0"}
ServerState||11||0||0||0||10003||0||||||0||||1617413362||{"pcount":"0"}
ServerState||11||0||0||0||10003||0||||||0||||1617413372||{"pcount":"0"}
ServerState||11||0||0||0||10003||0||||||0||||1617413382||{"pcount":"0"}
ServerState||11||0||0||0||10003||0||||||0||||1617413392||{"pcount":"0"}
ServerState||11||0||0||0||10003||0||||||0||||1617413402||{"pcount":"0"}
ServerState||11||0||0||0||10003||0||||||0||||1617413412||{"pcount":"0"}
ServerState||11||0||0||0||10003||0||||||0||||1617413422||{"pcount":"0"}
ServerState||11||0||0||0||10003||0||||||0||||1617413432||{"pcount":"0"}
ServerState||11||0||0||0||10003||0||||||0||||1617413442||{"pcount":"0"}
ServerState||11||0||0||0||10003||0||||||0||||1617413452||{"pcount":"0"}
ServerState||11||0||0||0||10003||0||||||0||||1617413462||{"pcount":"0"}
ServerState||11||0||0||0||10003||0||||||0||||1617413472||{"pcount":"0"}
ServerState||11||0||0||0||10003||0||||||0||||1617413482||{"pcount":"0"}
ServerState||11||0||0||0||10003||0||||||0||||1617413492||{"pcount":"0"}
ServerState||11||0||0||0||10003||0||||||0||||1617413502||{"pcount":"0"}
ServerState||11||0||0||0||10003||0||||||0||||1617413512||{"pcount":"0"}
ServerState||11||0||0||0||10003||0||||||0||||1617413522||{"pcount":"0"}
ServerState||11||0||0||0||10003||0||||||0||||1617413532||{"pcount":"0"}
ServerState||11||0||0||0||10003||0||||||0||||1617413542||{"pcount":"0"}
ServerState||11||0||0||0||10003||0||||||0||||1617413552||{"pcount":"0"}
ServerState||11||0||0||0||10003||0||||||0||||1617413562||{"pcount":"0"}
ServerState||11||0||0||0||10003||0||||||0||||1617413572||{"pcount":"0"}
ServerState||11||0||0||0||10003||0||||||0||||1617413582||{"pcount":"0"}
ServerState||11||0||0||0||10003||0||||||0||||1617413592||{"pcount":"0"}
ServerState||11||0||0||0||10003||0||||||0||||1617413602||{"pcount":"0"}
ServerState||11||0||0||0||10003||0||||||0||||1617413612||{"pcount":"0"}
ServerState||11||0||0||0||10003||0||||||0||||1617413622||{"pcount":"0"}
ServerState||11||0||0||0||10003||0||||||0||||1617413632||{"pcount":"0"}
ServerState||11||0||0||0||10003||0||||||0||||1617413642||{"pcount":"0"}
ServerState||11||0||0||0||10003||0||||||0||||1617413652||{"pcount":"0"}
ServerState||11||0||0||0||10003||0||||||0||||1617413662||{"pcount":"0"}
ServerState||11||0||0||0||10003||0||||||0||||1617413672||{"pcount":"0"}
ServerState||11||0||0||0||10003||0||||||0||||1617413682||{"pcount":"0"}
ServerState||11||0||0||0||10003||0||||||0||||1617413692||{"pcount":"0"}
ServerState||11||0||0||0||10003||0||||||0||||1617413702||{"pcount":"0"}
ServerState||11||0||0||0||10003||0||||||0||||1617413712||{"pcount":"0"}
ServerState||11||0||0||0||10003||0||||||0||||1617413722||{"pcount":"0"}
ServerState||11||0||0||0||10003||0||||||0||||1617413732||{"pcount":"0"}
ServerState||11||0||0||0||10003||0||||||0||||1617413742||{"pcount":"0"}
ServerState||11||0||0||0||10003||0||||||0||||1617413752||{"pcount":"0"}
ServerState||11||0||0||0||10003||0||||||0||||1617413762||{"pcount":"0"}
ServerState||11||0||0||0||10003||0||||||0||||1617413772||{"pcount":"0"}
ServerState||11||0||0||0||10003||0||||||0||||1617413782||{"pcount":"0"}
ServerState||11||0||0||0||10003||0||||||0||||1617413792||{"pcount":"0"}
ServerState||11||0||0||0||10003||0||||||0||||1617413802||{"pcount":"0"}
ServerState||11||0||0||0||10003||0||||||0||||1617413812||{"pcount":"0"}
ServerState||11||0||0||0||10003||0||||||0||||1617413822||{"pcount":"0"}
ServerState||11||0||0||0||10003||0||||||0||||1617413832||{"pcount":"0"}
ServerState||11||0||0||0||10003||0||||||0||||1617413842||{"pcount":"0"}
ServerState||11||0||0||0||10003||0||||||0||||1617413852||{"pcount":"0"}
ServerState||11||0||0||0||10003||0||||||0||||1617413862||{"pcount":"0"}
ServerState||11||0||0||0||10003||0||||||0||||1617413872||{"pcount":"0"}
ServerState||11||0||0||0||10003||0||||||0||||1617413882||{"pcount":"0"}
ServerState||11||0||0||0||10003||0||||||0||||1617413892||{"pcount":"0"}
ServerState||11||0||0||0||10003||0||||||0||||1617413902||{"pcount":"0"}
ServerState||11||0||0||0||10003||0||||||0||||1617413912||{"pcount":"0"}
ServerState||11||0||0||0||10003||0||||||0||||1617413922||{"pcount":"0"}
ServerState||11||0||0||0||10003||0||||||0||||1617413932||{"pcount":"0"}
ServerState||11||0||0||0||10003||0||||||0||||1617413942||{"pcount":"0"}
ServerState||11||0||0||0||10003||0||||||0||||1617413952||{"pcount":"0"}
ServerState||11||0||0||0||10003||0||||||0||||1617413962||{"pcount":"0"}
ServerState||11||0||0||0||10003||0||||||0||||1617413972||{"pcount":"0"}
ServerState||11||0||0||0||10003||0||||||0||||1617413982||{"pcount":"0"}
ServerState||11||0||0||0||10003||0||||||0||||1617413992||{"pcount":"0"}
ServerState||11||0||0||0||10003||0||||||0||||1617414002||{"pcount":"0"}
ServerState||11||0||0||0||10003||0||||||0||||1617414012||{"pcount":"0"}
ServerState||11||0||0||0||10003||0||||||0||||1617414022||{"pcount":"0"}
ServerState||11||0||0||0||10003||0||||||0||||1617414032||{"pcount":"0"}
ServerState||11||0||0||0||10003||0||||||0||||1617414042||{"pcount":"0"}
ServerState||11||0||0||0||10003||0||||||0||||1617414052||{"pcount":"0"}
ServerState||11||0||0||0||10003||0||||||0||||1617414062||{"pcount":"0"}
ServerState||11||0||0||0||10003||0||||||0||||1617414072||{"pcount":"0"}
ServerState||11||0||0||0||10003||0||||||0||||1617414082||{"pcount":"0"}
ServerState||11||0||0||0||10003||0||||||0||||1617414092||{"pcount":"0"}
ServerState||11||0||0||0||10003||0||||||0||||1617414102||{"pcount":"0"}
ServerState||11||0||0||0||10003||0||||||0||||1617414112||{"pcount":"0"}
ServerState||11||0||0||0||10003||0||||||0||||1617414122||{"pcount":"0"}
ServerState||11||0||0||0||10003||0||||||0||||1617414132||{"pcount":"0"}
ServerState||11||0||0||0||10003||0||||||0||||1617414142||{"pcount":"0"}
ServerState||11||0||0||0||10003||0||||||0||||1617414152||{"pcount":"0"}
ServerState||11||0||0||0||10003||0||||||0||||1617414162||{"pcount":"0"}
ServerState||11||0||0||0||10003||0||||||0||||1617414172||{"pcount":"0"}
ServerState||11||0||0||0||10003||0||||||0||||1617414182||{"pcount":"0"}
ServerState||11||0||0||0||10003||0||||||0||||1617414192||{"pcount":"0"}
ServerState||11||0||0||0||10003||0||||||0||||1617414202||{"pcount":"0"}
ServerState||11||0||0||0||10003||0||||||0||||1617414212||{"pcount":"0"}
ServerState||11||0||0||0||10003||0||||||0||||1617414222||{"pcount":"0"}
ServerState||11||0||0||0||10003||0||||||0||||1617414232||{"pcount":"0"}
ServerState||11||0||0||0||10003||0||||||0||||1617414242||{"pcount":"0"}
ServerState||11||0||0||0||10003||0||||||0||||1617414252||{"pcount":"0"}
ServerState||11||0||0||0||10003||0||||||0||||1617414262||{"pcount":"0"}
ServerState||11||0||0||0||10003||0||||||0||||1617414272||{"pcount":"0"}
ServerState||11||0||0||0||10003||0||||||0||||1617414282||{"pcount":"0"}
ServerState||11||0||0||0||10003||0||||||0||||1617414292||{"pcount":"0"}
ServerState||11||0||0||0||10003||0||||||0||||1617414302||{"pcount":"0"}
ServerState||11||0||0||0||10003||0||||||0||||1617414312||{"pcount":"0"}
ServerState||11||0||0||0||10003||0||||||0||||1617414322||{"pcount":"0"}
ServerState||11||0||0||0||10003||0||||||0||||1617414332||{"pcount":"0"}
ServerState||11||0||0||0||10003||0||||||0||||1617414342||{"pcount":"0"}
ServerState||11||0||0||0||10003||0||||||0||||1617414352||{"pcount":"0"}
ServerState||11||0||0||0||10003||0||||||0||||1617414362||{"pcount":"0"}
ServerState||11||0||0||0||10003||0||||||0||||1617414372||{"pcount":"0"}
ServerState||11||0||0||0||10003||0||||||0||||1617414382||{"pcount":"0"}
ServerState||11||0||0||0||10003||0||||||0||||1617414392||{"pcount":"0"}
ServerState||11||0||0||0||10003||0||||||0||||1617414402||{"pcount":"0"}
ServerState||11||0||0||0||10003||0||||||0||||1617414412||{"pcount":"0"}
ServerState||11||0||0||0||10003||0||||||0||||1617414422||{"pcount":"0"}
ServerState||11||0||0||0||10003||0||||||0||||1617414432||{"pcount":"0"}
ServerState||11||0||0||0||10003||0||||||0||||1617414442||{"pcount":"0"}
ServerState||11||0||0||0||10003||0||||||0||||1617414452||{"pcount":"0"}
ServerState||11||0||0||0||10003||0||||||0||||1617414462||{"pcount":"0"}
ServerState||11||0||0||0||10003||0||||||0||||1617414472||{"pcount":"0"}
ServerState||11||0||0||0||10003||0||||||0||||1617414482||{"pcount":"0"}
ServerState||11||0||0||0||10003||0||||||0||||1617414492||{"pcount":"0"}
ServerState||11||0||0||0||10003||0||||||0||||1617414502||{"pcount":"0"}
ServerState||11||0||0||0||10003||0||||||0||||1617414512||{"pcount":"0"}
ServerState||11||0||0||0||10003||0||||||0||||1617414522||{"pcount":"0"}
ServerState||11||0||0||0||10003||0||||||0||||1617414532||{"pcount":"0"}
ServerState||11||0||0||0||10003||0||||||0||||1617414542||{"pcount":"0"}
ServerState||11||0||0||0||10003||0||||||0||||1617414552||{"pcount":"0"}
ServerState||11||0||0||0||10003||0||||||0||||1617414562||{"pcount":"0"}
ServerState||11||0||0||0||10003||0||||||0||||1617414572||{"pcount":"0"}
ServerState||11||0||0||0||10003||0||||||0||||1617414582||{"pcount":"0"}
ServerState||11||0||0||0||10003||0||||||0||||1617414592||{"pcount":"0"}
ServerState||11||0||0||0||10003||0||||||0||||1617414602||{"pcount":"0"}
ServerState||11||0||0||0||10003||0||||||0||||1617414612||{"pcount":"0"}
ServerState||11||0||0||0||10003||0||||||0||||1617414622||{"pcount":"0"}
ServerState||11||0||0||0||10003||0||||||0||||1617414632||{"pcount":"0"}
ServerState||11||0||0||0||10003||0||||||0||||1617414642||{"pcount":"0"}
ServerState||11||0||0||0||10003||0||||||0||||1617414652||{"pcount":"0"}
ServerState||11||0||0||0||10003||0||||||0||||1617414662||{"pcount":"0"}
ServerState||11||0||0||0||10003||0||||||0||||1617414672||{"pcount":"0"}
ServerState||11||0||0||0||10003||0||||||0||||1617414682||{"pcount":"0"}
ServerState||11||0||0||0||10003||0||||||0||||1617414692||{"pcount":"0"}
ServerState||11||0||0||0||10003||0||||||0||||1617414702||{"pcount":"0"}
ServerState||11||0||0||0||10003||0||||||0||||1617414712||{"pcount":"0"}
ServerState||11||0||0||0||10003||0||||china||2||11.0.38||1617414722||{"pcount":"1"}
ServerState||11||0||0||0||10003||0||||china||2||11.0.38||1617414732||{"pcount":"1"}
ServerState||11||0||0||0||10003||0||||china||2||11.0.38||1617414742||{"pcount":"1"}
ServerState||11||0||0||0||10003||0||||china||2||11.0.38||1617414752||{"pcount":"1"}
ServerState||11||0||0||0||10003||0||||china||2||11.0.38||1617414762||{"pcount":"1"}
ServerState||11||0||0||0||10003||0||||china||2||11.0.38||1617414772||{"pcount":"1"}
ServerState||11||0||0||0||10003||0||||china||2||11.0.38||1617414782||{"pcount":"1"}
ServerState||11||0||0||0||10003||0||||china||2||11.0.38||1617414792||{"pcount":"1"}
ServerState||11||0||0||0||10003||0||||china||2||11.0.38||1617414802||{"pcount":"1"}
ServerState||11||0||0||0||10003||0||||china||2||11.0.38||1617414812||{"pcount":"1"}
ServerState||11||0||0||0||10003||0||||china||2||11.0.38||1617414822||{"pcount":"1"}
ServerState||11||0||0||0||10003||0||||china||2||11.0.38||1617414832||{"pcount":"1"}
ServerState||11||0||0||0||10003||0||||china||2||11.0.38||1617414842||{"pcount":"1"}
ServerState||11||0||0||0||10003||0||||china||2||11.0.38||1617414852||{"pcount":"1"}
ServerState||11||0||0||0||10003||0||||china||2||11.0.38||1617414862||{"pcount":"1"}
ServerState||11||0||0||0||10003||0||||china||2||11.0.38||1617414872||{"pcount":"1"}
ServerState||11||0||0||0||10003||0||||china||2||11.0.38||1617414882||{"pcount":"1"}
ServerState||11||0||0||0||10003||0||||china||2||11.0.38||1617414892||{"pcount":"1"}
ServerState||11||0||0||0||10003||0||||china||2||11.0.38||1617414902||{"pcount":"1"}
ServerState||11||0||0||0||10003||0||||china||2||11.0.38||1617414912||{"pcount":"1"}
ServerState||11||0||0||0||10003||0||||china||2||11.0.38||1617414922||{"pcount":"1"}
ServerState||11||0||0||0||10003||0||||china||2||11.0.38||1617414932||{"pcount":"1"}
ServerState||11||0||0||0||10003||0||||china||2||11.0.38||1617414942||{"pcount":"1"}
ServerState||11||0||0||0||10003||0||||china||2||11.0.38||1617414952||{"pcount":"1"}
ServerState||11||0||0||0||10003||0||||china||2||11.0.38||1617414962||{"pcount":"1"}
ServerState||11||0||0||0||10003||0||||china||2||11.0.38||1617414972||{"pcount":"1"}
ServerState||11||0||0||0||10003||0||||china||2||11.0.38||1617414982||{"pcount":"1"}
ServerState||11||0||0||0||10003||0||||china||2||11.0.38||1617414992||{"pcount":"1"}
ServerState||11||0||0||0||10003||0||||china||2||11.0.38||1617415002||{"pcount":"1"}
ServerState||11||0||0||0||10003||0||||china||2||11.0.38||1617415012||{"pcount":"1"}
ServerState||11||0||0||0||10003||0||||china||2||11.0.38||1617415022||{"pcount":"1"}
ServerState||11||0||0||0||10003||0||||china||2||11.0.38||1617415032||{"pcount":"1"}
ServerState||11||0||0||0||10003||0||||china||2||11.0.38||1617415042||{"pcount":"1"}
ServerState||11||0||0||0||10003||0||||china||2||11.0.38||1617415052||{"pcount":"1"}
ServerState||11||0||0||0||10003||0||||china||2||11.0.38||1617415062||{"pcount":"1"}
ServerState||11||0||0||0||10003||0||||china||2||11.0.38||1617415072||{"pcount":"1"}
ServerState||11||0||0||0||10003||0||||china||2||11.0.38||1617415082||{"pcount":"1"}
ServerState||11||0||0||0||10003||0||||china||2||11.0.38||1617415092||{"pcount":"1"}
ServerState||11||0||0||0||10003||0||||china||2||11.0.38||1617415102||{"pcount":"1"}
ServerState||11||0||0||0||10003||0||||china||2||11.0.38||1617415112||{"pcount":"1"}
ServerState||11||0||0||0||10003||0||||china||2||11.0.38||1617415122||{"pcount":"1"}
ServerState||11||0||0||0||10003||0||||china||2||11.0.38||1617415132||{"pcount":"1"}
ServerState||11||0||0||0||10003||0||||china||2||11.0.38||1617415142||{"pcount":"1"}
ServerState||11||0||0||0||10003||0||||china||2||11.0.38||1617415152||{"pcount":"1"}
ServerState||11||0||0||0||10003||0||||china||2||11.0.38||1617415162||{"pcount":"1"}
ServerState||11||0||0||0||10003||0||||china||2||11.0.38||1617415172||{"pcount":"1"}
ServerState||11||0||0||0||10003||0||||china||2||11.0.38||1617415182||{"pcount":"1"}
ServerState||11||0||0||0||10003||0||||china||2||11.0.38||1617415192||{"pcount":"1"}
ServerState||11||0||0||0||10003||0||||china||2||11.0.38||1617415202||{"pcount":"1"}
ServerState||11||0||0||0||10003||0||||china||2||11.0.38||1617415212||{"pcount":"1"}
ServerState||11||0||0||0||10003||0||||china||2||11.0.38||1617415222||{"pcount":"1"}
ServerState||11||0||0||0||10003||0||||china||2||11.0.38||1617415232||{"pcount":"1"}
