ServerState||11||0||0||0||10003||0||||||0||||1547564977||{"pcount":"0"}
ServerState||11||0||0||0||10003||0||||||0||||1547564986||{"pcount":"0"}
ServerState||11||0||0||0||10003||0||||||0||||1547564996||{"pcount":"0"}
ServerState||11||0||0||0||10003||0||||||0||||1547565006||{"pcount":"0"}
ServerState||11||0||0||0||10003||0||||||0||||1547565016||{"pcount":"0"}
ServerState||11||0||0||0||10003||0||||||0||||1547565026||{"pcount":"0"}
ServerState||11||0||0||0||10003||0||||||0||||1547565036||{"pcount":"0"}
ServerState||11||0||0||0||10003||0||||||0||||1547565046||{"pcount":"0"}
ServerState||11||0||0||0||10003||0||||||0||||1547565056||{"pcount":"0"}
ServerState||11||0||0||0||10003||0||||||0||||1547565066||{"pcount":"0"}
ServerState||11||0||0||0||10003||0||||||0||||1547565076||{"pcount":"0"}
ServerState||11||0||0||0||10003||0||||||0||||1547565086||{"pcount":"0"}
ServerState||11||0||0||0||10003||0||||||0||||1547565096||{"pcount":"0"}
ServerState||11||0||0||0||10003||0||||||0||||1547565106||{"pcount":"0"}
ServerState||11||0||0||0||10003||0||||||0||||1547565116||{"pcount":"0"}
ServerState||11||0||0||0||10003||0||||china||2||11.0.38||1547565126||{"pcount":"1"}
ServerState||11||0||0||0||10003||0||||china||2||11.0.38||1547565136||{"pcount":"1"}
ServerState||11||0||0||0||10003||0||||china||2||11.0.38||1547565146||{"pcount":"1"}
ServerState||11||0||0||0||10003||0||||china||2||11.0.38||1547565156||{"pcount":"1"}
ServerState||11||0||0||0||10003||0||||china||2||11.0.38||1547565166||{"pcount":"1"}
ServerState||11||0||0||0||10003||0||||china||2||11.0.38||1547565176||{"pcount":"1"}
ServerState||11||0||0||0||10003||0||||china||2||11.0.38||1547565186||{"pcount":"1"}
ServerState||11||0||0||0||10003||0||||china||2||11.0.38||1547565196||{"pcount":"1"}
ServerState||11||0||0||0||10003||0||||china||2||11.0.38||1547565206||{"pcount":"1"}
ServerState||11||0||0||0||10003||0||||china||2||11.0.38||1547565216||{"pcount":"1"}
ServerState||11||0||0||0||10003||0||||china||2||11.0.38||1547565226||{"pcount":"1"}
ServerState||11||0||0||0||10003||0||||china||2||11.0.38||1547565236||{"pcount":"1"}
ServerState||11||0||0||0||10003||0||||china||2||11.0.38||1547565246||{"pcount":"1"}
ServerState||11||0||0||0||10003||0||||china||2||11.0.38||1547565256||{"pcount":"1"}
ServerState||11||0||0||0||10003||0||||china||2||11.0.38||1547565266||{"pcount":"1"}
ServerState||11||0||0||0||10003||0||||china||2||11.0.38||1547565276||{"pcount":"1"}
ServerState||11||0||0||0||10003||0||||china||2||11.0.38||1547565286||{"pcount":"1"}
ServerState||11||0||0||0||10003||0||||china||2||11.0.38||1547565296||{"pcount":"1"}
ServerState||11||0||0||0||10003||0||||china||2||11.0.38||1547565306||{"pcount":"1"}
ServerState||11||0||0||0||10003||0||||china||2||11.0.38||1547565316||{"pcount":"1"}
ServerState||11||0||0||0||10003||0||||china||2||11.0.38||1547565326||{"pcount":"1"}
ServerState||11||0||0||0||10003||0||||china||2||11.0.38||1547565336||{"pcount":"1"}
ServerState||11||0||0||0||10003||0||||china||2||11.0.38||1547565346||{"pcount":"1"}
ServerState||11||0||0||0||10003||0||||china||2||11.0.38||1547565356||{"pcount":"1"}
ServerState||11||0||0||0||10003||0||||china||2||11.0.38||1547565366||{"pcount":"1"}
ServerState||11||0||0||0||10003||0||||china||2||11.0.38||1547565376||{"pcount":"1"}
ServerState||11||0||0||0||10003||0||||china||2||11.0.38||1547565386||{"pcount":"1"}
ServerState||11||0||0||0||10003||0||||china||2||11.0.38||1547565396||{"pcount":"1"}
ServerState||11||0||0||0||10003||0||||china||2||11.0.38||1547565406||{"pcount":"1"}
ServerState||11||0||0||0||10003||0||||china||2||11.0.38||1547565416||{"pcount":"1"}
ServerState||11||0||0||0||10003||0||||china||2||11.0.38||1547565426||{"pcount":"1"}
ServerState||11||0||0||0||10003||0||||china||2||11.0.38||1547565436||{"pcount":"1"}
ServerState||11||0||0||0||10003||0||||china||2||11.0.38||1547565446||{"pcount":"1"}
ServerState||11||0||0||0||10003||0||||china||2||11.0.38||1547565456||{"pcount":"1"}
ServerState||11||0||0||0||10003||0||||china||2||11.0.38||1547565466||{"pcount":"1"}
ServerState||11||0||0||0||10003||0||||china||2||11.0.38||1547565476||{"pcount":"1"}
ServerState||11||0||0||0||10003||0||||china||2||11.0.38||1547565486||{"pcount":"1"}
ServerState||11||0||0||0||10003||0||||china||2||11.0.38||1547565496||{"pcount":"1"}
ServerState||11||0||0||0||10003||0||||china||2||11.0.38||1547565506||{"pcount":"1"}
ServerState||11||0||0||0||10003||0||||china||2||11.0.38||1547565516||{"pcount":"1"}
ServerState||11||0||0||0||10003||0||||china||2||11.0.38||1547565526||{"pcount":"1"}
ServerState||11||0||0||0||10003||0||||china||2||11.0.38||1547565536||{"pcount":"1"}
ServerState||11||0||0||0||10003||0||||china||2||11.0.38||1547565546||{"pcount":"1"}
ServerState||11||0||0||0||10003||0||||china||2||11.0.38||1547565556||{"pcount":"1"}
ServerState||11||0||0||0||10003||0||||china||2||11.0.38||1547565566||{"pcount":"1"}
ServerState||11||0||0||0||10003||0||||china||2||11.0.38||1547565576||{"pcount":"1"}
ServerState||11||0||0||0||10003||0||||china||2||11.0.38||1547565586||{"pcount":"1"}
ServerState||11||0||0||0||10003||0||||china||2||11.0.38||1547565596||{"pcount":"1"}
ServerState||11||0||0||0||10003||0||||china||2||11.0.38||1547565606||{"pcount":"1"}
ServerState||11||0||0||0||10003||0||||china||2||11.0.38||1547565616||{"pcount":"1"}
ServerState||11||0||0||0||10003||0||||china||2||11.0.38||1547565626||{"pcount":"1"}
ServerState||11||0||0||0||10003||0||||||0||||1547575851||{"pcount":"0"}
ServerState||11||0||0||0||10003||0||||||0||||1547575856||{"pcount":"0"}
ServerState||11||0||0||0||10003||0||||||0||||1547575865||{"pcount":"0"}
ServerState||11||0||0||0||10003||0||||||0||||1547575875||{"pcount":"0"}
ServerState||11||0||0||0||10003||0||||||0||||1547575885||{"pcount":"0"}
ServerState||11||0||0||0||10003||0||||||0||||1547575895||{"pcount":"0"}
ServerState||11||0||0||0||10003||0||||||0||||1547575905||{"pcount":"0"}
ServerState||11||0||0||0||10003||0||||||0||||1547575915||{"pcount":"0"}
ServerState||11||0||0||0||10003||0||||||0||||1547575925||{"pcount":"0"}
ServerState||11||0||0||0||10003||0||||||0||||1547575935||{"pcount":"0"}
ServerState||11||0||0||0||10003||0||||||0||||1547575945||{"pcount":"0"}
ServerState||11||0||0||0||10003||0||||||0||||1547575955||{"pcount":"0"}
ServerState||11||0||0||0||10003||0||||||0||||1547575966||{"pcount":"0"}
ServerState||11||0||0||0||10003||0||||||0||||1547575975||{"pcount":"0"}
ServerState||11||0||0||0||10003||0||||||0||||1547575985||{"pcount":"0"}
ServerState||11||0||0||0||10003||0||||||0||||1547575995||{"pcount":"0"}
ServerState||11||0||0||0||10003||0||||||0||||1547576005||{"pcount":"0"}
ServerState||11||0||0||0||10003||0||||||0||||1547576015||{"pcount":"0"}
ServerState||11||0||0||0||10003||0||||||0||||1547576025||{"pcount":"0"}
ServerState||11||0||0||0||10003||0||||||0||||1547576035||{"pcount":"0"}
ServerState||11||0||0||0||10003||0||||||0||||1547576045||{"pcount":"0"}
ServerState||11||0||0||0||10003||0||||||0||||1547576055||{"pcount":"0"}
ServerState||11||0||0||0||10003||0||||||0||||1547576065||{"pcount":"0"}
ServerState||11||0||0||0||10003||0||||||0||||1547576075||{"pcount":"0"}
ServerState||11||0||0||0||10003||0||||||0||||1547576085||{"pcount":"0"}
ServerState||11||0||0||0||10003||0||||||0||||1547576095||{"pcount":"0"}
ServerState||11||0||0||0||10003||0||||||0||||1547576106||{"pcount":"0"}
ServerState||11||0||0||0||10003||0||||||0||||1547576115||{"pcount":"0"}
ServerState||11||0||0||0||10003||0||||||0||||1547576125||{"pcount":"0"}
ServerState||11||0||0||0||10003||0||||||0||||1547576135||{"pcount":"0"}
ServerState||11||0||0||0||10003||0||||||0||||1547576145||{"pcount":"0"}
ServerState||11||0||0||0||10003||0||||||0||||1547576155||{"pcount":"0"}
ServerState||11||0||0||0||10003||0||||||0||||1547576165||{"pcount":"0"}
ServerState||11||0||0||0||10003||0||||||0||||1547576175||{"pcount":"0"}
ServerState||11||0||0||0||10003||0||||||0||||1547576185||{"pcount":"0"}
ServerState||11||0||0||0||10003||0||||||0||||1547576195||{"pcount":"0"}
ServerState||11||0||0||0||10003||0||||||0||||1547576205||{"pcount":"0"}
ServerState||11||0||0||0||10003||0||||||0||||1547576215||{"pcount":"0"}
ServerState||11||0||0||0||10003||0||||||0||||1547576226||{"pcount":"0"}
ServerState||11||0||0||0||10003||0||||||0||||1547576235||{"pcount":"0"}
ServerState||11||0||0||0||10003||0||||||0||||1547576245||{"pcount":"0"}
ServerState||11||0||0||0||10003||0||||||0||||1547576258||{"pcount":"0"}
ServerState||11||0||0||0||10003||0||||||0||||1547576265||{"pcount":"0"}
ServerState||11||0||0||0||10003||0||||||0||||1547576275||{"pcount":"0"}
ServerState||11||0||0||0||10003||0||||||0||||1547576285||{"pcount":"0"}
ServerState||11||0||0||0||10003||0||||||0||||1547576297||{"pcount":"0"}
ServerState||11||0||0||0||10003||0||||||0||||1547576305||{"pcount":"0"}
ServerState||11||0||0||0||10003||0||||||0||||1547576315||{"pcount":"0"}
ServerState||11||0||0||0||10003||0||||||0||||1547576325||{"pcount":"0"}
ServerState||11||0||0||0||10003||0||||||0||||1547576335||{"pcount":"0"}
ServerState||11||0||0||0||10003||0||||||0||||1547576347||{"pcount":"0"}
ServerState||11||0||0||0||10003||0||||||0||||1547576355||{"pcount":"0"}
ServerState||11||0||0||0||10003||0||||||0||||1547576376||{"pcount":"0"}
ServerState||11||0||0||0||10003||0||||||0||||1547576385||{"pcount":"0"}
ServerState||11||0||0||0||10003||0||||||0||||1547576395||{"pcount":"0"}
ServerState||11||0||0||0||10003||0||||||0||||1547576405||{"pcount":"0"}
ServerState||11||0||0||0||10003||0||||||0||||1547576415||{"pcount":"0"}
ServerState||11||0||0||0||10003||0||||||0||||1547576425||{"pcount":"0"}
ServerState||11||0||0||0||10003||0||||||0||||1547576435||{"pcount":"0"}
ServerState||11||0||0||0||10003||0||||||0||||1547576445||{"pcount":"0"}
ServerState||11||0||0||0||10003||0||||||0||||1547576455||{"pcount":"0"}
ServerState||11||0||0||0||10003||0||||||0||||1547576465||{"pcount":"0"}
ServerState||11||0||0||0||10003||0||||||0||||1547576475||{"pcount":"0"}
ServerState||11||0||0||0||10003||0||||||0||||1547576485||{"pcount":"0"}
ServerState||11||0||0||0||10003||0||||||0||||1547576495||{"pcount":"0"}
ServerState||11||0||0||0||10003||0||||||0||||1547576505||{"pcount":"0"}
ServerState||11||0||0||0||10003||0||||||0||||1547576515||{"pcount":"0"}
ServerState||11||0||0||0||10003||0||||||0||||1547576525||{"pcount":"0"}
ServerState||11||0||0||0||10003||0||||||0||||1547576535||{"pcount":"0"}
ServerState||11||0||0||0||10003||0||||||0||||1547576545||{"pcount":"0"}
ServerState||11||0||0||0||10003||0||||||0||||1547576555||{"pcount":"0"}
ServerState||11||0||0||0||10003||0||||||0||||1547576565||{"pcount":"0"}
ServerState||11||0||0||0||10003||0||||||0||||1547576575||{"pcount":"0"}
ServerState||11||0||0||0||10003||0||||||0||||1547576585||{"pcount":"0"}
ServerState||11||0||0||0||10003||0||||||0||||1547580214||{"pcount":"0"}
ServerState||11||0||0||0||10003||0||||||0||||1547580224||{"pcount":"0"}
ServerState||11||0||0||0||10003||0||||||0||||1547580234||{"pcount":"0"}
ServerState||11||0||0||0||10003||0||||||0||||1547580244||{"pcount":"0"}
ServerState||11||0||0||0||10003||0||||||0||||1547580254||{"pcount":"0"}
ServerState||11||0||0||0||10003||0||||||0||||1547580264||{"pcount":"0"}
ServerState||11||0||0||0||10003||0||||||0||||1547580274||{"pcount":"0"}
ServerState||11||0||0||0||10003||0||||||0||||1547580284||{"pcount":"0"}
ServerState||11||0||0||0||10003||0||||||0||||1547580294||{"pcount":"0"}
ServerState||11||0||0||0||10003||0||||||0||||1547580304||{"pcount":"0"}
ServerState||11||0||0||0||10003||0||||||0||||1547580314||{"pcount":"0"}
ServerState||11||0||0||0||10003||0||||||0||||1547580324||{"pcount":"0"}
ServerState||11||0||0||0||10003||0||||||0||||1547580334||{"pcount":"0"}
ServerState||11||0||0||0||10003||0||||||0||||1547580344||{"pcount":"0"}
ServerState||11||0||0||0||10003||0||||||0||||1547580354||{"pcount":"0"}
ServerState||11||0||0||0||10003||0||||||0||||1547580364||{"pcount":"0"}
ServerState||11||0||0||0||10003||0||||||0||||1547580374||{"pcount":"0"}
ServerState||11||0||0||0||10003||0||||||0||||1547580384||{"pcount":"0"}
ServerState||11||0||0||0||10003||0||||||0||||1547580394||{"pcount":"0"}
ServerState||11||0||0||0||10003||0||||||0||||1547580404||{"pcount":"0"}
ServerState||11||0||0||0||10003||0||||||0||||1547580414||{"pcount":"0"}
ServerState||11||0||0||0||10003||0||||||0||||1547580424||{"pcount":"0"}
ServerState||11||0||0||0||10003||0||||||0||||1547580434||{"pcount":"0"}
ServerState||11||0||0||0||10003||0||||||0||||1547580444||{"pcount":"0"}
ServerState||11||0||0||0||10003||0||||||0||||1547580454||{"pcount":"0"}
ServerState||11||0||0||0||10003||0||||||0||||1547580464||{"pcount":"0"}
ServerState||11||0||0||0||10003||0||||||0||||1547580474||{"pcount":"0"}
ServerState||11||0||0||0||10003||0||||||0||||1547580484||{"pcount":"0"}
ServerState||11||0||0||0||10003||0||||||0||||1547580494||{"pcount":"0"}
ServerState||11||0||0||0||10003||0||||||0||||1547580504||{"pcount":"0"}
ServerState||11||0||0||0||10003||0||||||0||||1547580514||{"pcount":"0"}
ServerState||11||0||0||0||10003||0||||||0||||1547580524||{"pcount":"0"}
ServerState||11||0||0||0||10003||0||||||0||||1547580534||{"pcount":"0"}
ServerState||11||0||0||0||10003||0||||||0||||1547580544||{"pcount":"0"}
ServerState||11||0||0||0||10003||0||||||0||||1547580554||{"pcount":"0"}
ServerState||11||0||0||0||10003||0||||||0||||1547580564||{"pcount":"0"}
ServerState||11||0||0||0||10003||0||||||0||||1547580574||{"pcount":"0"}
ServerState||11||0||0||0||10003||0||||||0||||1547580584||{"pcount":"0"}
ServerState||11||0||0||0||10003||0||||||0||||1547580594||{"pcount":"0"}
ServerState||11||0||0||0||10003||0||||||0||||1547580604||{"pcount":"0"}
ServerState||11||0||0||0||10003||0||||||0||||1547580614||{"pcount":"0"}
ServerState||11||0||0||0||10003||0||||||0||||1547580624||{"pcount":"0"}
ServerState||11||0||0||0||10003||0||||||0||||1547580634||{"pcount":"0"}
ServerState||11||0||0||0||10003||0||||||0||||1547580644||{"pcount":"0"}
ServerState||11||0||0||0||10003||0||||||0||||1547580654||{"pcount":"0"}
ServerState||11||0||0||0||10003||0||||||0||||1547580664||{"pcount":"0"}
ServerState||11||0||0||0||10003||0||||||0||||1547580674||{"pcount":"0"}
ServerState||11||0||0||0||10003||0||||||0||||1547580684||{"pcount":"0"}
ServerState||11||0||0||0||10003||0||||||0||||1547580694||{"pcount":"0"}
ServerState||11||0||0||0||10003||0||||||0||||1547580704||{"pcount":"0"}
ServerState||11||0||0||0||10003||0||||||0||||1547580714||{"pcount":"0"}
ServerState||11||0||0||0||10003||0||||||0||||1547580724||{"pcount":"0"}
ServerState||11||0||0||0||10003||0||||||0||||1547580734||{"pcount":"0"}
ServerState||11||0||0||0||10003||0||||||0||||1547580744||{"pcount":"0"}
ServerState||11||0||0||0||10003||0||||||0||||1547580754||{"pcount":"0"}
ServerState||11||0||0||0||10003||0||||||0||||1547580764||{"pcount":"0"}
ServerState||11||0||0||0||10003||0||||||0||||1547580774||{"pcount":"0"}
ServerState||11||0||0||0||10003||0||||||0||||1547580784||{"pcount":"0"}
ServerState||11||0||0||0||10003||0||||||0||||1547580794||{"pcount":"0"}
ServerState||11||0||0||0||10003||0||||||0||||1547580804||{"pcount":"0"}
ServerState||11||0||0||0||10003||0||||||0||||1547580814||{"pcount":"0"}
ServerState||11||0||0||0||10003||0||||||0||||1547580824||{"pcount":"0"}
ServerState||11||0||0||0||10003||0||||||0||||1547580834||{"pcount":"0"}
ServerState||11||0||0||0||10003||0||||||0||||1547580844||{"pcount":"0"}
ServerState||11||0||0||0||10003||0||||||0||||1547580854||{"pcount":"0"}
ServerState||11||0||0||0||10003||0||||||0||||1547580864||{"pcount":"0"}
ServerState||11||0||0||0||10003||0||||||0||||1547580874||{"pcount":"0"}
ServerState||11||0||0||0||10003||0||||||0||||1547580884||{"pcount":"0"}
ServerState||11||0||0||0||10003||0||||||0||||1547580894||{"pcount":"0"}
ServerState||11||0||0||0||10003||0||||||0||||1547580904||{"pcount":"0"}
ServerState||11||0||0||0||10003||0||||||0||||1547580914||{"pcount":"0"}
ServerState||11||0||0||0||10003||0||||||0||||1547580924||{"pcount":"0"}
ServerState||11||0||0||0||10003||0||||||0||||1547580934||{"pcount":"0"}
ServerState||11||0||0||0||10003||0||||||0||||1547580944||{"pcount":"0"}
ServerState||11||0||0||0||10003||0||||||0||||1547580954||{"pcount":"0"}
ServerState||11||0||0||0||10003||0||||||0||||1547580964||{"pcount":"0"}
ServerState||11||0||0||0||10003||0||||||0||||1547580974||{"pcount":"0"}
ServerState||11||0||0||0||10003||0||||||0||||1547580984||{"pcount":"0"}
ServerState||11||0||0||0||10003||0||||||0||||1547580994||{"pcount":"0"}
ServerState||11||0||0||0||10003||0||||||0||||1547581004||{"pcount":"0"}
ServerState||11||0||0||0||10003||0||||||0||||1547581014||{"pcount":"0"}
ServerState||11||0||0||0||10003||0||||||0||||1547581024||{"pcount":"0"}
ServerState||11||0||0||0||10003||0||||||0||||1547581034||{"pcount":"0"}
ServerState||11||0||0||0||10003||0||||||0||||1547581044||{"pcount":"0"}
ServerState||11||0||0||0||10003||0||||||0||||1547581054||{"pcount":"0"}
ServerState||11||0||0||0||10003||0||||||0||||1547581064||{"pcount":"0"}
ServerState||11||0||0||0||10003||0||||||0||||1547581074||{"pcount":"0"}
ServerState||11||0||0||0||10003||0||||||0||||1547581084||{"pcount":"0"}
ServerState||11||0||0||0||10003||0||||||0||||1547581094||{"pcount":"0"}
ServerState||11||0||0||0||10003||0||||||0||||1547581104||{"pcount":"0"}
ServerState||11||0||0||0||10003||0||||||0||||1547581114||{"pcount":"0"}
ServerState||11||0||0||0||10003||0||||||0||||1547581124||{"pcount":"0"}
ServerState||11||0||0||0||10003||0||||||0||||1547581134||{"pcount":"0"}
ServerState||11||0||0||0||10003||0||||||0||||1547581144||{"pcount":"0"}
ServerState||11||0||0||0||10003||0||||||0||||1547581154||{"pcount":"0"}
ServerState||11||0||0||0||10003||0||||||0||||1547581164||{"pcount":"0"}
ServerState||11||0||0||0||10003||0||||||0||||1547581174||{"pcount":"0"}
ServerState||11||0||0||0||10003||0||||||0||||1547581184||{"pcount":"0"}
ServerState||11||0||0||0||10003||0||||||0||||1547581194||{"pcount":"0"}
ServerState||11||0||0||0||10003||0||||||0||||1547581204||{"pcount":"0"}
ServerState||11||0||0||0||10003||0||||||0||||1547581214||{"pcount":"0"}
ServerState||11||0||0||0||10003||0||||||0||||1547581224||{"pcount":"0"}
ServerState||11||0||0||0||10003||0||||||0||||1547581234||{"pcount":"0"}
ServerState||11||0||0||0||10003||0||||||0||||1547581244||{"pcount":"0"}
ServerState||11||0||0||0||10003||0||||||0||||1547581254||{"pcount":"0"}
ServerState||11||0||0||0||10003||0||||||0||||1547581264||{"pcount":"0"}
ServerState||11||0||0||0||10003||0||||||0||||1547581274||{"pcount":"0"}
ServerState||11||0||0||0||10003||0||||||0||||1547581284||{"pcount":"0"}
ServerState||11||0||0||0||10003||0||||||0||||1547581294||{"pcount":"0"}
ServerState||11||0||0||0||10003||0||||||0||||1547581304||{"pcount":"0"}
ServerState||11||0||0||0||10003||0||||||0||||1547581314||{"pcount":"0"}
ServerState||11||0||0||0||10003||0||||||0||||1547581324||{"pcount":"0"}
ServerState||11||0||0||0||10003||0||||||0||||1547581334||{"pcount":"0"}
ServerState||11||0||0||0||10003||0||||||0||||1547581344||{"pcount":"0"}
ServerState||11||0||0||0||10003||0||||||0||||1547581354||{"pcount":"0"}
ServerState||11||0||0||0||10003||0||||||0||||1547581364||{"pcount":"0"}
ServerState||11||0||0||0||10003||0||||||0||||1547581374||{"pcount":"0"}
ServerState||11||0||0||0||10003||0||||||0||||1547581384||{"pcount":"0"}
ServerState||11||0||0||0||10003||0||||||0||||1547581394||{"pcount":"0"}
ServerState||11||0||0||0||10003||0||||||0||||1547581404||{"pcount":"0"}
ServerState||11||0||0||0||10003||0||||||0||||1547581414||{"pcount":"0"}
ServerState||11||0||0||0||10003||0||||||0||||1547581424||{"pcount":"0"}
ServerState||11||0||0||0||10003||0||||||0||||1547581434||{"pcount":"0"}
ServerState||11||0||0||0||10003||0||||||0||||1547581444||{"pcount":"0"}
ServerState||11||0||0||0||10003||0||||||0||||1547581454||{"pcount":"0"}
ServerState||11||0||0||0||10003||0||||||0||||1547581464||{"pcount":"0"}
ServerState||11||0||0||0||10003||0||||||0||||1547581474||{"pcount":"0"}
ServerState||11||0||0||0||10003||0||||||0||||1547581484||{"pcount":"0"}
ServerState||11||0||0||0||10003||0||||||0||||1547581494||{"pcount":"0"}
ServerState||11||0||0||0||10003||0||||||0||||1547581504||{"pcount":"0"}
ServerState||11||0||0||0||10003||0||||||0||||1547581514||{"pcount":"0"}
ServerState||11||0||0||0||10003||0||||||0||||1547581524||{"pcount":"0"}
ServerState||11||0||0||0||10003||0||||||0||||1547581534||{"pcount":"0"}
ServerState||11||0||0||0||10003||0||||||0||||1547581544||{"pcount":"0"}
ServerState||11||0||0||0||10003||0||||||0||||1547581554||{"pcount":"0"}
ServerState||11||0||0||0||10003||0||||||0||||1547581564||{"pcount":"0"}
ServerState||11||0||0||0||10003||0||||||0||||1547581574||{"pcount":"0"}
ServerState||11||0||0||0||10003||0||||||0||||1547581584||{"pcount":"0"}
ServerState||11||0||0||0||10003||0||||||0||||1547581594||{"pcount":"0"}
ServerState||11||0||0||0||10003||0||||||0||||1547581604||{"pcount":"0"}
ServerState||11||0||0||0||10003||0||||||0||||1547581614||{"pcount":"0"}
ServerState||11||0||0||0||10003||0||||||0||||1547581624||{"pcount":"0"}
ServerState||11||0||0||0||10003||0||||||0||||1547581634||{"pcount":"0"}
ServerState||11||0||0||0||10003||0||||||0||||1547581644||{"pcount":"0"}
ServerState||11||0||0||0||10003||0||||||0||||1547581654||{"pcount":"0"}
ServerState||11||0||0||0||10003||0||||||0||||1547581664||{"pcount":"0"}
ServerState||11||0||0||0||10003||0||||||0||||1547582241||{"pcount":"0"}
ServerState||11||0||0||0||10003||0||||||0||||1547582250||{"pcount":"0"}
ServerState||11||0||0||0||10003||0||||||0||||1547582260||{"pcount":"0"}
ServerState||11||0||0||0||10003||0||||||0||||1547582270||{"pcount":"0"}
ServerState||11||0||0||0||10003||0||||||0||||1547582280||{"pcount":"0"}
ServerState||11||0||0||0||10003||0||||||0||||1547582290||{"pcount":"0"}
ServerState||11||0||0||0||10003||0||||||0||||1547582300||{"pcount":"0"}
ServerState||11||0||0||0||10003||0||||||0||||1547582310||{"pcount":"0"}
ServerState||11||0||0||0||10003||0||||||0||||1547582320||{"pcount":"0"}
ServerState||11||0||0||0||10003||0||||||0||||1547582330||{"pcount":"0"}
ServerState||11||0||0||0||10003||0||||||0||||1547582340||{"pcount":"0"}
ServerState||11||0||0||0||10003||0||||||0||||1547582350||{"pcount":"0"}
ServerState||11||0||0||0||10003||0||||||0||||1547582360||{"pcount":"0"}
ServerState||11||0||0||0||10003||0||||||0||||1547582370||{"pcount":"0"}
ServerState||11||0||0||0||10003||0||||||0||||1547582380||{"pcount":"0"}
ServerState||11||0||0||0||10003||0||||||0||||1547582390||{"pcount":"0"}
ServerState||11||0||0||0||10003||0||||||0||||1547582400||{"pcount":"0"}
ServerState||11||0||0||0||10003||0||||||0||||1547582410||{"pcount":"0"}
ServerState||11||0||0||0||10003||0||||||0||||1547582420||{"pcount":"0"}
ServerState||11||0||0||0||10003||0||||||0||||1547582430||{"pcount":"0"}
ServerState||11||0||0||0||10003||0||||||0||||1547582440||{"pcount":"0"}
ServerState||11||0||0||0||10003||0||||||0||||1547582450||{"pcount":"0"}
ServerState||11||0||0||0||10003||0||||||0||||1547582460||{"pcount":"0"}
ServerState||11||0||0||0||10003||0||||||0||||1547582470||{"pcount":"0"}
ServerState||11||0||0||0||10003||0||||||0||||1547582480||{"pcount":"0"}
ServerState||11||0||0||0||10003||0||||||0||||1547582490||{"pcount":"0"}
ServerState||11||0||0||0||10003||0||||||0||||1547582500||{"pcount":"0"}
ServerState||11||0||0||0||10003||0||||||0||||1547582510||{"pcount":"0"}
ServerState||11||0||0||0||10003||0||||||0||||1547582520||{"pcount":"0"}
ServerState||11||0||0||0||10003||0||||||0||||1547582530||{"pcount":"0"}
ServerState||11||0||0||0||10003||0||||||0||||1547582540||{"pcount":"0"}
ServerState||11||0||0||0||10003||0||||||0||||1547582550||{"pcount":"0"}
ServerState||11||0||0||0||10003||0||||||0||||1547582560||{"pcount":"0"}
ServerState||11||0||0||0||10003||0||||||0||||1547582571||{"pcount":"0"}
ServerState||11||0||0||0||10003||0||||||0||||1547582580||{"pcount":"0"}
ServerState||11||0||0||0||10003||0||||||0||||1547582590||{"pcount":"0"}
ServerState||11||0||0||0||10003||0||||||0||||1547582600||{"pcount":"0"}
ServerState||11||0||0||0||10003||0||||||0||||1547582610||{"pcount":"0"}
ServerState||11||0||0||0||10003||0||||||0||||1547582620||{"pcount":"0"}
ServerState||11||0||0||0||10003||0||||||0||||1547582630||{"pcount":"0"}
ServerState||11||0||0||0||10003||0||||||0||||1547582640||{"pcount":"0"}
ServerState||11||0||0||0||10003||0||||||0||||1547582650||{"pcount":"0"}
ServerState||11||0||0||0||10003||0||||||0||||1547582660||{"pcount":"0"}
ServerState||11||0||0||0||10003||0||||||0||||1547582670||{"pcount":"0"}
ServerState||11||0||0||0||10003||0||||||0||||1547582680||{"pcount":"0"}
ServerState||11||0||0||0||10003||0||||||0||||1547582690||{"pcount":"0"}
ServerState||11||0||0||0||10003||0||||||0||||1547582700||{"pcount":"0"}
ServerState||11||0||0||0||10003||0||||||0||||1547582710||{"pcount":"0"}
ServerState||11||0||0||0||10003||0||||||0||||1547582720||{"pcount":"0"}
ServerState||11||0||0||0||10003||0||||||0||||1547582730||{"pcount":"0"}
ServerState||11||0||0||0||10003||0||||||0||||1547582740||{"pcount":"0"}
ServerState||11||0||0||0||10003||0||||||0||||1547582750||{"pcount":"0"}
ServerState||11||0||0||0||10003||0||||||0||||1547582760||{"pcount":"0"}
ServerState||11||0||0||0||10003||0||||||0||||1547582770||{"pcount":"0"}
ServerState||11||0||0||0||10003||0||||||0||||1547582780||{"pcount":"0"}
ServerState||11||0||0||0||10003||0||||||0||||1547582790||{"pcount":"0"}
ServerState||11||0||0||0||10003||0||||||0||||1547582800||{"pcount":"0"}
ServerState||11||0||0||0||10003||0||||||0||||1547582810||{"pcount":"0"}
ServerState||11||0||0||0||10003||0||||||0||||1547582820||{"pcount":"0"}
ServerState||11||0||0||0||10003||0||||||0||||1547582830||{"pcount":"0"}
ServerState||11||0||0||0||10003||0||||||0||||1547582840||{"pcount":"0"}
ServerState||11||0||0||0||10003||0||||||0||||1547582850||{"pcount":"0"}
ServerState||11||0||0||0||10003||0||||||0||||1547582860||{"pcount":"0"}
ServerState||11||0||0||0||10003||0||||||0||||1547582870||{"pcount":"0"}
ServerState||11||0||0||0||10003||0||||||0||||1547582880||{"pcount":"0"}
ServerState||11||0||0||0||10003||0||||||0||||1547582890||{"pcount":"0"}
ServerState||11||0||0||0||10003||0||||||0||||1547582900||{"pcount":"0"}
ServerState||11||0||0||0||10003||0||||||0||||1547582910||{"pcount":"0"}
ServerState||11||0||0||0||10003||0||||||0||||1547582920||{"pcount":"0"}
ServerState||11||0||0||0||10003||0||||||0||||1547582930||{"pcount":"0"}
ServerState||11||0||0||0||10003||0||||||0||||1547582940||{"pcount":"0"}
ServerState||11||0||0||0||10003||0||||||0||||1547582950||{"pcount":"0"}
ServerState||11||0||0||0||10003||0||||||0||||1547582960||{"pcount":"0"}
ServerState||11||0||0||0||10003||0||||||0||||1547582970||{"pcount":"0"}
ServerState||11||0||0||0||10003||0||||||0||||1547582980||{"pcount":"0"}
ServerState||11||0||0||0||10003||0||||||0||||1547582990||{"pcount":"0"}
ServerState||11||0||0||0||10003||0||||||0||||1547583000||{"pcount":"0"}
ServerState||11||0||0||0||10003||0||||||0||||1547583010||{"pcount":"0"}
ServerState||11||0||0||0||10003||0||||||0||||1547583020||{"pcount":"0"}
ServerState||11||0||0||0||10003||0||||||0||||1547583030||{"pcount":"0"}
ServerState||11||0||0||0||10003||0||||||0||||1547583040||{"pcount":"0"}
ServerState||11||0||0||0||10003||0||||||0||||1547583050||{"pcount":"0"}
ServerState||11||0||0||0||10003||0||||||0||||1547583060||{"pcount":"0"}
ServerState||11||0||0||0||10003||0||||||0||||1547583070||{"pcount":"0"}
ServerState||11||0||0||0||10003||0||||||0||||1547583080||{"pcount":"0"}
ServerState||11||0||0||0||10003||0||||||0||||1547583090||{"pcount":"0"}
ServerState||11||0||0||0||10003||0||||||0||||1547583100||{"pcount":"0"}
ServerState||11||0||0||0||10003||0||||||0||||1547583110||{"pcount":"0"}
ServerState||11||0||0||0||10003||0||||||0||||1547583120||{"pcount":"0"}
ServerState||11||0||0||0||10003||0||||||0||||1547583130||{"pcount":"0"}
ServerState||11||0||0||0||10003||0||||||0||||1547583140||{"pcount":"0"}
ServerState||11||0||0||0||10003||0||||||0||||1547583150||{"pcount":"0"}
ServerState||11||0||0||0||10003||0||||||0||||1547583160||{"pcount":"0"}
ServerState||11||0||0||0||10003||0||||||0||||1547583170||{"pcount":"0"}
ServerState||11||0||0||0||10003||0||||||0||||1547583180||{"pcount":"0"}
ServerState||11||0||0||0||10003||0||||||0||||1547583190||{"pcount":"0"}
ServerState||11||0||0||0||10003||0||||||0||||1547583200||{"pcount":"0"}
ServerState||11||0||0||0||10003||0||||||0||||1547583210||{"pcount":"0"}
ServerState||11||0||0||0||10003||0||||||0||||1547583220||{"pcount":"0"}
ServerState||11||0||0||0||10003||0||||||0||||1547583230||{"pcount":"0"}
ServerState||11||0||0||0||10003||0||||||0||||1547583240||{"pcount":"0"}
ServerState||11||0||0||0||10003||0||||||0||||1547583250||{"pcount":"0"}
ServerState||11||0||0||0||10003||0||||||0||||1547583260||{"pcount":"0"}
ServerState||11||0||0||0||10003||0||||||0||||1547583270||{"pcount":"0"}
ServerState||11||0||0||0||10003||0||||||0||||1547583280||{"pcount":"0"}
ServerState||11||0||0||0||10003||0||||||0||||1547583290||{"pcount":"0"}
ServerState||11||0||0||0||10003||0||||||0||||1547583300||{"pcount":"0"}
ServerState||11||0||0||0||10003||0||||||0||||1547583310||{"pcount":"0"}
ServerState||11||0||0||0||10003||0||||||0||||1547583320||{"pcount":"0"}
ServerState||11||0||0||0||10003||0||||||0||||1547583330||{"pcount":"0"}
ServerState||11||0||0||0||10003||0||||||0||||1547583340||{"pcount":"0"}
ServerState||11||0||0||0||10003||0||||||0||||1547583350||{"pcount":"0"}
ServerState||11||0||0||0||10003||0||||||0||||1547583360||{"pcount":"0"}
ServerState||11||0||0||0||10003||0||||||0||||1547583370||{"pcount":"0"}
ServerState||11||0||0||0||10003||0||||||0||||1547583380||{"pcount":"0"}
ServerState||11||0||0||0||10003||0||||||0||||1547583390||{"pcount":"0"}
ServerState||11||0||0||0||10003||0||||||0||||1547583400||{"pcount":"0"}
ServerState||11||0||0||0||10003||0||||||0||||1547583410||{"pcount":"0"}
ServerState||11||0||0||0||10003||0||||||0||||1547583420||{"pcount":"0"}
ServerState||11||0||0||0||10003||0||||||0||||1547583430||{"pcount":"0"}
ServerState||11||0||0||0||10003||0||||||0||||1547583440||{"pcount":"0"}
ServerState||11||0||0||0||10003||0||||||0||||1547583450||{"pcount":"0"}
ServerState||11||0||0||0||10003||0||||||0||||1547583460||{"pcount":"0"}
ServerState||11||0||0||0||10003||0||||||0||||1547583470||{"pcount":"0"}
ServerState||11||0||0||0||10003||0||||||0||||1547583480||{"pcount":"0"}
ServerState||11||0||0||0||10003||0||||||0||||1547583490||{"pcount":"0"}
ServerState||11||0||0||0||10003||0||||||0||||1547583500||{"pcount":"0"}
ServerState||11||0||0||0||10003||0||||||0||||1547583510||{"pcount":"0"}
ServerState||11||0||0||0||10003||0||||||0||||1547583520||{"pcount":"0"}
ServerState||11||0||0||0||10003||0||||||0||||1547583530||{"pcount":"0"}
ServerState||11||0||0||0||10003||0||||||0||||1547583540||{"pcount":"0"}
ServerState||11||0||0||0||10003||0||||||0||||1547583550||{"pcount":"0"}
ServerState||11||0||0||0||10003||0||||||0||||1547583560||{"pcount":"0"}
ServerState||11||0||0||0||10003||0||||||0||||1547583570||{"pcount":"0"}
ServerState||11||0||0||0||10003||0||||||0||||1547583910||{"pcount":"0"}
ServerState||11||0||0||0||10003||0||||||0||||1547583919||{"pcount":"0"}
ServerState||11||0||0||0||10003||0||||||0||||1547583929||{"pcount":"0"}
ServerState||11||0||0||0||10003||0||||||0||||1547583939||{"pcount":"0"}
ServerState||11||0||0||0||10003||0||||||0||||1547583949||{"pcount":"0"}
ServerState||11||0||0||0||10003||0||||||0||||1547583959||{"pcount":"0"}
ServerState||11||0||0||0||10003||0||||||0||||1547583969||{"pcount":"0"}
ServerState||11||0||0||0||10003||0||||||0||||1547583979||{"pcount":"0"}
ServerState||11||0||0||0||10003||0||||||0||||1547583989||{"pcount":"0"}
ServerState||11||0||0||0||10003||0||||||0||||1547583999||{"pcount":"0"}
ServerState||11||0||0||0||10003||0||||||0||||1547584009||{"pcount":"0"}
ServerState||11||0||0||0||10003||0||||||0||||1547584019||{"pcount":"0"}
ServerState||11||0||0||0||10003||0||||||0||||1547584029||{"pcount":"0"}
ServerState||11||0||0||0||10003||0||||||0||||1547584043||{"pcount":"0"}
ServerState||11||0||0||0||10003||0||||||0||||1547584049||{"pcount":"0"}
ServerState||11||0||0||0||10003||0||||||0||||1547584059||{"pcount":"0"}
ServerState||11||0||0||0||10003||0||||||0||||1547584069||{"pcount":"0"}
ServerState||11||0||0||0||10003||0||||||0||||1547584079||{"pcount":"0"}
ServerState||11||0||0||0||10003||0||||||0||||1547584089||{"pcount":"0"}
ServerState||11||0||0||0||10003||0||||||0||||1547584099||{"pcount":"0"}
ServerState||11||0||0||0||10003||0||||||0||||1547584109||{"pcount":"0"}
ServerState||11||0||0||0||10003||0||||||0||||1547584119||{"pcount":"0"}
ServerState||11||0||0||0||10003||0||||||0||||1547584129||{"pcount":"0"}
ServerState||11||0||0||0||10003||0||||||0||||1547584139||{"pcount":"0"}
ServerState||11||0||0||0||10003||0||||||0||||1547584149||{"pcount":"0"}
ServerState||11||0||0||0||10003||0||||||0||||1547584159||{"pcount":"0"}
ServerState||11||0||0||0||10003||0||||||0||||1547584169||{"pcount":"0"}
ServerState||11||0||0||0||10003||0||||||0||||1547584179||{"pcount":"0"}
ServerState||11||0||0||0||10003||0||||||0||||1547584189||{"pcount":"0"}
ServerState||11||0||0||0||10003||0||||||0||||1547584199||{"pcount":"0"}
ServerState||11||0||0||0||10003||0||||||0||||1547584209||{"pcount":"0"}
ServerState||11||0||0||0||10003||0||||||0||||1547584219||{"pcount":"0"}
ServerState||11||0||0||0||10003||0||||||0||||1547584229||{"pcount":"0"}
ServerState||11||0||0||0||10003||0||||||0||||1547584239||{"pcount":"0"}
ServerState||11||0||0||0||10003||0||||||0||||1547584249||{"pcount":"0"}
ServerState||11||0||0||0||10003||0||||||0||||1547584259||{"pcount":"0"}
ServerState||11||0||0||0||10003||0||||||0||||1547584269||{"pcount":"0"}
ServerState||11||0||0||0||10003||0||||||0||||1547584279||{"pcount":"0"}
ServerState||11||0||0||0||10003||0||||||0||||1547584289||{"pcount":"0"}
ServerState||11||0||0||0||10003||0||||||0||||1547584299||{"pcount":"0"}
ServerState||11||0||0||0||10003||0||||||0||||1547584309||{"pcount":"0"}
ServerState||11||0||0||0||10003||0||||||0||||1547584319||{"pcount":"0"}
ServerState||11||0||0||0||10003||0||||||0||||1547584329||{"pcount":"0"}
ServerState||11||0||0||0||10003||0||||||0||||1547584339||{"pcount":"0"}
ServerState||11||0||0||0||10003||0||||||0||||1547584349||{"pcount":"0"}
ServerState||11||0||0||0||10003||0||||||0||||1547584359||{"pcount":"0"}
ServerState||11||0||0||0||10003||0||||||0||||1547584369||{"pcount":"0"}
ServerState||11||0||0||0||10003||0||||||0||||1547584379||{"pcount":"0"}
ServerState||11||0||0||0||10003||0||||||0||||1547584389||{"pcount":"0"}
ServerState||11||0||0||0||10003||0||||||0||||1547584399||{"pcount":"0"}
ServerState||11||0||0||0||10003||0||||||0||||1547584409||{"pcount":"0"}
ServerState||11||0||0||0||10003||0||||||0||||1547584419||{"pcount":"0"}
ServerState||11||0||0||0||10003||0||||||0||||1547584429||{"pcount":"0"}
ServerState||11||0||0||0||10003||0||||||0||||1547584439||{"pcount":"0"}
ServerState||11||0||0||0||10003||0||||||0||||1547584449||{"pcount":"0"}
ServerState||11||0||0||0||10003||0||||||0||||1547584459||{"pcount":"0"}
ServerState||11||0||0||0||10003||0||||||0||||1547584469||{"pcount":"0"}
ServerState||11||0||0||0||10003||0||||||0||||1547584479||{"pcount":"0"}
ServerState||11||0||0||0||10003||0||||||0||||1547584489||{"pcount":"0"}
ServerState||11||0||0||0||10003||0||||||0||||1547584499||{"pcount":"0"}
ServerState||11||0||0||0||10003||0||||||0||||1547584509||{"pcount":"0"}
ServerState||11||0||0||0||10003||0||||||0||||1547584519||{"pcount":"0"}
ServerState||11||0||0||0||10003||0||||||0||||1547584529||{"pcount":"0"}
ServerState||11||0||0||0||10003||0||||||0||||1547584539||{"pcount":"0"}
ServerState||11||0||0||0||10003||0||||||0||||1547584549||{"pcount":"0"}
ServerState||11||0||0||0||10003||0||||||0||||1547584559||{"pcount":"0"}
ServerState||11||0||0||0||10003||0||||||0||||1547584569||{"pcount":"0"}
ServerState||11||0||0||0||10003||0||||||0||||1547584579||{"pcount":"0"}
ServerState||11||0||0||0||10003||0||||||0||||1547584589||{"pcount":"0"}
ServerState||11||0||0||0||10003||0||||||0||||1547584599||{"pcount":"0"}
ServerState||11||0||0||0||10003||0||||||0||||1547584609||{"pcount":"0"}
ServerState||11||0||0||0||10003||0||||||0||||1547584619||{"pcount":"0"}
ServerState||11||0||0||0||10003||0||||||0||||1547584629||{"pcount":"0"}
ServerState||11||0||0||0||10003||0||||||0||||1547584639||{"pcount":"0"}
ServerState||11||0||0||0||10003||0||||||0||||1547584649||{"pcount":"0"}
ServerState||11||0||0||0||10003||0||||||0||||1547584659||{"pcount":"0"}
ServerState||11||0||0||0||10003||0||||||0||||1547584669||{"pcount":"0"}
ServerState||11||0||0||0||10003||0||||||0||||1547584679||{"pcount":"0"}
ServerState||11||0||0||0||10003||0||||||0||||1547584689||{"pcount":"0"}
ServerState||11||0||0||0||10003||0||||||0||||1547584699||{"pcount":"0"}
ServerState||11||0||0||0||10003||0||||||0||||1547584709||{"pcount":"0"}
ServerState||11||0||0||0||10003||0||||||0||||1547584719||{"pcount":"0"}
ServerState||11||0||0||0||10003||0||||||0||||1547584729||{"pcount":"0"}
ServerState||11||0||0||0||10003||0||||||0||||1547584739||{"pcount":"0"}
ServerState||11||0||0||0||10003||0||||||0||||1547584749||{"pcount":"0"}
ServerState||11||0||0||0||10003||0||||||0||||1547584759||{"pcount":"0"}
ServerState||11||0||0||0||10003||0||||||0||||1547584769||{"pcount":"0"}
ServerState||11||0||0||0||10003||0||||||0||||1547584779||{"pcount":"0"}
ServerState||11||0||0||0||10003||0||||||0||||1547584789||{"pcount":"0"}
ServerState||11||0||0||0||10003||0||||||0||||1547584799||{"pcount":"0"}
ServerState||11||0||0||0||10003||0||||||0||||1547584809||{"pcount":"0"}
ServerState||11||0||0||0||10003||0||||||0||||1547584819||{"pcount":"0"}
ServerState||11||0||0||0||10003||0||||||0||||1547584829||{"pcount":"0"}
ServerState||11||0||0||0||10003||0||||||0||||1547584839||{"pcount":"0"}
ServerState||11||0||0||0||10003||0||||||0||||1547584849||{"pcount":"0"}
ServerState||11||0||0||0||10003||0||||||0||||1547584859||{"pcount":"0"}
ServerState||11||0||0||0||10003||0||||||0||||1547584869||{"pcount":"0"}
ServerState||11||0||0||0||10003||0||||||0||||1547584879||{"pcount":"0"}
ServerState||11||0||0||0||10003||0||||||0||||1547584889||{"pcount":"0"}
ServerState||11||0||0||0||10003||0||||||0||||1547584899||{"pcount":"0"}
ServerState||11||0||0||0||10003||0||||||0||||1547584909||{"pcount":"0"}
ServerState||11||0||0||0||10003||0||||||0||||1547584919||{"pcount":"0"}
ServerState||11||0||0||0||10003||0||||||0||||1547584929||{"pcount":"0"}
ServerState||11||0||0||0||10003||0||||||0||||1547584940||{"pcount":"0"}
ServerState||11||0||0||0||10003||0||||||0||||1547584949||{"pcount":"0"}
ServerState||11||0||0||0||10003||0||||||0||||1547584959||{"pcount":"0"}
ServerState||11||0||0||0||10003||0||||||0||||1547584969||{"pcount":"0"}
ServerState||11||0||0||0||10003||0||||||0||||1547584979||{"pcount":"0"}
ServerState||11||0||0||0||10003||0||||||0||||1547584989||{"pcount":"0"}
ServerState||11||0||0||0||10003||0||||||0||||1547584999||{"pcount":"0"}
ServerState||11||0||0||0||10003||0||||||0||||1547585009||{"pcount":"0"}
ServerState||11||0||0||0||10003||0||||||0||||1547585019||{"pcount":"0"}
ServerState||11||0||0||0||10003||0||||||0||||1547585029||{"pcount":"0"}
ServerState||11||0||0||0||10003||0||||||0||||1547585039||{"pcount":"0"}
ServerState||11||0||0||0||10003||0||||||0||||1547585049||{"pcount":"0"}
ServerState||11||0||0||0||10003||0||||||0||||1547585059||{"pcount":"0"}
ServerState||11||0||0||0||10003||0||||||0||||1547585069||{"pcount":"0"}
ServerState||11||0||0||0||10003||0||||||0||||1547585079||{"pcount":"0"}
ServerState||11||0||0||0||10003||0||||||0||||1547585089||{"pcount":"0"}
ServerState||11||0||0||0||10003||0||||||0||||1547585099||{"pcount":"0"}
ServerState||11||0||0||0||10003||0||||||0||||1547585109||{"pcount":"0"}
ServerState||11||0||0||0||10003||0||||||0||||1547585119||{"pcount":"0"}
ServerState||11||0||0||0||10003||0||||||0||||1547585129||{"pcount":"0"}
ServerState||11||0||0||0||10003||0||||||0||||1547585139||{"pcount":"0"}
ServerState||11||0||0||0||10003||0||||||0||||1547585149||{"pcount":"0"}
ServerState||11||0||0||0||10003||0||||||0||||1547585159||{"pcount":"0"}
ServerState||11||0||0||0||10003||0||||||0||||1547585169||{"pcount":"0"}
ServerState||11||0||0||0||10003||0||||||0||||1547585179||{"pcount":"0"}
ServerState||11||0||0||0||10003||0||||||0||||1547585189||{"pcount":"0"}
ServerState||11||0||0||0||10003||0||||||0||||1547585199||{"pcount":"0"}
ServerState||11||0||0||0||10003||0||||||0||||1547585209||{"pcount":"0"}
ServerState||11||0||0||0||10003||0||||||0||||1547585219||{"pcount":"0"}
ServerState||11||0||0||0||10003||0||||||0||||1547585229||{"pcount":"0"}
ServerState||11||0||0||0||10003||0||||||0||||1547585239||{"pcount":"0"}
ServerState||11||0||0||0||10003||0||||||0||||1547585249||{"pcount":"0"}
ServerState||11||0||0||0||10003||0||||||0||||1547585259||{"pcount":"0"}
ServerState||11||0||0||0||10003||0||||||0||||1547585269||{"pcount":"0"}
ServerState||11||0||0||0||10003||0||||||0||||1547585279||{"pcount":"0"}
ServerState||11||0||0||0||10003||0||||||0||||1547585289||{"pcount":"0"}
ServerState||11||0||0||0||10003||0||||||0||||1547585299||{"pcount":"0"}
ServerState||11||0||0||0||10003||0||||||0||||1547585309||{"pcount":"0"}
ServerState||11||0||0||0||10003||0||||||0||||1547585319||{"pcount":"0"}
ServerState||11||0||0||0||10003||0||||||0||||1547585329||{"pcount":"0"}
ServerState||11||0||0||0||10003||0||||||0||||1547585339||{"pcount":"0"}
ServerState||11||0||0||0||10003||0||||||0||||1547585349||{"pcount":"0"}
ServerState||11||0||0||0||10003||0||||||0||||1547585359||{"pcount":"0"}
ServerState||11||0||0||0||10003||0||||||0||||1547585369||{"pcount":"0"}
ServerState||11||0||0||0||10003||0||||||0||||1547585379||{"pcount":"0"}
ServerState||11||0||0||0||10003||0||||||0||||1547585389||{"pcount":"0"}
