祝福ID(祝福的ID，部分行为指定四位ID，其余的ID命名规则：祝福编号1~N+两位子类型+三位流水号；1等级，2装备(强化01、魂装02、精炼03、重铸04、品质05)，3闲置编号，4副本（长生碑01，封魔塔02），5闲置，6灵宠，7转生，8经文，9武学，10排行榜，11符印，12好友数量，13坐骑，14活动（赏花01），15充值，16红包)	有效标志	祝福名称（这个祝福的文字名称）	发送对象（1发送到好友，2发送到帮派成员，3好友和帮派都发送）	普通奖励（普通祝福的奖励ID）	绑元奖励（使用绑元祝福的奖励ID）	被普通祝福奖励（被普通祝福奖励获得的奖励ID）	被绑元祝福奖励（被绑元祝福奖励获得的奖励ID）	通关塔层（通关层数）	红包数额	红包个数	祝福能触发的次数上限（次数限制ID）	触发祝福的时间间隔（时间，单位：秒）	祝福红包说明（祝福面板中的文字描述）	收到祝福说明（玩家收到祝福后再聊天信息里收到的提示）
[C][S]Bless_ID	[S]valid	[C][S]Bless_name	[C][S]Object	[C][S]L_Reward_ID	[C][S]S_Reward_ID	[C][S]CL_Reward_ID	[C][S]CS_Reward_ID	[C][S]Floor	[C][S]RedPacketMoney	[C][S]RedPacketNum	[S]BlessNum	[S]BlessCD	[C]Explain	[C]Message
1001	0	帮派祝福	2	40070201	40070103	40070112	40070114	0	0	0	0	60	欢迎<color=#00baff>%s</color>加入帮派，赶快送上您的祝福吧！	恭喜加入帮派，帮派成员「%s」送上一份祝福
2001	1	帮派祝福	2	40070101	40070103	40070102	40070104	0	60	10	0	0	完成首充	恭喜获得首充礼包，帮派成员「%s」送上一份祝福
3001	1	帮派祝福	2	40070101	40070103	40070102	40070104	0	100	10	0	0	购买白银周卡	恭喜激活白银周卡，帮派成员「%s」送上一份祝福
3002	1	帮派祝福	2	40070101	40070103	40070102	40070104	0	200	20	0	0	购买黄金月卡	恭喜激活黄金月卡，帮派成员「%s」送上一份祝福
4001	1	帮派祝福	2	40070101	40070103	40070102	40070104	0	400	20	0	0	购买成长基金	恭喜激活成长基金，帮派成员「%s」送上一份祝福
4002	1	帮派祝福	2	40070101	40070103	40070102	40070104	0	500	20	0	0	购买登录基金	恭喜激活登录基金，帮派成员「%s」送上一份祝福
5001	1	帮派祝福	2	40070101	40070103	40070102	40070104	0	0	0	0	0	您的好友<color=#fd8e06>%s</color>尊享等级提升到<color=#4ac6ff>1级</color>，赶快送上您的祝福吧！	恭喜<color=#fd8e06>%s</color>尊享等级提升到1级，<color=#00dbaa>%s</color>送上一份祝福，愿长生路上一直有你相伴！
5002	1	帮派祝福	2	40070101	40070103	40070102	40070104	0	300	20	0	0	尊享等级提升到3级	恭喜达到3级尊享，帮派成员「%s」送上一份祝福
5003	1	帮派祝福	2	40070101	40070103	40070102	40070104	0	500	20	0	0	尊享等级提升到5级	恭喜达到5级尊享，帮派成员「%s」送上一份祝福
5004	1	帮派祝福	2	40070101	40070103	40070102	40070104	0	1000	30	0	0	尊享等级提升到7级	恭喜达到7级尊享，帮派成员「%s」送上一份祝福
5005	1	帮派祝福	2	40070101	40070103	40070102	40070104	0	1000	30	0	0	尊享等级提升到8级	恭喜达到8级尊享，帮派成员「%s」送上一份祝福
101001	1	好友祝福	2	40070101	40070103	40070102	40070104	0	0	0	114	60	您的好友<color=#fd8e06>%s</color>升级到了<color=#4ac6ff>20级</color>，赶快送上您的祝福吧！	恭喜<color=#fd8e06>%s</color>升到20级，<color=#00dbaa>%s</color>送上一份祝福，以此携手共进，共创辉煌！
101002	1	好友祝福	2	40070101	40070103	40070102	40070104	0	0	0	0	0	您的好友<color=#fd8e06>%s</color>升级到了<color=#4ac6ff>50级</color>，赶快送上您的祝福吧！	恭喜<color=#fd8e06>%s</color>升到50级，<color=#00dbaa>%s</color>送上一份祝福，以此携手共进，共创辉煌！
101003	1	好友祝福	2	40070101	40070103	40070102	40070104	0	0	0	115	60	您的好友<color=#fd8e06>%s</color>升级到了<color=#4ac6ff>30级</color>，赶快送上您的祝福吧！	恭喜<color=#fd8e06>%s</color>升到30级，<color=#00dbaa>%s</color>送上一份祝福，以此携手共进，共创辉煌！
101004	1	好友祝福	2	40070101	40070103	40070102	40070104	0	0	0	0	0	您的好友<color=#fd8e06>%s</color>升级到了<color=#4ac6ff>60级</color>，赶快送上您的祝福吧！	恭喜<color=#fd8e06>%s</color>升到60级，<color=#00dbaa>%s</color>送上一份祝福，以此携手共进，共创辉煌！
101005	1	好友祝福	2	40070101	40070103	40070102	40070104	0	0	0	0	0	您的好友<color=#fd8e06>%s</color>升级到了<color=#4ac6ff>70级</color>，赶快送上您的祝福吧！	恭喜<color=#fd8e06>%s</color>升到70级，<color=#00dbaa>%s</color>送上一份祝福，以此携手共进，共创辉煌！
101006	1	好友祝福	2	40070101	40070103	40070102	40070104	0	0	0	0	0	您的好友<color=#fd8e06>%s</color>升级到了<color=#4ac6ff>80级</color>，赶快送上您的祝福吧！	恭喜<color=#fd8e06>%s</color>升到80级，<color=#00dbaa>%s</color>送上一份祝福，以此携手共进，共创辉煌！
201001	1	帮派祝福	2	40070101	40070103	40070102	40070104	0	0	0	0	0	您的好友<color=#fd8e06>%s</color>成功达成<color=#4ac6ff>1级强化激活</color>，赶快送上您的祝福吧！	恭喜<color=#fd8e06>%s</color>激活1级强化，修为大幅上升，<color=#00dbaa>%s</color>送上一份祝福！
201002	1	帮派祝福	2	40070101	40070103	40070102	40070104	0	0	0	0	0	您的好友<color=#fd8e06>%s</color>成功达成<color=#4ac6ff>2级强化激活</color>，赶快送上您的祝福吧！	恭喜<color=#fd8e06>%s</color>激活2级强化，修为大幅上升，<color=#00dbaa>%s</color>送上一份祝福！
201003	1	帮派祝福	2	40070101	40070103	40070102	40070104	0	0	0	0	0	您的好友<color=#fd8e06>%s</color>成功达成<color=#4ac6ff>3级强化激活</color>，赶快送上您的祝福吧！	恭喜<color=#fd8e06>%s</color>激活3级强化，修为大幅上升，<color=#00dbaa>%s</color>送上一份祝福！
201004	1	帮派祝福	2	40070101	40070103	40070102	40070104	0	0	0	0	0	您的好友<color=#fd8e06>%s</color>成功达成<color=#4ac6ff>4级强化激活</color>，赶快送上您的祝福吧！	恭喜<color=#fd8e06>%s</color>激活4级强化，修为大幅上升，<color=#00dbaa>%s</color>送上一份祝福！
201005	1	帮派祝福	2	40070101	40070103	40070102	40070104	0	0	0	0	0	您的好友<color=#fd8e06>%s</color>成功达成<color=#4ac6ff>5级强化激活</color>，赶快送上您的祝福吧！	恭喜<color=#fd8e06>%s</color>激活5级强化，修为大幅上升，<color=#00dbaa>%s</color>送上一份祝福！
201006	1	帮派祝福	2	40070101	40070103	40070102	40070104	0	0	0	0	0	您的好友<color=#fd8e06>%s</color>成功达成<color=#4ac6ff>6级强化激活</color>，赶快送上您的祝福吧！	恭喜<color=#fd8e06>%s</color>激活6级强化，修为大幅上升，<color=#00dbaa>%s</color>送上一份祝福！
201007	1	帮派祝福	2	40070101	40070103	40070102	40070104	0	0	0	0	0	您的好友<color=#fd8e06>%s</color>成功达成<color=#4ac6ff>7级强化激活</color>，赶快送上您的祝福吧！	恭喜<color=#fd8e06>%s</color>激活7级强化，修为大幅上升，<color=#00dbaa>%s</color>送上一份祝福！
201008	1	帮派祝福	2	40070101	40070103	40070102	40070104	0	0	0	0	0	您的好友<color=#fd8e06>%s</color>成功达成<color=#4ac6ff>8级强化激活</color>，赶快送上您的祝福吧！	恭喜<color=#fd8e06>%s</color>激活8级强化，修为大幅上升，<color=#00dbaa>%s</color>送送上一份祝福！
201009	1	帮派祝福	2	40070101	40070103	40070102	40070104	0	0	0	0	0	您的好友<color=#fd8e06>%s</color>成功达成<color=#4ac6ff>9级强化激活</color>，赶快送上您的祝福吧！	恭喜<color=#fd8e06>%s</color>激活9级强化，修为大幅上升，<color=#00dbaa>%s</color>送上一份祝福！
201010	1	帮派祝福	2	40070101	40070103	40070102	40070104	0	0	0	0	0	您的好友<color=#fd8e06>%s</color>成功达成<color=#4ac6ff>10级强化激活</color>，赶快送上您的祝福吧！	恭喜<color=#fd8e06>%s</color>激活10级强化，修为大幅上升，<color=#00dbaa>%s</color>送上一份祝福！
201011	1	帮派祝福	2	40070101	40070103	40070102	40070104	0	0	0	0	0	您的好友<color=#fd8e06>%s</color>成功合成了一个<color=#4ac6ff>紫色灵宝</color>，赶快送上您的祝福吧！	灵宝有灵择贤主，恭喜<color=#fd8e06>%s</color>合成紫色灵宝，<color=#00dbaa>%s</color>送上一份祝福！
201012	1	帮派祝福	2	40070101	40070103	40070102	40070104	0	0	0	0	0	您的好友<color=#fd8e06>%s</color>成功将灵宝<color=#4ac6ff>强化到10级</color>，赶快送上您的祝福吧！	恭喜<color=#fd8e06>%s</color>灵宝强化10级，修为突破天际，<color=#00dbaa>%s</color>送上一份祝福！
201013	1	帮派祝福	2	40070101	40070103	40070102	40070104	0	0	0	0	0	您的好友<color=#fd8e06>%s</color>成功将灵宝<color=#4ac6ff>强化到15级</color>，赶快送上您的祝福吧！	恭喜<color=#fd8e06>%s</color>灵宝强化15级，修为突破天际，<color=#00dbaa>%s</color>送上一份祝福！
202001	1	帮派祝福	2	40070101	40070103	40070102	40070104	0	0	0	0	0	您的帮派成员<color=#fd8e06>%s</color>成功装备了1件<color=#11adf6>蓝色</color>-魂・武器，赶快送上您的祝福吧！	恭喜<color=#fd8e06>%s</color>获得蓝色魂武，修为冠绝古今，<color=#00dbaa>%s</color>送上一份祝福！
202002	1	帮派祝福	2	40070101	40070103	40070102	40070104	0	0	0	0	0	您的帮派成员<color=#fd8e06>%s</color>成功装备了1件<color=#aa62fc>紫色</color>-魂・武器，赶快送上您的祝福吧！	恭喜<color=#fd8e06>%s</color>获得紫色魂武，修为冠绝古今，<color=#00dbaa>%s</color>送上一份祝福！
202003	1	帮派祝福	2	40070101	40070103	40070102	40070104	0	0	0	0	0	您的帮派成员<color=#fd8e06>%s</color>成功装备了1件<color=#fd8e06>橙色</color>-魂・武器，赶快送上您的祝福吧！	恭喜<color=#fd8e06>%s</color>获得橙色魂武，修为冠绝古今，<color=#00dbaa>%s</color>送上一份祝福！
202004	1	帮派祝福	2	40070101	40070103	40070102	40070104	0	0	0	0	0	您的帮派成员<color=#fd8e06>%s</color>成功装备了1件<color=#00dbaa>青色</color>-魂・武器，赶快送上您的祝福吧！	恭喜<color=#fd8e06>%s</color>获得青色魂武，修为冠绝古今，<color=#00dbaa>%s</color>送上一份祝福！
202005	1	帮派祝福	2	40070101	40070103	40070102	40070104	0	0	0	0	0	您的帮派成员<color=#fd8e06>%s</color>成功装备了1件<color=#ff3e3e>红色</color>-魂・武器，赶快送上您的祝福吧！	恭喜<color=#fd8e06>%s</color>获得红色魂武，修为冠绝古今，<color=#00dbaa>%s</color>送上一份祝福！
202006	1	帮派祝福	2	40070101	40070103	40070102	40070104	0	0	0	0	0	您的帮派成员<color=#fd8e06>%s</color>成功装备了1件<color=#ff3efd>粉色</color>-魂・武器，赶快送上您的祝福吧！	恭喜<color=#fd8e06>%s</color>获得粉色魂武，修为冠绝古今，<color=#00dbaa>%s</color>送上一份祝福！
202007	1	帮派祝福	2	40070101	40070103	40070102	40070104	0	0	0	0	0	您的帮派成员<color=#fd8e06>%s</color>成功装备了4个<color=#11adf6>蓝色</color>-魂・主部件，赶快送上您的祝福吧！	恭喜<color=#fd8e06>%s</color>获得4个蓝色魂装备，修为冠绝古今，<color=#00dbaa>%s</color>送上一份祝福！
202008	1	帮派祝福	2	40070101	40070103	40070102	40070104	0	0	0	0	0	您的帮派成员<color=#fd8e06>%s</color>成功装备了4个<color=#aa62fc>紫色</color>-魂・主部件，赶快送上您的祝福吧！	恭喜<color=#fd8e06>%s</color>获得4个紫色魂装备，修为冠绝古今，<color=#00dbaa>%s</color>送上一份祝福！
202009	1	帮派祝福	2	40070101	40070103	40070102	40070104	0	0	0	0	0	您的帮派成员<color=#fd8e06>%s</color>成功装备了4个<color=#fd8e06>橙色</color>-魂・主部件，赶快送上您的祝福吧！	恭喜<color=#fd8e06>%s</color>获得4个橙色魂装备，修为冠绝古今，<color=#00dbaa>%s</color>送上一份祝福！
202010	1	帮派祝福	2	40070101	40070103	40070102	40070104	0	0	0	0	0	您的帮派成员<color=#fd8e06>%s</color>成功装备了4个<color=#00dbaa>青色</color>-魂・主部件，赶快送上您的祝福吧！	恭喜<color=#fd8e06>%s</color>获得4个青色魂装备，修为冠绝古今，<color=#00dbaa>%s</color>送上一份祝福！
202011	1	帮派祝福	2	40070101	40070103	40070102	40070104	0	0	0	0	0	您的帮派成员<color=#fd8e06>%s</color>成功装备了4个<color=#ff3e3e>红色</color>-魂・主部件，赶快送上您的祝福吧！	恭喜<color=#fd8e06>%s</color>获得4个红色魂装备，修为冠绝古今，<color=#00dbaa>%s</color>送上一份祝福！
202012	1	帮派祝福	2	40070101	40070103	40070102	40070104	0	0	0	0	0	您的帮派成员<color=#fd8e06>%s</color>成功装备了4个<color=#ff3efd>粉色</color>-魂・主部件，赶快送上您的祝福吧！	恭喜<color=#fd8e06>%s</color>获得4个粉色魂装备，修为冠绝古今，<color=#00dbaa>%s</color>送上一份祝福！
202013	1	帮派祝福	2	40070101	40070103	40070102	40070104	0	0	0	0	0	您的帮派成员<color=#fd8e06>%s</color>成功装备了8个<color=#11adf6>蓝色</color>-魂・主辅部件，赶快送上您的祝福吧！	恭喜<color=#fd8e06>%s</color>获得8个蓝色魂装备，修为冠绝古今，<color=#00dbaa>%s</color>送上一份祝福！
202014	1	帮派祝福	2	40070101	40070103	40070102	40070104	0	0	0	0	0	您的帮派成员<color=#fd8e06>%s</color>成功装备了8个<color=#aa62fc>紫色</color>-魂・主辅部件，赶快送上您的祝福吧！	恭喜<color=#fd8e06>%s</color>获得8个紫色魂装备，修为冠绝古今，<color=#00dbaa>%s</color>送上一份祝福！
202015	1	帮派祝福	2	40070101	40070103	40070102	40070104	0	0	0	0	0	您的帮派成员<color=#fd8e06>%s</color>成功装备了8个<color=#fd8e06>橙色</color>-魂・主辅部件，赶快送上您的祝福吧！	恭喜<color=#fd8e06>%s</color>获得8个橙色魂装备，修为冠绝古今，<color=#00dbaa>%s</color>送上一份祝福！
202016	1	帮派祝福	2	40070101	40070103	40070102	40070104	0	0	0	0	0	您的帮派成员<color=#fd8e06>%s</color>成功装备了8个<color=#00dbaa>青色</color>-魂・主辅部件，赶快送上您的祝福吧！	恭喜<color=#fd8e06>%s</color>获得8个青色魂装备，修为冠绝古今，<color=#00dbaa>%s</color>送上一份祝福！
202017	1	帮派祝福	2	40070101	40070103	40070102	40070104	0	0	0	0	0	您的帮派成员<color=#fd8e06>%s</color>成功装备了8个<color=#ff3e3e>红色</color>-魂・主辅部件，赶快送上您的祝福吧！	恭喜<color=#fd8e06>%s</color>获得8个红色魂装备，修为冠绝古今，<color=#00dbaa>%s</color>送上一份祝福！
202018	1	帮派祝福	2	40070101	40070103	40070102	40070104	0	0	0	0	0	您的帮派成员<color=#fd8e06>%s</color>成功装备了8个<color=#ff3efd>粉色</color>-魂・主辅部件，赶快送上您的祝福吧！	恭喜<color=#fd8e06>%s</color>获得8个粉色魂装备，修为冠绝古今，<color=#00dbaa>%s</color>送上一份祝福！
202019	1	帮派祝福	2	40070101	40070103	40070102	40070104	0	0	0	0	0	您的帮派成员<color=#fd8e06>%s</color>成功装备了所有<color=#11adf6>蓝色</color>-魂・装备，赶快送上您的祝福吧！	恭喜<color=#fd8e06>%s</color>获得10个蓝色魂装备，修为冠绝古今，<color=#00dbaa>%s</color>送上一份祝福！
202020	1	帮派祝福	2	40070101	40070103	40070102	40070104	0	0	0	0	0	您的帮派成员<color=#fd8e06>%s</color>成功装备了所有<color=#aa62fc>紫色</color>-魂・装备，赶快送上您的祝福吧！	恭喜<color=#fd8e06>%s</color>获得10个紫色魂装备，修为冠绝古今，<color=#00dbaa>%s</color>送上一份祝福！
202021	1	帮派祝福	2	40070101	40070103	40070102	40070104	0	0	0	0	0	您的帮派成员<color=#fd8e06>%s</color>成功装备了所有<color=#fd8e06>橙色</color>-魂・装备，赶快送上您的祝福吧！	恭喜<color=#fd8e06>%s</color>获得10个橙色魂装备，修为冠绝古今，<color=#00dbaa>%s</color>送上一份祝福！
202022	1	帮派祝福	2	40070101	40070103	40070102	40070104	0	0	0	0	0	您的帮派成员<color=#fd8e06>%s</color>成功装备了所有<color=#00dbaa>青色</color>-魂・装备，赶快送上您的祝福吧！	恭喜<color=#fd8e06>%s</color>获得10个青色魂装备，修为冠绝古今，<color=#00dbaa>%s</color>送上一份祝福！
202023	1	帮派祝福	2	40070101	40070103	40070102	40070104	0	0	0	0	0	您的帮派成员<color=#fd8e06>%s</color>成功装备了所有<color=#ff3e3e>红色</color>-魂・装备，赶快送上您的祝福吧！	恭喜<color=#fd8e06>%s</color>获得10个红色魂装备，修为冠绝古今，<color=#00dbaa>%s</color>送上一份祝福！
202024	1	帮派祝福	2	40070101	40070103	40070102	40070104	0	0	0	0	0	您的帮派成员<color=#fd8e06>%s</color>成功装备了所有<color=#ff3efd>粉色</color>-魂・装备，赶快送上您的祝福吧！	恭喜<color=#fd8e06>%s</color>获得10个粉色魂装备，修为冠绝古今，<color=#00dbaa>%s</color>送上一份祝福！
203001	1	帮派祝福	2	40070101	40070103	40070102	40070104	0	0	0	0	0	您的帮派成员<color=#fd8e06>%s</color>成功达成<color=#4ac6ff>1级精炼激活</color>，赶快送上您的祝福吧！	恭喜<color=#fd8e06>%s</color>激活1级精炼，修为骤然飙升！<color=#00dbaa>%s</color>送上一份祝福！
203002	1	帮派祝福	2	40070101	40070103	40070102	40070104	0	0	0	0	0	您的帮派成员<color=#fd8e06>%s</color>成功达成<color=#4ac6ff>2级精炼激活</color>，赶快送上您的祝福吧！	恭喜<color=#fd8e06>%s</color>激活2级精炼，修为骤然飙升！<color=#00dbaa>%s</color>送上一份祝福！
203003	1	帮派祝福	2	40070101	40070103	40070102	40070104	0	0	0	0	0	您的帮派成员<color=#fd8e06>%s</color>成功达成<color=#4ac6ff>3级精炼激活</color>，赶快送上您的祝福吧！	恭喜<color=#fd8e06>%s</color>激活3级精炼，修为骤然飙升！<color=#00dbaa>%s</color>送上一份祝福！
203004	1	帮派祝福	2	40070101	40070103	40070102	40070104	0	0	0	0	0	您的帮派成员<color=#fd8e06>%s</color>成功达成<color=#4ac6ff>4级精炼激活</color>，赶快送上您的祝福吧！	恭喜<color=#fd8e06>%s</color>激活4级精炼，修为骤然飙升！<color=#00dbaa>%s</color>送上一份祝福！
203005	1	帮派祝福	2	40070101	40070103	40070102	40070104	0	0	0	0	0	您的帮派成员<color=#fd8e06>%s</color>成功达成<color=#4ac6ff>5级精炼激活</color>，赶快送上您的祝福吧！	恭喜<color=#fd8e06>%s</color>激活5级精炼，修为骤然飙升！<color=#00dbaa>%s</color>送上一份祝福！
203006	1	帮派祝福	2	40070101	40070103	40070102	40070104	0	0	0	0	0	您的帮派成员<color=#fd8e06>%s</color>成功达成<color=#4ac6ff>6级精炼激活</color>，赶快送上您的祝福吧！	恭喜<color=#fd8e06>%s</color>激活6级精炼，修为骤然飙升！<color=#00dbaa>%s</color>送上一份祝福！
203007	1	帮派祝福	2	40070101	40070103	40070102	40070104	0	0	0	0	0	您的帮派成员<color=#fd8e06>%s</color>成功达成<color=#4ac6ff>7级精炼激活</color>，赶快送上您的祝福吧！	恭喜<color=#fd8e06>%s</color>激活7级精炼，修为骤然飙升！<color=#00dbaa>%s</color>送上一份祝福！
203008	1	帮派祝福	2	40070101	40070103	40070102	40070104	0	0	0	0	0	您的帮派成员<color=#fd8e06>%s</color>成功达成<color=#4ac6ff>8级精炼激活</color>，赶快送上您的祝福吧！	恭喜<color=#fd8e06>%s</color>激活8级精炼，修为骤然飙升！<color=#00dbaa>%s</color>送上一份祝福！
203009	1	帮派祝福	2	40070101	40070103	40070102	40070104	0	0	0	0	0	您的帮派成员<color=#fd8e06>%s</color>成功达成<color=#4ac6ff>9级精炼激活</color>，赶快送上您的祝福吧！	恭喜<color=#fd8e06>%s</color>激活9级精炼，修为骤然飙升！<color=#00dbaa>%s</color>送上一份祝福！
203010	1	帮派祝福	2	40070101	40070103	40070102	40070104	0	0	0	0	0	您的帮派成员<color=#fd8e06>%s</color>成功达成<color=#4ac6ff>10级精炼激活</color>，赶快送上您的祝福吧！	恭喜<color=#fd8e06>%s</color>激活10级精炼，修为骤然飙升！<color=#00dbaa>%s</color>送上一份祝福！
204001	1	帮派祝福	2	40070101	40070103	40070102	40070104	0	0	0	0	0	您的帮派成员<color=#fd8e06>%s</color>成功达成<color=#4ac6ff>1级完美激活</color>，赶快送上您的祝福吧！	恭喜<color=#fd8e06>%s</color>激活1级完美属性，修为骤然飙升！<color=#00dbaa>%s</color>送上一份祝福！
204002	1	帮派祝福	2	40070101	40070103	40070102	40070104	0	0	0	0	0	您的帮派成员<color=#fd8e06>%s</color>成功达成<color=#4ac6ff>2级完美激活</color>，赶快送上您的祝福吧！	恭喜<color=#fd8e06>%s</color>激活2级完美属性，修为骤然飙升！<color=#00dbaa>%s</color>送上一份祝福！
204003	1	帮派祝福	2	40070101	40070103	40070102	40070104	0	0	0	0	0	您的帮派成员<color=#fd8e06>%s</color>成功达成<color=#4ac6ff>3级完美激活</color>，赶快送上您的祝福吧！	恭喜<color=#fd8e06>%s</color>激活3级完美属性，修为骤然飙升！<color=#00dbaa>%s</color>送上一份祝福！
204004	1	帮派祝福	2	40070101	40070103	40070102	40070104	0	0	0	0	0	您的帮派成员<color=#fd8e06>%s</color>成功达成<color=#4ac6ff>4级完美激活</color>，赶快送上您的祝福吧！	恭喜<color=#fd8e06>%s</color>激活4级完美属性，修为骤然飙升！<color=#00dbaa>%s</color>送上一份祝福！
204005	1	帮派祝福	2	40070101	40070103	40070102	40070104	0	0	0	0	0	您的帮派成员<color=#fd8e06>%s</color>成功达成<color=#4ac6ff>5级完美激活</color>，赶快送上您的祝福吧！	恭喜<color=#fd8e06>%s</color>激活5级完美属性，修为骤然飙升！<color=#00dbaa>%s</color>送上一份祝福！
204006	1	帮派祝福	2	40070101	40070103	40070102	40070104	0	0	0	0	0	您的帮派成员<color=#fd8e06>%s</color>成功达成<color=#4ac6ff>6级完美激活</color>，赶快送上您的祝福吧！	恭喜<color=#fd8e06>%s</color>激活6级完美属性，修为骤然飙升！<color=#00dbaa>%s</color>送上一份祝福！
204007	1	帮派祝福	2	40070101	40070103	40070102	40070104	0	0	0	0	0	您的帮派成员<color=#fd8e06>%s</color>成功达成<color=#4ac6ff>7级完美激活</color>，赶快送上您的祝福吧！	恭喜<color=#fd8e06>%s</color>激活7级完美属性，修为骤然飙升！<color=#00dbaa>%s</color>送上一份祝福！
204008	1	帮派祝福	2	40070101	40070103	40070102	40070104	0	0	0	0	0	您的帮派成员<color=#fd8e06>%s</color>成功达成<color=#4ac6ff>8级完美激活</color>，赶快送上您的祝福吧！	恭喜<color=#fd8e06>%s</color>激活8级完美属性，修为骤然飙升！<color=#00dbaa>%s</color>送上一份祝福！
204009	1	帮派祝福	2	40070101	40070103	40070102	40070104	0	0	0	0	0	您的帮派成员<color=#fd8e06>%s</color>成功达成<color=#4ac6ff>9级完美激活</color>，赶快送上您的祝福吧！	恭喜<color=#fd8e06>%s</color>激活9级完美属性，修为骤然飙升！<color=#00dbaa>%s</color>送上一份祝福！
204010	1	帮派祝福	2	40070101	40070103	40070102	40070104	0	0	0	0	0	您的帮派成员<color=#fd8e06>%s</color>成功达成<color=#4ac6ff>10级完美激活</color>，赶快送上您的祝福吧！	恭喜<color=#fd8e06>%s</color>激活10级完美属性，修为骤然飙升！<color=#00dbaa>%s</color>送上一份祝福！
205001	1	帮派祝福	2	40070101	40070103	40070102	40070104	0	0	0	0	0	您的帮派成员<color=#fd8e06>%s</color>装备了4件<color=#aa62fc>上古装备</color>，赶快送上你的祝福吧！	恭喜<color=#fd8e06>%s</color>获得4件上古装备，仙路更进一步，<color=#00dbaa>%s</color>送上一份祝福！
205002	1	帮派祝福	2	40070101	40070103	40070102	40070104	0	0	0	0	0	您的帮派成员<color=#fd8e06>%s</color>装备了4件<color=#fd8e06>上古装备</color>，赶快送上你的祝福吧！	恭喜<color=#fd8e06>%s</color>获得4件上古装备，仙路更进一步，<color=#00dbaa>%s</color>送上一份祝福！
205003	1	帮派祝福	2	40070101	40070103	40070102	40070104	0	0	0	0	0	您的帮派成员<color=#fd8e06>%s</color>装备了4件<color=#00dbaa>上古装备</color>，赶快送上你的祝福吧！	恭喜<color=#fd8e06>%s</color>获得4件上古装备，仙路更进一步，<color=#00dbaa>%s</color>送上一份祝福！
205004	1	帮派祝福	2	40070101	40070103	40070102	40070104	0	0	0	0	0	您的帮派成员<color=#fd8e06>%s</color>装备了4件<color=#ff3e3e>上古装备</color>，赶快送上你的祝福吧！	恭喜<color=#fd8e06>%s</color>获得4件上古装备，仙路更进一步，<color=#00dbaa>%s</color>送上一份祝福！
401001	1	帮派祝福	2	40070101	40070103	40070102	40070104	10	0	0	0	0	您的帮派成员<color=#fd8e06>%s</color>成功通关<color=#4ac6ff>赤日碑第10关</color>，赶快送上你的祝福吧！	恭喜<color=#fd8e06>%s</color>通过赤日碑第10关，长生之路更进一步！<color=#00dbaa>%s</color>送上一份祝福！
401002	1	帮派祝福	2	40070101	40070103	40070102	40070104	10	0	0	0	0	您的帮派成员<color=#fd8e06>%s</color>成功通关<color=#4ac6ff>卷云碑第10关</color>，赶快送上你的祝福吧！	恭喜<color=#fd8e06>%s</color>通过卷云碑第10关，长生之路更进一步！<color=#00dbaa>%s</color>送上一份祝福！
401003	1	帮派祝福	2	40070101	40070103	40070102	40070104	10	0	0	0	0	您的帮派成员<color=#fd8e06>%s</color>成功通关<color=#4ac6ff>南枝碑第10关</color>，赶快送上你的祝福吧！	恭喜<color=#fd8e06>%s</color>通过南枝碑第10关，长生之路更进一步！<color=#00dbaa>%s</color>送上一份祝福！
401004	1	帮派祝福	2	40070101	40070103	40070102	40070104	10	0	0	0	0	您的帮派成员<color=#fd8e06>%s</color>成功通关<color=#4ac6ff>跃林碑第10关</color>，赶快送上你的祝福吧！	恭喜<color=#fd8e06>%s</color>通过跃林碑第10关，长生之路更进一步！<color=#00dbaa>%s</color>送上一份祝福！
401005	1	帮派祝福	2	40070101	40070103	40070102	40070104	10	0	0	0	0	您的帮派成员<color=#fd8e06>%s</color>成功通关<color=#4ac6ff>闻言碑第10关</color>，赶快送上你的祝福吧！	恭喜<color=#fd8e06>%s</color>通过闻言碑第10关，长生之路更进一步！<color=#00dbaa>%s</color>送上一份祝福！
401006	1	帮派祝福	2	40070101	40070103	40070102	40070104	10	0	0	0	0	您的帮派成员<color=#fd8e06>%s</color>成功通关<color=#4ac6ff>西辰碑第10关</color>，赶快送上你的祝福吧！	恭喜<color=#fd8e06>%s</color>通过西辰碑第10关，长生之路更进一步！<color=#00dbaa>%s</color>送上一份祝福！
401007	1	帮派祝福	2	40070101	40070103	40070102	40070104	10	0	0	0	0	您的帮派成员<color=#fd8e06>%s</color>成功通关<color=#4ac6ff>听雨碑第10关</color>，赶快送上你的祝福吧！	恭喜<color=#fd8e06>%s</color>通过听雨碑第10关，长生之路更进一步！<color=#00dbaa>%s</color>送上一份祝福！
401008	1	帮派祝福	2	40070101	40070103	40070102	40070104	10	0	0	0	0	您的帮派成员<color=#fd8e06>%s</color>成功通关<color=#4ac6ff>烟暖碑第10关</color>，赶快送上你的祝福吧！	恭喜<color=#fd8e06>%s</color>通过烟暖碑第10关，长生之路更进一步！<color=#00dbaa>%s</color>送上一份祝福！
401009	1	帮派祝福	2	40070101	40070103	40070102	40070104	10	0	0	0	0	您的帮派成员<color=#fd8e06>%s</color>成功通关<color=#4ac6ff>白山碑第10关</color>，赶快送上你的祝福吧！	恭喜<color=#fd8e06>%s</color>通过白山碑第10关，长生之路更进一步！<color=#00dbaa>%s</color>送上一份祝福！
401010	1	帮派祝福	2	40070101	40070103	40070102	40070104	10	0	0	0	0	您的帮派成员<color=#fd8e06>%s</color>成功通关<color=#4ac6ff>孤松碑第10关</color>，赶快送上你的祝福吧！	恭喜<color=#fd8e06>%s</color>通过孤松碑第10关，长生之路更进一步！<color=#00dbaa>%s</color>送上一份祝福！
401011	1	帮派祝福	2	40070101	40070103	40070102	40070104	10	0	0	0	0	您的帮派成员<color=#fd8e06>%s</color>成功通关<color=#4ac6ff>梧桐碑第10关</color>，赶快送上你的祝福吧！	恭喜<color=#fd8e06>%s</color>通过梧桐碑第10关，长生之路更进一步！<color=#00dbaa>%s</color>送上一份祝福！
401012	1	帮派祝福	2	40070101	40070103	40070102	40070104	10	0	0	0	0	您的帮派成员<color=#fd8e06>%s</color>成功通关<color=#4ac6ff>风雪碑第10关</color>，赶快送上你的祝福吧！	恭喜<color=#fd8e06>%s</color>通过风雪碑第10关，长生之路更进一步！<color=#00dbaa>%s</color>送上一份祝福！
401013	1	帮派祝福	2	40070101	40070103	40070102	40070104	10	0	0	0	0	您的帮派成员<color=#fd8e06>%s</color>成功通关<color=#4ac6ff>云霞碑第10关</color>，赶快送上你的祝福吧！	恭喜<color=#fd8e06>%s</color>通过云霞碑第10关，长生之路更进一步！<color=#00dbaa>%s</color>送上一份祝福！
401014	1	帮派祝福	2	40070101	40070103	40070102	40070104	10	0	0	0	0	您的帮派成员<color=#fd8e06>%s</color>成功通关<color=#4ac6ff>梦泽碑第10关</color>，赶快送上你的祝福吧！	恭喜<color=#fd8e06>%s</color>通过梦泽碑第10关，长生之路更进一步！<color=#00dbaa>%s</color>送上一份祝福！
401015	1	帮派祝福	2	40070101	40070103	40070102	40070104	10	0	0	0	0	您的帮派成员<color=#fd8e06>%s</color>成功通关<color=#4ac6ff>青烟碑第10关</color>，赶快送上你的祝福吧！	恭喜<color=#fd8e06>%s</color>通过青烟碑第10关，长生之路更进一步！<color=#00dbaa>%s</color>送上一份祝福！
401016	1	帮派祝福	2	40070101	40070103	40070102	40070104	10	0	0	0	0	您的帮派成员<color=#fd8e06>%s</color>成功通关<color=#4ac6ff>星辰碑第10关</color>，赶快送上你的祝福吧！	恭喜<color=#fd8e06>%s</color>通过星辰碑第10关，长生之路更进一步！<color=#00dbaa>%s</color>送上一份祝福！
401017	1	帮派祝福	2	40070101	40070103	40070102	40070104	10	0	0	0	0	您的帮派成员<color=#fd8e06>%s</color>成功通关<color=#4ac6ff>慕寒碑第10关</color>，赶快送上你的祝福吧！	恭喜<color=#fd8e06>%s</color>通过慕寒碑第10关，长生之路更进一步！<color=#00dbaa>%s</color>送上一份祝福！
402001	1	帮派祝福	2	40070101	40070103	40070102	40070104	3	0	0	0	0	您的帮派成员<color=#fd8e06>%s</color>成功通关<color=#4ac6ff>封魔塔第3层</color>，赶快送上你的祝福吧！	恭喜<color=#fd8e06>%s</color>通过封魔塔3层，修为令人侧目，<color=#00dbaa>%s</color>送上一份祝福！
402002	1	帮派祝福	2	40070101	40070103	40070102	40070104	6	0	0	0	0	您的帮派成员<color=#fd8e06>%s</color>成功通关<color=#4ac6ff>封魔塔第6层</color>，赶快送上你的祝福吧！	恭喜<color=#fd8e06>%s</color>通过封魔塔6层，修为旷世绝伦，<color=#00dbaa>%s</color>送上一份祝福！
402003	1	帮派祝福	2	40070101	40070103	40070102	40070104	10	0	0	0	0	您的帮派成员<color=#fd8e06>%s</color>成功通关<color=#4ac6ff>封魔塔</color>，赶快送上你的祝福吧！	恭喜<color=#fd8e06>%s</color>通过封魔塔10层，修为震古烁今，<color=#00dbaa>%s</color>送上一份祝福！
501001	1	帮派祝福	2	40070101	40070103	40070102	40070104	0	0	0	0	0	您的帮派成员<color=#fd8e06>%s</color>将境界提升到<color=#4ac6ff>筑基境界</color>，赶快送上您的祝福吧！	恭喜<color=#fd8e06>%s</color>突破瓶颈达到筑基期，从此纵横长生仙界！<color=#00dbaa>%s</color>送上一份祝福！
501002	1	帮派祝福	2	40070101	40070103	40070102	40070104	0	0	0	116	60	您的帮派成员<color=#fd8e06>%s</color>将境界提升到<color=#4ac6ff>虚丹境界</color>，赶快送上您的祝福吧！	恭喜<color=#fd8e06>%s</color>突破瓶颈达到虚丹期，从此纵横长生仙界！<color=#00dbaa>%s</color>送上一份祝福！
501003	1	帮派祝福	2	40070101	40070103	40070102	40070104	0	0	0	0	0	您的帮派成员<color=#fd8e06>%s</color>将境界提升到<color=#4ac6ff>金丹境界</color>，赶快送上您的祝福吧！	恭喜<color=#fd8e06>%s</color>突破瓶颈达到金丹期，从此纵横长生仙界！<color=#00dbaa>%s</color>送上一份祝福！
501004	1	帮派祝福	2	40070101	40070103	40070102	40070104	0	0	0	0	0	您的帮派成员<color=#fd8e06>%s</color>将境界提升到<color=#4ac6ff>婴变境界</color>，赶快送上您的祝福吧！	恭喜<color=#fd8e06>%s</color>突破瓶颈达到婴变期，从此纵横长生仙界！<color=#00dbaa>%s</color>送上一份祝福！
501005	1	帮派祝福	2	40070101	40070103	40070102	40070104	0	0	0	0	0	您的帮派成员<color=#fd8e06>%s</color>将境界提升到<color=#4ac6ff>元婴境界</color>，赶快送上您的祝福吧！	恭喜<color=#fd8e06>%s</color>突破瓶颈达到元婴期，从此纵横长生仙界！<color=#00dbaa>%s</color>送上一份祝福！
501006	1	帮派祝福	2	40070101	40070103	40070102	40070104	0	0	0	0	0	您的帮派成员<color=#fd8e06>%s</color>将境界提升到<color=#4ac6ff>凝液境界</color>，赶快送上您的祝福吧！	恭喜<color=#fd8e06>%s</color>突破瓶颈达到凝液期，从此纵横长生仙界！<color=#00dbaa>%s</color>送上一份祝福！
501007	1	帮派祝福	2	40070101	40070103	40070102	40070104	0	0	0	0	0	您的帮派成员<color=#fd8e06>%s</color>将境界提升到<color=#4ac6ff>炼虚境界</color>，赶快送上您的祝福吧！	恭喜<color=#fd8e06>%s</color>突破瓶颈达到炼虚境，从此纵横长生仙界！<color=#00dbaa>%s</color>送上一份祝福！
501008	1	帮派祝福	2	40070101	40070103	40070102	40070104	0	0	0	0	0	您的帮派成员<color=#fd8e06>%s</color>将境界提升到<color=#4ac6ff>化神境界</color>，赶快送上您的祝福吧！	恭喜<color=#fd8e06>%s</color>突破瓶颈达到化神期，从此纵横长生仙界！<color=#00dbaa>%s</color>送上一份祝福！
501009	1	帮派祝福	2	40070101	40070103	40070102	40070104	0	0	0	0	0	您的帮派成员<color=#fd8e06>%s</color>将境界提升到<color=#4ac6ff>合体境界</color>，赶快送上您的祝福吧！	恭喜<color=#fd8e06>%s</color>突破瓶颈达到合体期，从此纵横长生仙界！<color=#00dbaa>%s</color>送上一份祝福！
501010	1	帮派祝福	2	40070101	40070103	40070102	40070104	0	0	0	0	0	您的帮派成员<color=#fd8e06>%s</color>将境界提升到<color=#4ac6ff>小乘境界</color>，赶快送上您的祝福吧！	恭喜<color=#fd8e06>%s</color>突破瓶颈达到小乘境，从此纵横长生仙界！<color=#00dbaa>%s</color>送上一份祝福！
501011	1	帮派祝福	2	40070101	40070103	40070102	40070104	0	0	0	0	0	您的帮派成员<color=#fd8e06>%s</color>将境界提升到<color=#4ac6ff>大乘境界</color>，赶快送上您的祝福吧！	恭喜<color=#fd8e06>%s</color>突破瓶颈达到大乘境，从此纵横长生仙界！<color=#00dbaa>%s</color>送上一份祝福！
501012	1	帮派祝福	2	40070101	40070103	40070102	40070104	0	0	0	0	0	您的帮派成员<color=#fd8e06>%s</color>将境界提升到<color=#4ac6ff>渡劫境界</color>，赶快送上您的祝福吧！	恭喜<color=#fd8e06>%s</color>突破瓶颈达到渡劫境，从此纵横长生仙界！<color=#00dbaa>%s</color>送上一份祝福！
501013	1	帮派祝福	2	40070101	40070103	40070102	40070104	0	0	0	0	0	您的帮派成员<color=#fd8e06>%s</color>将境界提升到<color=#4ac6ff>飞升境界</color>，赶快送上您的祝福吧！	恭喜<color=#fd8e06>%s</color>突破瓶颈达到飞升境，从此纵横长生仙界！<color=#00dbaa>%s</color>送上一份祝福！
501014	1	帮派祝福	2	40070101	40070103	40070102	40070104	0	0	0	0	0	您的帮派成员<color=#fd8e06>%s</color>将境界提升到<color=#4ac6ff>化真境界</color>，赶快送上您的祝福吧！	恭喜<color=#fd8e06>%s</color>突破瓶颈达到化真境，从此纵横长生仙界！<color=#00dbaa>%s</color>送上一份祝福！
501015	1	帮派祝福	2	40070101	40070103	40070102	40070104	0	0	0	0	0	您的帮派成员<color=#fd8e06>%s</color>将境界提升到<color=#4ac6ff>大罗境界</color>，赶快送上您的祝福吧！	恭喜<color=#fd8e06>%s</color>突破瓶颈达到大罗境，从此纵横长生仙界！<color=#00dbaa>%s</color>送上一份祝福！
501016	1	帮派祝福	2	40070101	40070103	40070102	40070104	0	0	0	0	0	您的帮派成员<color=#fd8e06>%s</color>将境界提升到<color=#4ac6ff>太乙境界</color>，赶快送上您的祝福吧！	恭喜<color=#fd8e06>%s</color>突破瓶颈达到太乙境，从此纵横长生仙界！<color=#00dbaa>%s</color>送上一份祝福！
601001	1	帮派祝福	2	40070101	40070103	40070102	40070104	0	0	0	0	0	您的帮派成员<color=#fd8e06>%s</color>成功获得<color=#4ac6ff>1只S级灵宠</color>，赶快送上你的祝福吧！	恭喜<color=#fd8e06>%s</color>获得1只S级灵宠，从此仙路畅通无阻，<color=#00dbaa>%s</color>送上一份祝福！
601002	1	帮派祝福	2	40070101	40070103	40070102	40070104	0	0	0	0	0	您的帮派成员<color=#fd8e06>%s</color>成功获得<color=#4ac6ff>4只S级灵宠</color>，赶快送上你的祝福吧！	恭喜<color=#fd8e06>%s</color>获得4只S级灵宠，从此仙路畅通无阻，<color=#00dbaa>%s</color>送上一份祝福！
601003	1	帮派祝福	2	40070101	40070103	40070102	40070104	0	0	0	0	0	您的帮派成员<color=#fd8e06>%s</color>成功获得<color=#4ac6ff>7只S级灵宠</color>，赶快送上你的祝福吧！	恭喜<color=#fd8e06>%s</color>获得7只S级灵宠，从此仙路畅通无阻，<color=#00dbaa>%s</color>送上一份祝福！
601004	1	帮派祝福	2	40070101	40070103	40070102	40070104	0	0	0	0	0	您的帮派成员<color=#fd8e06>%s</color>成功获得<color=#4ac6ff>1只SS级灵宠</color>，赶快送上你的祝福吧！	恭喜<color=#fd8e06>%s</color>获得SS级灵宠，从此仙路畅通无阻，<color=#00dbaa>%s</color>送上一份祝福！
602001	1	帮派祝福	2	40070101	40070103	40070102	40070104	0	0	0	0	0	您的帮派成员<color=#fd8e06>%s</color>成功获得1只<color=#4ac6ff>异化・灵宠</color>，赶快送上你的祝福吧！	恭喜<color=#fd8e06>%s</color>获得异化灵宠，从此仙路畅通无阻，<color=#00dbaa>%s</color>送上一份祝福！
602002	1	帮派祝福	2	40070101	40070103	40070102	40070104	0	0	0	0	0	您的帮派成员<color=#fd8e06>%s</color>成功获得1只<color=#4ac6ff>魂化・灵宠</color>，赶快送上你的祝福吧！	恭喜<color=#fd8e06>%s</color>获得魂化灵宠，从此仙路畅通无阻，<color=#00dbaa>%s</color>送上一份祝福！
602003	1	帮派祝福	2	40070101	40070103	40070102	40070104	0	0	0	0	0	您的帮派成员<color=#fd8e06>%s</color>成功获得1只<color=#4ac6ff>神化・灵宠</color>，赶快送上你的祝福吧！	恭喜<color=#fd8e06>%s</color>获得神化灵宠，从此仙路畅通无阻，<color=#00dbaa>%s</color>送上一份祝福！
701001	1	帮派祝福	2	40070101	40070103	40070102	40070104	0	0	0	0	0	您的帮派成员<color=#fd8e06>%s</color>成功完成<color=#4ac6ff>第1次转生</color>，赶快送上你的祝福吧！	恭喜<color=#fd8e06>%s</color>1转成功，<color=#00dbaa>%s</color>送上一份祝福！，愿仙途光明，一往无前！
701002	1	帮派祝福	2	40070101	40070103	40070102	40070104	0	0	0	0	0	您的帮派成员<color=#fd8e06>%s</color>成功完成<color=#4ac6ff>第2次转生</color>，赶快送上你的祝福吧！	恭喜<color=#fd8e06>%s</color>2转成功，<color=#00dbaa>%s</color>送上一份祝福！，愿仙途光明，一往无前！
701003	1	帮派祝福	2	40070101	40070103	40070102	40070104	0	0	0	0	0	您的帮派成员<color=#fd8e06>%s</color>成功完成<color=#4ac6ff>第3次转生</color>，赶快送上你的祝福吧！	恭喜<color=#fd8e06>%s</color>3转成功，<color=#00dbaa>%s</color>送上一份祝福！，愿仙途光明，一往无前！
701004	1	帮派祝福	2	40070101	40070103	40070102	40070104	0	0	0	0	0	您的帮派成员<color=#fd8e06>%s</color>成功完成<color=#4ac6ff>第4次转生</color>，赶快送上你的祝福吧！	恭喜<color=#fd8e06>%s</color>4转成功，<color=#00dbaa>%s</color>送上一份祝福！，愿仙途光明，一往无前！
701005	1	帮派祝福	2	40070101	40070103	40070102	40070104	0	0	0	0	0	您的帮派成员<color=#fd8e06>%s</color>成功完成<color=#4ac6ff>第5次转生</color>，赶快送上你的祝福吧！	恭喜<color=#fd8e06>%s</color>5转成功，<color=#00dbaa>%s</color>送上一份祝福！，愿仙途光明，一往无前！
801001	1	帮派祝福	2	40070101	40070103	40070102	40070104	0	0	0	0	0	您的帮派成员<color=#fd8e06>%s</color>成功合成<color=#4ac6ff>第1本经文书籍</color>，赶快送上您的祝福吧！	恭喜<color=#fd8e06>%s</color>合成第一本书籍，<color=#00dbaa>%s</color>送上一份祝福！愿博闻强识，前途无量！
801002	1	帮派祝福	2	40070101	40070103	40070102	40070104	0	0	0	0	0	您的帮派成员<color=#fd8e06>%s</color>成功开启了<color=#4ac6ff>6种经文</color>，赶快送上你的祝福吧！	恭喜<color=#fd8e06>%s</color>集齐6本经文，<color=#00dbaa>%s</color>送上一份祝福！愿博闻强识，前途无量！
901001	1	帮派祝福	2	40070101	40070103	40070102	40070104	0	0	0	0	0	您的帮派成员<color=#fd8e06>%s</color>成功将所有技能提升到<color=#4ac6ff>2级以上</color>，赶快送上您的祝福吧！	恭喜<color=#fd8e06>%s</color>技能升到2级，<color=#00dbaa>%s</color>送上一份祝福！愿熟能生巧，征服仙路！
901002	1	帮派祝福	2	40070101	40070103	40070102	40070104	0	0	0	0	0	您的帮派成员<color=#fd8e06>%s</color>成功将所有技能提升到<color=#4ac6ff>10级以上</color>，赶快送上您的祝福吧！	恭喜<color=#fd8e06>%s</color>技能升到10级，<color=#00dbaa>%s</color>送上一份祝福！愿熟能生巧，征服仙路！
901003	1	帮派祝福	2	40070101	40070103	40070102	40070104	0	0	0	0	0	您的帮派成员<color=#fd8e06>%s</color>成功将所有技能提升到<color=#4ac6ff>15级以上</color>，赶快送上您的祝福吧！	恭喜<color=#fd8e06>%s</color>技能升到15级，<color=#00dbaa>%s</color>送上一份祝福！愿熟能生巧，征服仙路！
901004	1	帮派祝福	2	40070101	40070103	40070102	40070104	0	0	0	0	0	您的帮派成员<color=#fd8e06>%s</color>成功将所有技能提升到<color=#4ac6ff>20级以上</color>，赶快送上您的祝福吧！	恭喜<color=#fd8e06>%s</color>技能升到20级，<color=#00dbaa>%s</color>送上一份祝福！愿熟能生巧，征服仙路！
1001001	1	帮派祝福	2	40070101	40070103	40070102	40070104	0	0	0	0	0	您的帮派成员<color=#fd8e06>%s</color>成功入选<color=#4ac6ff>光荣榜</color>，赶快送上您的祝福吧！	恭喜<color=#fd8e06>%s</color>进入光荣榜，<color=#00dbaa>%s</color>送上一份祝福！从此成为长生名人，名垂千古！
1101001	1	帮派祝福	2	40070101	40070103	40070102	40070104	0	0	0	0	0	您的帮派成员<color=#fd8e06>%s</color>成功装备了<color=#4ac6ff>第1个符印</color>，赶快送上您的祝福吧！	恭喜<color=#fd8e06>%s</color>装备一个符印，<color=#00dbaa>%s</color>送上一份祝福！
1201001	1	帮派祝福	2	40070101	40070103	40070102	40070104	0	0	0	0	0	您的帮派成员<color=#fd8e06>%s</color>成功结交到<color=#4ac6ff>5位好友</color>，赶快送上您的祝福吧！	恭喜<color=#fd8e06>%s</color>结交5位好友，<color=#00dbaa>%s</color>送上一份祝福！愿携手共进，共创辉煌！
1201002	1	帮派祝福	2	40070101	40070103	40070102	40070104	0	0	0	0	0	您的帮派成员<color=#fd8e06>%s</color>成功结交到<color=#4ac6ff>20位好友</color>，赶快送上您的祝福吧！	恭喜<color=#fd8e06>%s</color>结交20位好友，<color=#00dbaa>%s</color>送上一份祝福！愿携手共进，共创辉煌！
1201003	1	帮派祝福	2	40070101	40070103	40070102	40070104	0	0	0	0	0	您的帮派成员<color=#fd8e06>%s</color>成功结交到<color=#4ac6ff>50位好友</color>，赶快送上您的祝福吧！	恭喜<color=#fd8e06>%s</color>结交50位好友，<color=#00dbaa>%s</color>送上一份祝福！愿携手共进，共创辉煌！
1301001	1	帮派祝福	2	40070101	40070103	40070102	40070104	0	0	0	0	0	您的帮派成员<color=#fd8e06>%s</color>成功<color=#4ac6ff>获得3只坐骑</color>，赶快送上您的祝福吧！	恭喜<color=#fd8e06>%s</color>获得3只坐骑，<color=#00dbaa>%s</color>送上一份祝福！从此畅游长生，成就仙路之梦！
1301002	1	帮派祝福	2	40070101	40070103	40070102	40070104	0	0	0	0	0	您的帮派成员<color=#fd8e06>%s</color>成功<color=#4ac6ff>获得5只坐骑</color>，赶快送上您的祝福吧！	恭喜<color=#fd8e06>%s</color>获得5只坐骑，<color=#00dbaa>%s</color>送上一份祝福！从此畅游长生，成就仙路之梦！
1301003	1	帮派祝福	2	40070101	40070103	40070102	40070104	0	0	0	0	0	您的帮派成员<color=#fd8e06>%s</color>成功<color=#4ac6ff>获得7只坐骑</color>，赶快送上您的祝福吧！	恭喜<color=#fd8e06>%s</color>获得7只坐骑，<color=#00dbaa>%s</color>送上一份祝福！从此畅游长生，成就仙路之梦！
1401001	1	帮派祝福	2	40070101	40070103	40070102	40070104	0	0	0	0	0	您的帮派成员<color=#fd8e06>%s</color>和有缘人完成了<color=#4ac6ff>1次赏花活动</color>，赶快送上您的祝福吧！	恭喜<color=#fd8e06>%s</color>赏花1次，<color=#00dbaa>%s</color>送上一份祝福！长生不孤单，结识有缘人！
1401002	1	帮派祝福	2	40070101	40070103	40070102	40070104	0	0	0	0	0	您的帮派成员<color=#fd8e06>%s</color>和有缘人完成了<color=#4ac6ff>5次赏花活动</color>，赶快送上您的祝福吧！	恭喜<color=#fd8e06>%s</color>赏花5次，<color=#00dbaa>%s</color>送上一份祝福！长生不孤单，结识有缘人！
1601001	1	帮派红包	2	0	0	0	0	0	200	20	0	0	<color=#fd8e06>%s</color>购买3040元宝礼包！	无
1601002	1	帮派红包	2	0	0	0	0	0	200	20	0	0	<color=#fd8e06>%s</color>购买4080元宝礼包！	无
1601003	1	帮派红包	2	0	0	0	0	0	300	20	0	0	<color=#fd8e06>%s</color>购买6280元宝礼包！	无
1601004	1	帮派红包	2	0	0	0	0	0	100	10	0	0	<color=#fd8e06>%s</color>神魔古墓斩首魔主！	无
1601005	1	帮派红包	2	0	0	0	0	0	60	10	0	0	<color=#fd8e06>%s</color>购买超值礼包！	无
1601006	1	帮派红包	2	0	0	0	0	0	200	20	0	0	<color=#fd8e06>%s</color>购买12480元宝礼包！	无
1601007	1	帮派红包	2	0	0	0	0	0	200	20	0	0	<color=#fd8e06>%s</color>购买4000元宝礼包！	无
1601008	1	帮派红包	2	0	0	0	0	0	300	20	0	0	<color=#fd8e06>%s</color>购买6000元宝礼包！	无
1601009	1	帮派红包	2	0	0	0	0	0	500	20	0	0	<color=#fd8e06>%s</color>购买10000元宝礼包！	无
1601010	1	帮派红包	2	0	0	0	0	0	500	20	0	0	<color=#fd8e06>%s</color>购买20000元宝礼包！	无
