卡牌ID	有效标志位	名字	类型	卡牌颜色	职业限制	等级下限	等级上限	境界下限	境界上限	佩带数量	时间限制（佩带生效总时长，单位为秒，-1为不限时）	可否续费	时间限制ID	超出时间限制是否删除	附加属性池ID（可以用来当BUFF？）	附加法球类型（属性池ID主键）	属性池ID副键，后面两个字段暂时不要了	法球触发几率下限	法球触发几率上限	卡牌重铸类型（对应design_cfg的保底规则）	重铸消耗元宝（consumeID）--现在改为绑元数量	重铸道具	重铸数量	卡牌升星ID（强化）	是否不可重铸	高级重铸ID（吞噬？）	高级重铸消耗元宝（consumeID）	高级重铸消耗？	拍卖类型	摆摊价格	出售货币类型（以前的销毁）	出售价格	攻击类型	转化后卡牌ID	洗炼材料1	洗炼材料2	洗炼材料3	洗炼材料4	附加战斗属性类型	属性1下限	属性1上限	属性1几率	属性1元宝重铸几率	属性2下限	属性2上限	属性2几率	属性2元宝重铸几率	属性3下限	属性3上限	属性3几率	属性3元宝重铸几率	属性4下限	属性4上限	属性4几率	属性4元宝重铸几率	属性5下限	属性5上限	属性5几率	属性5元宝重铸几率	属性6下限	属性6上限	属性6几率	属性6元宝重铸几率	属性7下限	属性7上限	属性7几率	属性7元宝重铸几率	属性8下限（完美）	属性8上限	属性8几率	属性8元宝重铸几率	属性9下限	属性9上限	属性9几率	属性9元宝重铸几率	属性10下限（逆天）	属性10上限	属性10几率	属性10元宝重铸几率	附加战斗属性类型2	属性1下限	属性1上限	属性1几率	属性1元宝重铸几率	属性2下限	属性2上限	属性2几率	属性2元宝重铸几率	属性3下限	属性3上限	属性3几率	属性3元宝重铸几率	属性4下限	属性4上限	属性4几率	属性4元宝重铸几率	属性5下限	属性5上限	属性5几率	属性5元宝重铸几率	属性6下限	属性6上限	属性6几率	属性6元宝重铸几率	属性7下限	属性7上限	属性7几率	属性7元宝重铸几率	属性8下限（完美）	属性8上限	属性8几率	属性8元宝重铸几率	属性9下限	属性9上限	属性9几率	属性9元宝重铸几率	属性10下限（逆天）	属性10上限	属性10几率	属性10元宝重铸几率	属性1战力值	属性2战力值	卡牌种类，只在合成时判断用（0不是卡，1普通卡，2魂卡，3神卡）
500100001	1	音一的祝福	1	3	0	1081	9999	0	999	1	-1	0	0	0	0	79999901	1	0	0	0	0	0	0	0	1	0	0	0	0	0	203	100	0	0	0	0	0	0	0	0	0	0	0	0	0	0	0	0	0	0	0	0	0	0	0	0	0	0	0	0	0	0	0	0	0	0	0	0	0	0	0	0	0	0	0	0	0	0	0	0	0	0	0	0	0	0	0	0	0	0	0	0	0	0	0	0	0	0	0	0	0	0	0	0	0	0	0	0	0	0	0	0	0	0	0	0	0	0	0	0	200	0	0
500100002	1	广成子之怒	2	3	0	1081	9999	0	999	1	-1	0	0	0	0	79999902	1	0	0	0	0	0	0	0	1	0	0	0	0	0	203	100	0	0	0	0	0	0	0	0	0	0	0	0	0	0	0	0	0	0	0	0	0	0	0	0	0	0	0	0	0	0	0	0	0	0	0	0	0	0	0	0	0	0	0	0	0	0	0	0	0	0	0	0	0	0	0	0	0	0	0	0	0	0	0	0	0	0	0	0	0	0	0	0	0	0	0	0	0	0	0	0	0	0	0	0	0	0	0	0	200	0	0
500100003	1	诛仙残阵	3	3	0	1081	9999	0	999	1	-1	0	0	0	0	79999903	1	0	0	0	0	0	0	0	1	0	0	0	0	0	203	100	0	0	0	0	0	0	0	0	0	0	0	0	0	0	0	0	0	0	0	0	0	0	0	0	0	0	0	0	0	0	0	0	0	0	0	0	0	0	0	0	0	0	0	0	0	0	0	0	0	0	0	0	0	0	0	0	0	0	0	0	0	0	0	0	0	0	0	0	0	0	0	0	0	0	0	0	0	0	0	0	0	0	0	0	0	0	0	0	200	0	0
500103201	1	精灵源泉	10	3	0	61	9999	0	999	3	-1	0	0	0	0	0	0	0	0	0	8	430500301	1	1001	0	0	0	0	0	0	203	100	0	0	0	0	0	0	1072	1608	1608	4000	686	1608	3216	4000	3000	3216	4824	1500	3000	4824	6432	150	2800	6432	8040	100	200	8040	9050	100	100	9050	10658	100	100	10658	12266	50	100	12266	13874	0	10	13874	20685	0	4	0	0	0	0	0	0	0	0	0	0	0	0	0	0	0	0	0	0	0	0	0	0	0	0	0	0	0	0	0	0	0	0	0	0	0	0	0	0	0	0	0	4272	0	1
500103202	1	血魔力量	11	3	0	61	9999	0	999	3	-1	0	0	0	0	0	0	0	0	0	8	430500301	1	1001	0	0	0	0	0	0	203	100	1	500103203	0	0	0	0	1067	186	186	4000	686	186	372	4000	3000	372	558	1500	3000	558	744	150	2800	744	930	100	200	930	1050	100	100	1050	1236	100	100	1236	1422	50	100	1422	1608	0	10	1608	2400	0	4	0	0	0	0	0	0	0	0	0	0	0	0	0	0	0	0	0	0	0	0	0	0	0	0	0	0	0	0	0	0	0	0	0	0	0	0	0	0	0	0	0	4272	0	1
500103203	1	太乙力量	11	3	0	61	9999	0	999	3	-1	0	0	0	0	0	0	0	0	0	8	430500301	1	1001	0	0	0	0	0	0	203	100	2	500103202	0	0	0	0	1070	186	186	4000	686	186	372	4000	3000	372	558	1500	3000	558	744	150	2800	744	930	100	200	930	1050	100	100	1050	1236	100	100	1236	1422	50	100	1422	1608	0	10	1608	2400	0	4	0	0	0	0	0	0	0	0	0	0	0	0	0	0	0	0	0	0	0	0	0	0	0	0	0	0	0	0	0	0	0	0	0	0	0	0	0	0	0	0	0	4272	0	1
500103204	1	大地守护	12	3	0	61	9999	0	999	3	-1	0	0	0	0	0	0	0	0	0	8	430500301	1	1001	0	0	0	0	0	0	203	100	0	0	0	0	0	0	1068	186	186	4000	686	186	372	4000	3000	372	558	1500	3000	558	744	150	2800	744	930	100	200	930	1050	100	100	1050	1236	100	100	1236	1422	50	100	1422	1608	0	10	1608	2400	0	4	0	0	0	0	0	0	0	0	0	0	0	0	0	0	0	0	0	0	0	0	0	0	0	0	0	0	0	0	0	0	0	0	0	0	0	0	0	0	0	0	0	4272	0	1
500103205	1	风神守护	12	3	0	61	9999	0	999	3	-1	0	0	0	0	0	0	0	0	0	8	430500301	1	1001	0	0	0	0	0	0	203	100	0	0	0	0	0	0	1071	186	186	4000	686	186	372	4000	3000	372	558	1500	3000	558	744	150	2800	744	930	100	200	930	1050	100	100	1050	1236	100	100	1236	1422	50	100	1422	1608	0	10	1608	2400	0	4	0	0	0	0	0	0	0	0	0	0	0	0	0	0	0	0	0	0	0	0	0	0	0	0	0	0	0	0	0	0	0	0	0	0	0	0	0	0	0	0	0	4272	0	1
500103206	1	明视之眼	13	3	0	1090	9999	0	999	3	-1	0	0	0	0	0	0	0	0	0	8	430500302	1	1001	0	0	0	0	0	0	203	100	0	0	0	0	0	0	1005	31	31	4000	686	31	62	4000	3000	62	93	1500	3000	93	124	150	2800	124	155	100	200	155	175	100	100	175	206	100	100	206	237	50	100	237	268	0	10	268	400	0	4	0	0	0	0	0	0	0	0	0	0	0	0	0	0	0	0	0	0	0	0	0	0	0	0	0	0	0	0	0	0	0	0	0	0	0	0	0	0	0	0	0	4272	0	1
500103207	1	邪魅之舞	14	3	0	1081	9999	0	999	3	-1	0	0	0	0	0	0	0	0	0	8	430500303	1	1001	0	0	0	0	0	0	203	100	0	0	0	0	0	0	1006	31	31	4000	686	31	62	4000	3000	62	93	1500	3000	93	124	150	2800	124	155	100	200	155	175	100	100	175	206	100	100	206	237	50	100	237	268	0	10	268	400	0	4	0	0	0	0	0	0	0	0	0	0	0	0	0	0	0	0	0	0	0	0	0	0	0	0	0	0	0	0	0	0	0	0	0	0	0	0	0	0	0	0	0	4272	0	1
500103208	1	雷霆之怒	15	3	0	61	9999	0	999	3	-1	0	0	0	0	0	0	0	0	0	8	430500302	1	1001	0	0	0	0	0	0	203	100	0	0	0	0	0	0	1007	31	31	4000	686	31	62	4000	3000	62	93	1500	3000	93	124	150	2800	124	155	100	200	155	175	100	100	175	206	100	100	206	237	50	100	237	268	0	10	268	400	0	4	0	0	0	0	0	0	0	0	0	0	0	0	0	0	0	0	0	0	0	0	0	0	0	0	0	0	0	0	0	0	0	0	0	0	0	0	0	0	0	0	0	4272	0	1
500103209	1	空明之心	16	3	0	61	9999	0	999	3	-1	0	0	0	0	0	0	0	0	0	8	430500303	1	1001	0	0	0	0	0	0	203	100	0	0	0	0	0	0	1008	31	31	4000	686	31	62	4000	3000	62	93	1500	3000	93	124	150	2800	124	155	100	200	155	175	100	100	175	206	100	100	206	237	50	100	237	268	0	10	268	400	0	4	0	0	0	0	0	0	0	0	0	0	0	0	0	0	0	0	0	0	0	0	0	0	0	0	0	0	0	0	0	0	0	0	0	0	0	0	0	0	0	0	0	4272	0	1
500103210	1	料敌先机	17	3	0	1081	9999	0	999	3	-1	0	0	0	0	0	0	0	0	0	8	430500302	1	1001	0	0	0	0	0	0	203	100	0	0	0	0	0	0	1074	31	31	4000	686	31	62	4000	3000	62	93	1500	3000	93	124	150	2800	124	155	100	200	155	175	100	100	175	206	100	100	206	237	50	100	237	268	0	10	268	400	0	4	0	0	0	0	0	0	0	0	0	0	0	0	0	0	0	0	0	0	0	0	0	0	0	0	0	0	0	0	0	0	0	0	0	0	0	0	0	0	0	0	0	4272	0	1
500103211	1	会心凝神	18	3	0	1090	9999	0	999	3	-1	0	0	0	0	0	0	0	0	0	8	430500303	1	1001	0	0	0	0	0	0	203	100	0	0	0	0	0	0	1075	31	31	4000	686	31	62	4000	3000	62	93	1500	3000	93	124	150	2800	124	155	100	200	155	175	100	100	175	206	100	100	206	237	50	100	237	268	0	10	268	400	0	4	0	0	0	0	0	0	0	0	0	0	0	0	0	0	0	0	0	0	0	0	0	0	0	0	0	0	0	0	0	0	0	0	0	0	0	0	0	0	0	0	0	4272	0	1
500103212	1	裂天之锋	19	3	0	1090	9999	0	999	3	-1	0	0	0	0	0	0	0	0	0	8	430500302	1	1001	0	0	0	0	0	0	203	100	0	0	0	0	0	0	1011	31	31	4000	686	31	62	4000	3000	62	93	1500	3000	93	124	150	2800	124	155	100	200	155	175	100	100	175	206	100	100	206	237	50	100	237	268	0	10	268	400	0	4	0	0	0	0	0	0	0	0	0	0	0	0	0	0	0	0	0	0	0	0	0	0	0	0	0	0	0	0	0	0	0	0	0	0	0	0	0	0	0	0	0	4272	0	1
500103213	1	两仪之御	20	3	0	1081	9999	0	999	3	-1	0	0	0	0	0	0	0	0	0	8	430500303	1	1001	0	0	0	0	0	0	203	100	0	0	0	0	0	0	1010	31	31	4000	686	31	62	4000	3000	62	93	1500	3000	93	124	150	2800	124	155	100	200	155	175	100	100	175	206	100	100	206	237	50	100	237	268	0	10	268	400	0	4	0	0	0	0	0	0	0	0	0	0	0	0	0	0	0	0	0	0	0	0	0	0	0	0	0	0	0	0	0	0	0	0	0	0	0	0	0	0	0	0	0	4272	0	1
500103501	1	精灵源泉[材料]	10	3	0	1100	9999	0	999	0	-1	0	0	0	0	0	0	0	0	0	0	0	0	0	1	0	0	0	0	0	203	100	0	0	0	0	0	0	1072	1	1	698	500	1	1	0	0	1	1	0	0	1	1	0	0	1	1	0	0	1	1	0	0	1	1	0	0	1	1	0	0	1	1	0	0	1	1	0	0	0	0	0	0	0	0	0	0	0	0	0	0	0	0	0	0	0	0	0	0	0	0	0	0	0	0	0	0	0	0	0	0	0	0	0	0	0	0	0	0	0	1	0	0
500103502	1	血魔力量[材料]	11	3	0	1081	9999	0	999	0	-1	0	0	0	0	0	0	0	0	0	0	0	0	0	1	0	0	0	0	0	203	100	0	0	0	0	0	0	1067	1	1	698	500	1	1	0	0	1	1	0	0	1	1	0	0	1	1	0	0	1	1	0	0	1	1	0	0	1	1	0	0	1	1	0	0	1	1	0	0	0	0	0	0	0	0	0	0	0	0	0	0	0	0	0	0	0	0	0	0	0	0	0	0	0	0	0	0	0	0	0	0	0	0	0	0	0	0	0	0	0	1	0	0
500103503	1	太乙力量[材料]	11	3	0	1081	9999	0	999	0	-1	0	0	0	0	0	0	0	0	0	0	0	0	0	1	0	0	0	0	0	203	100	0	0	0	0	0	0	1070	1	1	698	500	1	1	0	0	1	1	0	0	1	1	0	0	1	1	0	0	1	1	0	0	1	1	0	0	1	1	0	0	1	1	0	0	1	1	0	0	0	0	0	0	0	0	0	0	0	0	0	0	0	0	0	0	0	0	0	0	0	0	0	0	0	0	0	0	0	0	0	0	0	0	0	0	0	0	0	0	0	1	0	0
500103504	1	大地守护[材料]	12	3	0	1081	9999	0	999	0	-1	0	0	0	0	0	0	0	0	0	0	0	0	0	1	0	0	0	0	0	203	100	0	0	0	0	0	0	1068	1	1	698	500	1	1	0	0	1	1	0	0	1	1	0	0	1	1	0	0	1	1	0	0	1	1	0	0	1	1	0	0	1	1	0	0	1	1	0	0	0	0	0	0	0	0	0	0	0	0	0	0	0	0	0	0	0	0	0	0	0	0	0	0	0	0	0	0	0	0	0	0	0	0	0	0	0	0	0	0	0	1	0	0
500103505	1	风神守护[材料]	12	3	0	1081	9999	0	999	0	-1	0	0	0	0	0	0	0	0	0	0	0	0	0	1	0	0	0	0	0	203	100	0	0	0	0	0	0	1071	1	1	698	500	1	1	0	0	1	1	0	0	1	1	0	0	1	1	0	0	1	1	0	0	1	1	0	0	1	1	0	0	1	1	0	0	1	1	0	0	0	0	0	0	0	0	0	0	0	0	0	0	0	0	0	0	0	0	0	0	0	0	0	0	0	0	0	0	0	0	0	0	0	0	0	0	0	0	0	0	0	1	0	0
500103506	1	明视之眼[材料]	13	3	0	1090	9999	0	999	0	-1	0	0	0	0	0	0	0	0	0	0	0	0	0	1	0	0	0	0	0	203	100	0	0	0	0	0	0	1005	1	1	698	500	1	1	0	0	1	1	0	0	1	1	0	0	1	1	0	0	1	1	0	0	1	1	0	0	1	1	0	0	1	1	0	0	1	1	0	0	0	0	0	0	0	0	0	0	0	0	0	0	0	0	0	0	0	0	0	0	0	0	0	0	0	0	0	0	0	0	0	0	0	0	0	0	0	0	0	0	0	1	0	0
500103507	1	邪魅之舞[材料]	14	3	0	1081	9999	0	999	0	-1	0	0	0	0	0	0	0	0	0	0	0	0	0	1	0	0	0	0	0	203	100	0	0	0	0	0	0	1006	1	1	698	500	1	1	0	0	1	1	0	0	1	1	0	0	1	1	0	0	1	1	0	0	1	1	0	0	1	1	0	0	1	1	0	0	1	1	0	0	0	0	0	0	0	0	0	0	0	0	0	0	0	0	0	0	0	0	0	0	0	0	0	0	0	0	0	0	0	0	0	0	0	0	0	0	0	0	0	0	0	1	0	0
500103508	1	雷霆之怒[材料]	15	3	0	1081	9999	0	999	0	-1	0	0	0	0	0	0	0	0	0	0	0	0	0	1	0	0	0	0	0	203	100	0	0	0	0	0	0	1007	1	1	698	500	1	1	0	0	1	1	0	0	1	1	0	0	1	1	0	0	1	1	0	0	1	1	0	0	1	1	0	0	1	1	0	0	1	1	0	0	0	0	0	0	0	0	0	0	0	0	0	0	0	0	0	0	0	0	0	0	0	0	0	0	0	0	0	0	0	0	0	0	0	0	0	0	0	0	0	0	0	1	0	0
500103509	1	空明之心[材料]	16	3	0	1090	9999	0	999	0	-1	0	0	0	0	0	0	0	0	0	0	0	0	0	1	0	0	0	0	0	203	100	0	0	0	0	0	0	1008	1	1	698	500	1	1	0	0	1	1	0	0	1	1	0	0	1	1	0	0	1	1	0	0	1	1	0	0	1	1	0	0	1	1	0	0	1	1	0	0	0	0	0	0	0	0	0	0	0	0	0	0	0	0	0	0	0	0	0	0	0	0	0	0	0	0	0	0	0	0	0	0	0	0	0	0	0	0	0	0	0	1	0	0
500103510	1	料敌先机[材料]	17	3	0	1081	9999	0	999	0	-1	0	0	0	0	0	0	0	0	0	0	0	0	0	1	0	0	0	0	0	203	100	0	0	0	0	0	0	1074	1	1	698	500	1	1	0	0	1	1	0	0	1	1	0	0	1	1	0	0	1	1	0	0	1	1	0	0	1	1	0	0	1	1	0	0	1	1	0	0	0	0	0	0	0	0	0	0	0	0	0	0	0	0	0	0	0	0	0	0	0	0	0	0	0	0	0	0	0	0	0	0	0	0	0	0	0	0	0	0	0	1	0	0
500103511	1	会心凝神[材料]	18	3	0	1090	9999	0	999	0	-1	0	0	0	0	0	0	0	0	0	0	0	0	0	1	0	0	0	0	0	203	100	0	0	0	0	0	0	1075	1	1	698	500	1	1	0	0	1	1	0	0	1	1	0	0	1	1	0	0	1	1	0	0	1	1	0	0	1	1	0	0	1	1	0	0	1	1	0	0	0	0	0	0	0	0	0	0	0	0	0	0	0	0	0	0	0	0	0	0	0	0	0	0	0	0	0	0	0	0	0	0	0	0	0	0	0	0	0	0	0	1	0	0
500103512	1	裂天之锋[材料]	19	3	0	1090	9999	0	999	0	-1	0	0	0	0	0	0	0	0	0	0	0	0	0	1	0	0	0	0	0	203	100	0	0	0	0	0	0	1011	1	1	698	500	1	1	0	0	1	1	0	0	1	1	0	0	1	1	0	0	1	1	0	0	1	1	0	0	1	1	0	0	1	1	0	0	1	1	0	0	0	0	0	0	0	0	0	0	0	0	0	0	0	0	0	0	0	0	0	0	0	0	0	0	0	0	0	0	0	0	0	0	0	0	0	0	0	0	0	0	0	1	0	0
500103513	1	两仪之御[材料]	20	3	0	1081	9999	0	999	0	-1	0	0	0	0	0	0	0	0	0	0	0	0	0	1	0	0	0	0	0	203	100	0	0	0	0	0	0	1010	1	1	698	500	1	1	0	0	1	1	0	0	1	1	0	0	1	1	0	0	1	1	0	0	1	1	0	0	1	1	0	0	1	1	0	0	1	1	0	0	0	0	0	0	0	0	0	0	0	0	0	0	0	0	0	0	0	0	0	0	0	0	0	0	0	0	0	0	0	0	0	0	0	0	0	0	0	0	0	0	0	1	0	0
500113201	1	魂・精灵源泉	10	3	0	1100	9999	0	999	3	-1	0	0	0	0	0	0	0	0	1	16	430500301	2	1002	0	0	0	0	0	0	203	100	0	0	0	0	0	0	1072	2764	2764	0	0	2764	5528	0	0	5528	8292	0	0	8292	11056	0	0	11056	13820	0	0	13820	16584	0	0	16584	19348	0	0	19348	22112	9990	9990	22112	27640	10	10	27640	38700	0	0	0	0	0	0	0	0	0	0	0	0	0	0	0	0	0	0	0	0	0	0	0	0	0	0	0	0	0	0	0	0	0	0	0	0	0	0	0	0	0	0	0	10176	0	2
500113202	1	魂・血魔力量	11	3	0	1081	9999	0	999	3	-1	0	0	0	0	0	0	0	0	1	16	430500301	2	1002	0	0	0	0	0	0	203	100	1	500113203	0	0	0	0	1067	228	228	0	0	228	456	0	0	456	684	0	0	684	912	0	0	912	1140	0	0	1140	1368	0	0	1368	1596	0	0	1596	1824	9990	9990	1824	2280	10	10	2280	3200	0	0	0	0	0	0	0	0	0	0	0	0	0	0	0	0	0	0	0	0	0	0	0	0	0	0	0	0	0	0	0	0	0	0	0	0	0	0	0	0	0	0	0	10176	0	2
500113203	1	魂・太乙力量	11	3	0	1081	9999	0	999	3	-1	0	0	0	0	0	0	0	0	1	16	430500301	2	1002	0	0	0	0	0	0	203	100	2	500113202	0	0	0	0	1070	228	228	0	0	228	456	0	0	456	684	0	0	684	912	0	0	912	1140	0	0	1140	1368	0	0	1368	1596	0	0	1596	1824	9990	9990	1824	2280	10	10	2280	3200	0	0	0	0	0	0	0	0	0	0	0	0	0	0	0	0	0	0	0	0	0	0	0	0	0	0	0	0	0	0	0	0	0	0	0	0	0	0	0	0	0	0	0	10176	0	2
500113204	1	魂・大地守护	12	3	0	1081	9999	0	999	3	-1	0	0	0	0	0	0	0	0	1	16	430500301	2	1002	0	0	0	0	0	0	203	100	0	0	0	0	0	0	1068	228	228	0	0	228	456	0	0	456	684	0	0	684	912	0	0	912	1140	0	0	1140	1368	0	0	1368	1596	0	0	1596	1824	9990	9990	1824	2280	10	10	2280	3200	0	0	0	0	0	0	0	0	0	0	0	0	0	0	0	0	0	0	0	0	0	0	0	0	0	0	0	0	0	0	0	0	0	0	0	0	0	0	0	0	0	0	0	10176	0	2
500113205	1	魂・风神守护	12	3	0	1081	9999	0	999	3	-1	0	0	0	0	0	0	0	0	1	16	430500301	2	1002	0	0	0	0	0	0	203	100	0	0	0	0	0	0	1071	228	228	0	0	228	456	0	0	456	684	0	0	684	912	0	0	912	1140	0	0	1140	1368	0	0	1368	1596	0	0	1596	1824	9990	9990	1824	2280	10	10	2280	3200	0	0	0	0	0	0	0	0	0	0	0	0	0	0	0	0	0	0	0	0	0	0	0	0	0	0	0	0	0	0	0	0	0	0	0	0	0	0	0	0	0	0	0	10176	0	2
500113206	1	魂・明视之眼	13	3	0	1090	9999	0	999	3	-1	0	0	0	0	0	0	0	0	1	16	430500302	2	1002	0	0	0	0	0	0	203	100	0	0	0	0	0	0	1005	39	39	0	0	39	78	0	0	78	117	0	0	117	156	0	0	156	195	0	0	195	234	0	0	234	273	0	0	273	312	9990	9990	312	390	10	10	390	550	0	0	0	0	0	0	0	0	0	0	0	0	0	0	0	0	0	0	0	0	0	0	0	0	0	0	0	0	0	0	0	0	0	0	0	0	0	0	0	0	0	0	0	10176	0	2
500113207	1	魂・邪魅之舞	14	3	0	1081	9999	0	999	3	-1	0	0	0	0	0	0	0	0	1	16	430500303	2	1002	0	0	0	0	0	0	203	100	0	0	0	0	0	0	1006	39	39	0	0	39	78	0	0	78	117	0	0	117	156	0	0	156	195	0	0	195	234	0	0	234	273	0	0	273	312	9990	9990	312	390	10	10	390	550	0	0	0	0	0	0	0	0	0	0	0	0	0	0	0	0	0	0	0	0	0	0	0	0	0	0	0	0	0	0	0	0	0	0	0	0	0	0	0	0	0	0	0	10176	0	2
500113208	1	魂・雷霆之怒	15	3	0	1081	9999	0	999	3	-1	0	0	0	0	0	0	0	0	1	16	430500302	2	1002	0	0	0	0	0	0	203	100	0	0	0	0	0	0	1007	39	39	0	0	39	78	0	0	78	117	0	0	117	156	0	0	156	195	0	0	195	234	0	0	234	273	0	0	273	312	9990	9990	312	390	10	10	390	550	0	0	0	0	0	0	0	0	0	0	0	0	0	0	0	0	0	0	0	0	0	0	0	0	0	0	0	0	0	0	0	0	0	0	0	0	0	0	0	0	0	0	0	10176	0	2
500113209	1	魂・空明之心	16	3	0	1090	9999	0	999	3	-1	0	0	0	0	0	0	0	0	1	16	430500303	2	1002	0	0	0	0	0	0	203	100	0	0	0	0	0	0	1008	39	39	0	0	39	78	0	0	78	117	0	0	117	156	0	0	156	195	0	0	195	234	0	0	234	273	0	0	273	312	9990	9990	312	390	10	10	390	550	0	0	0	0	0	0	0	0	0	0	0	0	0	0	0	0	0	0	0	0	0	0	0	0	0	0	0	0	0	0	0	0	0	0	0	0	0	0	0	0	0	0	0	10176	0	2
500113210	1	魂・料敌先机	17	3	0	1081	9999	0	999	3	-1	0	0	0	0	0	0	0	0	1	16	430500302	2	1002	0	0	0	0	0	0	203	100	0	0	0	0	0	0	1074	39	39	0	0	39	78	0	0	78	117	0	0	117	156	0	0	156	195	0	0	195	234	0	0	234	273	0	0	273	312	9990	9990	312	390	10	10	390	550	0	0	0	0	0	0	0	0	0	0	0	0	0	0	0	0	0	0	0	0	0	0	0	0	0	0	0	0	0	0	0	0	0	0	0	0	0	0	0	0	0	0	0	10176	0	2
500113211	1	魂・会心凝神	18	3	0	1090	9999	0	999	3	-1	0	0	0	0	0	0	0	0	1	16	430500303	2	1002	0	0	0	0	0	0	203	100	0	0	0	0	0	0	1075	39	39	0	0	39	78	0	0	78	117	0	0	117	156	0	0	156	195	0	0	195	234	0	0	234	273	0	0	273	312	9990	9990	312	390	10	10	390	550	0	0	0	0	0	0	0	0	0	0	0	0	0	0	0	0	0	0	0	0	0	0	0	0	0	0	0	0	0	0	0	0	0	0	0	0	0	0	0	0	0	0	0	10176	0	2
500113212	1	魂・裂天之锋	19	3	0	1090	9999	0	999	3	-1	0	0	0	0	0	0	0	0	1	16	430500302	2	1002	0	0	0	0	0	0	203	100	0	0	0	0	0	0	1011	39	39	0	0	39	78	0	0	78	117	0	0	117	156	0	0	156	195	0	0	195	234	0	0	234	273	0	0	273	312	9990	9990	312	390	10	10	390	550	0	0	0	0	0	0	0	0	0	0	0	0	0	0	0	0	0	0	0	0	0	0	0	0	0	0	0	0	0	0	0	0	0	0	0	0	0	0	0	0	0	0	0	10176	0	2
500113213	1	魂・两仪之御	20	3	0	1081	9999	0	999	3	-1	0	0	0	0	0	0	0	0	1	16	430500303	2	1002	0	0	0	0	0	0	203	100	0	0	0	0	0	0	1010	39	39	0	0	39	78	0	0	78	117	0	0	117	156	0	0	156	195	0	0	195	234	0	0	234	273	0	0	273	312	9990	9990	312	390	10	10	390	550	0	0	0	0	0	0	0	0	0	0	0	0	0	0	0	0	0	0	0	0	0	0	0	0	0	0	0	0	0	0	0	0	0	0	0	0	0	0	0	0	0	0	0	10176	0	2
500123201	1	神・战神气息	11	3	0	1081	9999	0	999	3	-1	0	0	0	0	0	0	0	0	2	40	430500301	5	1003	0	0	0	0	0	0	203	100	1	500123202	0	0	0	0	1067	251	251	0	0	251	502	0	0	502	753	0	0	753	1004	0	0	1004	1255	0	0	1255	1506	0	0	1506	1757	0	0	1757	2008	9990	9990	2008	2510	10	10	2510	3200	0	0	1005	43	43	0	0	43	86	0	0	86	129	3000	690	129	172	6000	8000	172	215	1000	1000	215	258	0	100	258	301	0	100	301	344	0	100	344	430	0	10	430	550	0	0	10176	10176	3
500123202	1	神・水神气息	11	3	0	1081	9999	0	999	3	-1	0	0	0	0	0	0	0	0	2	40	430500301	5	1003	0	0	0	0	0	0	203	100	2	500123201	0	0	0	0	1070	251	251	0	0	251	502	0	0	502	753	0	0	753	1004	0	0	1004	1255	0	0	1255	1506	0	0	1506	1757	0	0	1757	2008	9990	9990	2008	2510	10	10	2510	3200	0	0	1005	43	43	0	0	43	86	0	0	86	129	3000	690	129	172	6000	8000	172	215	1000	1000	215	258	0	100	258	301	0	100	301	344	0	100	344	430	0	10	430	550	0	0	10176	10176	3
500123203	1	神・雷神气息	11	3	0	1081	9999	0	999	3	-1	0	0	0	0	0	0	0	0	2	40	430500301	5	1003	0	0	0	0	0	0	203	100	1	500123204	0	0	0	0	1067	251	251	0	0	251	502	0	0	502	753	0	0	753	1004	0	0	1004	1255	0	0	1255	1506	0	0	1506	1757	0	0	1757	2008	9990	9990	2008	2510	10	10	2510	3200	0	0	1011	43	43	0	0	43	86	0	0	86	129	3000	690	129	172	6000	8000	172	215	1000	1000	215	258	0	100	258	301	0	100	301	344	0	100	344	430	0	10	430	550	0	0	10176	10176	3
500123204	1	神・火神气息	11	3	0	1081	9999	0	999	3	-1	0	0	0	0	0	0	0	0	2	40	430500301	5	1003	0	0	0	0	0	0	203	100	2	500123203	0	0	0	0	1070	251	251	0	0	251	502	0	0	502	753	0	0	753	1004	0	0	1004	1255	0	0	1255	1506	0	0	1506	1757	0	0	1757	2008	9990	9990	2008	2510	10	10	2510	3200	0	0	1011	43	43	0	0	43	86	0	0	86	129	3000	690	129	172	6000	8000	172	215	1000	1000	215	258	0	100	258	301	0	100	301	344	0	100	344	430	0	10	430	550	0	0	10176	10176	3
500123205	1	神・炎魔气息	11	3	0	1081	9999	0	999	3	-1	0	0	0	0	0	0	0	0	2	40	430500301	5	1003	0	0	0	0	0	0	203	100	1	500123206	0	0	0	0	1067	251	251	0	0	251	502	0	0	502	753	0	0	753	1004	0	0	1004	1255	0	0	1255	1506	0	0	1506	1757	0	0	1757	2008	9990	9990	2008	2510	10	10	2510	3200	0	0	1074	43	43	0	0	43	86	0	0	86	129	3000	690	129	172	6000	8000	172	215	1000	1000	215	258	0	100	258	301	0	100	301	344	0	100	344	430	0	10	430	550	0	0	10176	10176	3
500123206	1	神・冰魅气息	11	3	0	1081	9999	0	999	3	-1	0	0	0	0	0	0	0	0	2	40	430500301	5	1003	0	0	0	0	0	0	203	100	2	500123205	0	0	0	0	1070	251	251	0	0	251	502	0	0	502	753	0	0	753	1004	0	0	1004	1255	0	0	1255	1506	0	0	1506	1757	0	0	1757	2008	9990	9990	2008	2510	10	10	2510	3200	0	0	1074	43	43	0	0	43	86	0	0	86	129	3000	690	129	172	6000	8000	172	215	1000	1000	215	258	0	100	258	301	0	100	301	344	0	100	344	430	0	10	430	550	0	0	10176	10176	3
500123207	1	神・血魔气息	11	3	0	1081	9999	0	999	3	-1	0	0	0	0	0	0	0	0	2	40	430500301	5	1003	0	0	0	0	0	0	203	100	1	500123208	0	0	0	0	1067	251	251	0	0	251	502	0	0	502	753	0	0	753	1004	0	0	1004	1255	0	0	1255	1506	0	0	1506	1757	0	0	1757	2008	9990	9990	2008	2510	10	10	2510	3200	0	0	1007	43	43	0	0	43	86	0	0	86	129	3000	690	129	172	6000	8000	172	215	1000	1000	215	258	0	100	258	301	0	100	301	344	0	100	344	430	0	10	430	550	0	0	10176	10176	3
500123208	1	神・梦魇气息	11	3	0	1081	9999	0	999	3	-1	0	0	0	0	0	0	0	0	2	40	430500301	5	1003	0	0	0	0	0	0	203	100	2	500123207	0	0	0	0	1070	251	251	0	0	251	502	0	0	502	753	0	0	753	1004	0	0	1004	1255	0	0	1255	1506	0	0	1506	1757	0	0	1757	2008	9990	9990	2008	2510	10	10	2510	3200	0	0	1007	43	43	0	0	43	86	0	0	86	129	3000	690	129	172	6000	8000	172	215	1000	1000	215	258	0	100	258	301	0	100	301	344	0	100	344	430	0	10	430	550	0	0	10176	10176	3
500123209	1	神・后羿祝福	12	3	0	1081	9999	0	999	3	-1	0	0	0	0	0	0	0	0	2	40	430500301	5	1003	0	0	0	0	0	0	203	100	0	0	0	0	0	0	1068	251	251	0	0	251	502	0	0	502	753	0	0	753	1004	0	0	1004	1255	0	0	1255	1506	0	0	1506	1757	0	0	1757	2008	9990	9990	2008	2510	10	10	2510	3200	0	0	1006	43	43	0	0	43	86	0	0	86	129	3000	690	129	172	6000	8000	172	215	1000	1000	215	258	0	100	258	301	0	100	301	344	0	100	344	430	0	10	430	550	0	0	10176	10176	3
500123210	1	神・蚩尤祝福	12	3	0	1081	9999	0	999	3	-1	0	0	0	0	0	0	0	0	2	40	430500301	5	1003	0	0	0	0	0	0	203	100	0	0	0	0	0	0	1068	251	251	0	0	251	502	0	0	502	753	0	0	753	1004	0	0	1004	1255	0	0	1255	1506	0	0	1506	1757	0	0	1757	2008	9990	9990	2008	2510	10	10	2510	3200	0	0	1010	43	43	0	0	43	86	0	0	86	129	3000	690	129	172	6000	8000	172	215	1000	1000	215	258	0	100	258	301	0	100	301	344	0	100	344	430	0	10	430	550	0	0	10176	10176	3
500123211	1	神・刑天祝福	12	3	0	1081	9999	0	999	3	-1	0	0	0	0	0	0	0	0	2	40	430500301	5	1003	0	0	0	0	0	0	203	100	0	0	0	0	0	0	1071	251	251	0	0	251	502	0	0	502	753	0	0	753	1004	0	0	1004	1255	0	0	1255	1506	0	0	1506	1757	0	0	1757	2008	9990	9990	2008	2510	10	10	2510	3200	0	0	1006	43	43	0	0	43	86	0	0	86	129	3000	690	129	172	6000	8000	172	215	1000	1000	215	258	0	100	258	301	0	100	301	344	0	100	344	430	0	10	430	550	0	0	10176	10176	3
500123212	1	神・黄帝祝福	12	3	0	1081	9999	0	999	3	-1	0	0	0	0	0	0	0	0	2	40	430500301	5	1003	0	0	0	0	0	0	203	100	0	0	0	0	0	0	1071	251	251	0	0	251	502	0	0	502	753	0	0	753	1004	0	0	1004	1255	0	0	1255	1506	0	0	1506	1757	0	0	1757	2008	9990	9990	2008	2510	10	10	2510	3200	0	0	1010	43	43	0	0	43	86	0	0	86	129	3000	690	129	172	6000	8000	172	215	1000	1000	215	258	0	100	258	301	0	100	301	344	0	100	344	430	0	10	430	550	0	0	10176	10176	3
500123213	1	神・神农之心	10	3	0	1100	9999	0	999	3	-1	0	0	0	0	0	0	0	0	2	40	430500301	5	1003	0	0	0	0	0	0	203	100	0	0	0	0	0	0	1072	3040	3040	0	0	3040	6080	0	0	6080	9120	0	0	9120	12160	0	0	12160	15200	0	0	15200	18240	0	0	18240	21280	0	0	21280	24320	9990	9990	24320	30400	10	10	30400	38700	0	0	1006	43	43	0	0	43	86	0	0	86	129	3000	690	129	172	6000	8000	172	215	1000	1000	215	258	0	100	258	301	0	100	301	344	0	100	344	430	0	10	430	550	0	0	10176	10176	3
500123214	1	神・帝尧之心	10	3	0	1100	9999	0	999	3	-1	0	0	0	0	0	0	0	0	2	40	430500301	5	1003	0	0	0	0	0	0	203	100	0	0	0	0	0	0	1072	3040	3040	0	0	3040	6080	0	0	6080	9120	0	0	9120	12160	0	0	12160	15200	0	0	15200	18240	0	0	18240	21280	0	0	21280	24320	9990	9990	24320	30400	10	10	30400	38700	0	0	1010	43	43	0	0	43	86	0	0	86	129	3000	690	129	172	6000	8000	172	215	1000	1000	215	258	0	100	258	301	0	100	301	344	0	100	344	430	0	10	430	550	0	0	10176	10176	3
500123215	1	神・白帝之心	10	3	0	1100	9999	0	999	3	-1	0	0	0	0	0	0	0	0	2	40	430500301	5	1003	0	0	0	0	0	0	203	100	0	0	0	0	0	0	1072	3040	3040	0	0	3040	6080	0	0	6080	9120	0	0	9120	12160	0	0	12160	15200	0	0	15200	18240	0	0	18240	21280	0	0	21280	24320	9990	9990	24320	30400	10	10	30400	38700	0	0	1075	43	43	0	0	43	86	0	0	86	129	3000	690	129	172	6000	8000	172	215	1000	1000	215	258	0	100	258	301	0	100	301	344	0	100	344	430	0	10	430	550	0	0	10176	10176	3
500123216	1	神・神魔之心	10	3	0	1100	9999	0	999	3	-1	0	0	0	0	0	0	0	0	2	40	430500301	5	1003	0	0	0	0	0	0	203	100	0	0	0	0	0	0	1072	3040	3040	0	0	3040	6080	0	0	6080	9120	0	0	9120	12160	0	0	12160	15200	0	0	15200	18240	0	0	18240	21280	0	0	21280	24320	9990	9990	24320	30400	10	10	30400	38700	0	0	1008	43	43	0	0	43	86	0	0	86	129	3000	690	129	172	6000	8000	172	215	1000	1000	215	258	0	100	258	301	0	100	301	344	0	100	344	430	0	10	430	550	0	0	10176	10176	3
500104201	1	上古精灵源泉	10	4	0	3140	9999	0	999	3	-1	0	0	0	70001001	0	0	0	0	0	16	430500401	1	2001	0	0	0	0	0	0	203	100	0	0	500104201	500104501	0	0	1072	3440	3440	4000	686	3440	6880	4000	3000	6880	10320	1500	3000	10320	13760	150	2800	13760	17200	100	200	17200	19350	100	100	19350	22790	100	100	22790	26230	50	100	26230	29670	0	10	29670	38700	0	4	0	0	0	0	0	0	0	0	0	0	0	0	0	0	0	0	0	0	0	0	0	0	0	0	0	0	0	0	0	0	0	0	0	0	0	0	0	0	0	0	0	10176	0	1
500104202	1	上古血魔力量	11	4	0	3101	9999	0	999	3	-1	0	0	0	70001002	0	0	0	0	0	16	430500401	1	2001	0	0	0	0	0	0	203	100	1	500104203	500104202	500104502	0	0	1067	284	284	4000	686	284	568	4000	3000	568	852	1500	3000	852	1136	150	2800	1136	1420	100	200	1420	1600	100	100	1600	1884	100	100	1884	2168	50	100	2168	2452	0	10	2452	3200	0	4	0	0	0	0	0	0	0	0	0	0	0	0	0	0	0	0	0	0	0	0	0	0	0	0	0	0	0	0	0	0	0	0	0	0	0	0	0	0	0	0	0	10176	0	1
500104203	1	上古太乙力量	11	4	0	3101	9999	0	999	3	-1	0	0	0	70001003	0	0	0	0	0	16	430500401	1	2001	0	0	0	0	0	0	203	100	2	500104202	500104203	500104503	0	0	1070	284	284	4000	686	284	568	4000	3000	568	852	1500	3000	852	1136	150	2800	1136	1420	100	200	1420	1600	100	100	1600	1884	100	100	1884	2168	50	100	2168	2452	0	10	2452	3200	0	4	0	0	0	0	0	0	0	0	0	0	0	0	0	0	0	0	0	0	0	0	0	0	0	0	0	0	0	0	0	0	0	0	0	0	0	0	0	0	0	0	0	10176	0	1
500104204	1	上古大地守护	12	4	0	3101	9999	0	999	3	-1	0	0	0	70001001	0	0	0	0	0	16	430500401	1	2001	0	0	0	0	0	0	203	100	0	0	500104204	500104504	0	0	1068	284	284	4000	686	284	568	4000	3000	568	852	1500	3000	852	1136	150	2800	1136	1420	100	200	1420	1600	100	100	1600	1884	100	100	1884	2168	50	100	2168	2452	0	10	2452	3200	0	4	0	0	0	0	0	0	0	0	0	0	0	0	0	0	0	0	0	0	0	0	0	0	0	0	0	0	0	0	0	0	0	0	0	0	0	0	0	0	0	0	0	10176	0	1
500104205	1	上古风神守护	12	4	0	3101	9999	0	999	3	-1	0	0	0	70001001	0	0	0	0	0	16	430500401	1	2001	0	0	0	0	0	0	203	100	0	0	500104205	500104505	0	0	1071	284	284	4000	686	284	568	4000	3000	568	852	1500	3000	852	1136	150	2800	1136	1420	100	200	1420	1600	100	100	1600	1884	100	100	1884	2168	50	100	2168	2452	0	10	2452	3200	0	4	0	0	0	0	0	0	0	0	0	0	0	0	0	0	0	0	0	0	0	0	0	0	0	0	0	0	0	0	0	0	0	0	0	0	0	0	0	0	0	0	0	10176	0	1
500104206	1	上古明视之眼	13	4	0	3130	9999	0	999	3	-1	0	0	0	70001001	0	0	0	0	0	16	430500402	1	2001	0	0	0	0	0	0	203	100	0	0	500104206	500104506	0	0	1005	48	48	4000	686	48	96	4000	3000	96	144	1500	3000	144	192	150	2800	192	240	100	200	240	275	100	100	275	323	100	100	323	371	50	100	371	419	0	10	419	550	0	4	0	0	0	0	0	0	0	0	0	0	0	0	0	0	0	0	0	0	0	0	0	0	0	0	0	0	0	0	0	0	0	0	0	0	0	0	0	0	0	0	0	10176	0	1
500104207	1	上古邪魅之舞	14	4	0	3101	9999	0	999	3	-1	0	0	0	70001001	0	0	0	0	0	16	430500403	1	2001	0	0	0	0	0	0	203	100	0	0	500104207	500104507	0	0	1006	48	48	4000	686	48	96	4000	3000	96	144	1500	3000	144	192	150	2800	192	240	100	200	240	275	100	100	275	323	100	100	323	371	50	100	371	419	0	10	419	550	0	4	0	0	0	0	0	0	0	0	0	0	0	0	0	0	0	0	0	0	0	0	0	0	0	0	0	0	0	0	0	0	0	0	0	0	0	0	0	0	0	0	0	10176	0	1
500104208	1	上古雷霆之怒	15	4	0	3101	9999	0	999	3	-1	0	0	0	70001001	0	0	0	0	0	16	430500402	1	2001	0	0	0	0	0	0	203	100	0	0	500104208	500104508	0	0	1007	48	48	4000	686	48	96	4000	3000	96	144	1500	3000	144	192	150	2800	192	240	100	200	240	275	100	100	275	323	100	100	323	371	50	100	371	419	0	10	419	550	0	4	0	0	0	0	0	0	0	0	0	0	0	0	0	0	0	0	0	0	0	0	0	0	0	0	0	0	0	0	0	0	0	0	0	0	0	0	0	0	0	0	0	10176	0	1
500104209	1	上古空明之心	16	4	0	3130	9999	0	999	3	-1	0	0	0	70001001	0	0	0	0	0	16	430500403	1	2001	0	0	0	0	0	0	203	100	0	0	500104209	500104509	0	0	1008	48	48	4000	686	48	96	4000	3000	96	144	1500	3000	144	192	150	2800	192	240	100	200	240	275	100	100	275	323	100	100	323	371	50	100	371	419	0	10	419	550	0	4	0	0	0	0	0	0	0	0	0	0	0	0	0	0	0	0	0	0	0	0	0	0	0	0	0	0	0	0	0	0	0	0	0	0	0	0	0	0	0	0	0	10176	0	1
500104210	1	上古料敌先机	17	4	0	3101	9999	0	999	3	-1	0	0	0	70001001	0	0	0	0	0	16	430500402	1	2001	0	0	0	0	0	0	203	100	0	0	500104210	500104510	0	0	1074	48	48	4000	686	48	96	4000	3000	96	144	1500	3000	144	192	150	2800	192	240	100	200	240	275	100	100	275	323	100	100	323	371	50	100	371	419	0	10	419	550	0	4	0	0	0	0	0	0	0	0	0	0	0	0	0	0	0	0	0	0	0	0	0	0	0	0	0	0	0	0	0	0	0	0	0	0	0	0	0	0	0	0	0	10176	0	1
500104211	1	上古会心凝神	18	4	0	3130	9999	0	999	3	-1	0	0	0	70001001	0	0	0	0	0	16	430500403	1	2001	0	0	0	0	0	0	203	100	0	0	500104211	500104511	0	0	1075	48	48	4000	686	48	96	4000	3000	96	144	1500	3000	144	192	150	2800	192	240	100	200	240	275	100	100	275	323	100	100	323	371	50	100	371	419	0	10	419	550	0	4	0	0	0	0	0	0	0	0	0	0	0	0	0	0	0	0	0	0	0	0	0	0	0	0	0	0	0	0	0	0	0	0	0	0	0	0	0	0	0	0	0	10176	0	1
500104212	1	上古裂天之锋	19	4	0	3130	9999	0	999	3	-1	0	0	0	70001001	0	0	0	0	0	16	430500402	1	2001	0	0	0	0	0	0	203	100	0	0	500104212	500104512	0	0	1011	48	48	4000	686	48	96	4000	3000	96	144	1500	3000	144	192	150	2800	192	240	100	200	240	275	100	100	275	323	100	100	323	371	50	100	371	419	0	10	419	550	0	4	0	0	0	0	0	0	0	0	0	0	0	0	0	0	0	0	0	0	0	0	0	0	0	0	0	0	0	0	0	0	0	0	0	0	0	0	0	0	0	0	0	10176	0	1
500104213	1	上古两仪之御	20	4	0	3101	9999	0	999	3	-1	0	0	0	70001001	0	0	0	0	0	16	430500403	1	2001	0	0	0	0	0	0	203	100	0	0	500104213	500104513	0	0	1010	48	48	4000	686	48	96	4000	3000	96	144	1500	3000	144	192	150	2800	192	240	100	200	240	275	100	100	275	323	100	100	323	371	50	100	371	419	0	10	419	550	0	4	0	0	0	0	0	0	0	0	0	0	0	0	0	0	0	0	0	0	0	0	0	0	0	0	0	0	0	0	0	0	0	0	0	0	0	0	0	0	0	0	0	10176	0	1
500104501	1	上古精灵源泉[材料]	10	4	0	3140	9999	0	999	0	-1	0	0	0	70001101	0	0	0	0	0	0	0	0	0	1	0	0	0	0	0	203	100	0	0	0	0	0	0	1072	1	1	698	500	1	1	0	0	1	1	0	0	1	1	0	0	1	1	0	0	1	1	0	0	1	1	0	0	1	1	0	0	1	1	0	0	1	1	0	0	0	0	0	0	0	0	0	0	0	0	0	0	0	0	0	0	0	0	0	0	0	0	0	0	0	0	0	0	0	0	0	0	0	0	0	0	0	0	0	0	0	2	0	0
500104502	1	上古血魔力量[材料]	11	4	0	3121	9999	0	999	0	-1	0	0	0	70001102	0	0	0	0	0	0	0	0	0	1	0	0	0	0	0	203	100	0	0	0	0	0	0	1067	1	1	698	500	1	1	0	0	1	1	0	0	1	1	0	0	1	1	0	0	1	1	0	0	1	1	0	0	1	1	0	0	1	1	0	0	1	1	0	0	0	0	0	0	0	0	0	0	0	0	0	0	0	0	0	0	0	0	0	0	0	0	0	0	0	0	0	0	0	0	0	0	0	0	0	0	0	0	0	0	0	2	0	0
500104503	1	上古太乙力量[材料]	11	4	0	3121	9999	0	999	0	-1	0	0	0	70001103	0	0	0	0	0	0	0	0	0	1	0	0	0	0	0	203	100	0	0	0	0	0	0	1070	1	1	698	500	1	1	0	0	1	1	0	0	1	1	0	0	1	1	0	0	1	1	0	0	1	1	0	0	1	1	0	0	1	1	0	0	1	1	0	0	0	0	0	0	0	0	0	0	0	0	0	0	0	0	0	0	0	0	0	0	0	0	0	0	0	0	0	0	0	0	0	0	0	0	0	0	0	0	0	0	0	2	0	0
500104504	1	上古大地守护[材料]	12	4	0	3121	9999	0	999	0	-1	0	0	0	70001101	0	0	0	0	0	0	0	0	0	1	0	0	0	0	0	203	100	0	0	0	0	0	0	1068	1	1	698	500	1	1	0	0	1	1	0	0	1	1	0	0	1	1	0	0	1	1	0	0	1	1	0	0	1	1	0	0	1	1	0	0	1	1	0	0	0	0	0	0	0	0	0	0	0	0	0	0	0	0	0	0	0	0	0	0	0	0	0	0	0	0	0	0	0	0	0	0	0	0	0	0	0	0	0	0	0	2	0	0
500104505	1	上古风神守护[材料]	12	4	0	3121	9999	0	999	0	-1	0	0	0	70001101	0	0	0	0	0	0	0	0	0	1	0	0	0	0	0	203	100	0	0	0	0	0	0	1071	1	1	698	500	1	1	0	0	1	1	0	0	1	1	0	0	1	1	0	0	1	1	0	0	1	1	0	0	1	1	0	0	1	1	0	0	1	1	0	0	0	0	0	0	0	0	0	0	0	0	0	0	0	0	0	0	0	0	0	0	0	0	0	0	0	0	0	0	0	0	0	0	0	0	0	0	0	0	0	0	0	2	0	0
500104506	1	上古明视之眼[材料]	13	4	0	3130	9999	0	999	0	-1	0	0	0	70001101	0	0	0	0	0	0	0	0	0	1	0	0	0	0	0	203	100	0	0	0	0	0	0	1005	1	1	698	500	1	1	0	0	1	1	0	0	1	1	0	0	1	1	0	0	1	1	0	0	1	1	0	0	1	1	0	0	1	1	0	0	1	1	0	0	0	0	0	0	0	0	0	0	0	0	0	0	0	0	0	0	0	0	0	0	0	0	0	0	0	0	0	0	0	0	0	0	0	0	0	0	0	0	0	0	0	2	0	0
500104507	1	上古邪魅之舞[材料]	14	4	0	3121	9999	0	999	0	-1	0	0	0	70001101	0	0	0	0	0	0	0	0	0	1	0	0	0	0	0	203	100	0	0	0	0	0	0	1006	1	1	698	500	1	1	0	0	1	1	0	0	1	1	0	0	1	1	0	0	1	1	0	0	1	1	0	0	1	1	0	0	1	1	0	0	1	1	0	0	0	0	0	0	0	0	0	0	0	0	0	0	0	0	0	0	0	0	0	0	0	0	0	0	0	0	0	0	0	0	0	0	0	0	0	0	0	0	0	0	0	2	0	0
500104508	1	上古雷霆之怒[材料]	15	4	0	3121	9999	0	999	0	-1	0	0	0	70001101	0	0	0	0	0	0	0	0	0	1	0	0	0	0	0	203	100	0	0	0	0	0	0	1007	1	1	698	500	1	1	0	0	1	1	0	0	1	1	0	0	1	1	0	0	1	1	0	0	1	1	0	0	1	1	0	0	1	1	0	0	1	1	0	0	0	0	0	0	0	0	0	0	0	0	0	0	0	0	0	0	0	0	0	0	0	0	0	0	0	0	0	0	0	0	0	0	0	0	0	0	0	0	0	0	0	2	0	0
500104509	1	上古空明之心[材料]	16	4	0	3130	9999	0	999	0	-1	0	0	0	70001101	0	0	0	0	0	0	0	0	0	1	0	0	0	0	0	203	100	0	0	0	0	0	0	1008	1	1	698	500	1	1	0	0	1	1	0	0	1	1	0	0	1	1	0	0	1	1	0	0	1	1	0	0	1	1	0	0	1	1	0	0	1	1	0	0	0	0	0	0	0	0	0	0	0	0	0	0	0	0	0	0	0	0	0	0	0	0	0	0	0	0	0	0	0	0	0	0	0	0	0	0	0	0	0	0	0	2	0	0
500104510	1	上古料敌先机[材料]	17	4	0	3121	9999	0	999	0	-1	0	0	0	70001101	0	0	0	0	0	0	0	0	0	1	0	0	0	0	0	203	100	0	0	0	0	0	0	1074	1	1	698	500	1	1	0	0	1	1	0	0	1	1	0	0	1	1	0	0	1	1	0	0	1	1	0	0	1	1	0	0	1	1	0	0	1	1	0	0	0	0	0	0	0	0	0	0	0	0	0	0	0	0	0	0	0	0	0	0	0	0	0	0	0	0	0	0	0	0	0	0	0	0	0	0	0	0	0	0	0	2	0	0
500104511	1	上古会心凝神[材料]	18	4	0	3130	9999	0	999	0	-1	0	0	0	70001101	0	0	0	0	0	0	0	0	0	1	0	0	0	0	0	203	100	0	0	0	0	0	0	1075	1	1	698	500	1	1	0	0	1	1	0	0	1	1	0	0	1	1	0	0	1	1	0	0	1	1	0	0	1	1	0	0	1	1	0	0	1	1	0	0	0	0	0	0	0	0	0	0	0	0	0	0	0	0	0	0	0	0	0	0	0	0	0	0	0	0	0	0	0	0	0	0	0	0	0	0	0	0	0	0	0	2	0	0
500104512	1	上古裂天之锋[材料]	19	4	0	3130	9999	0	999	0	-1	0	0	0	70001101	0	0	0	0	0	0	0	0	0	1	0	0	0	0	0	203	100	0	0	0	0	0	0	1011	1	1	698	500	1	1	0	0	1	1	0	0	1	1	0	0	1	1	0	0	1	1	0	0	1	1	0	0	1	1	0	0	1	1	0	0	1	1	0	0	0	0	0	0	0	0	0	0	0	0	0	0	0	0	0	0	0	0	0	0	0	0	0	0	0	0	0	0	0	0	0	0	0	0	0	0	0	0	0	0	0	2	0	0
500104513	1	上古两仪之御[材料]	20	4	0	3121	9999	0	999	0	-1	0	0	0	70001101	0	0	0	0	0	0	0	0	0	1	0	0	0	0	0	203	100	0	0	0	0	0	0	1010	1	1	698	500	1	1	0	0	1	1	0	0	1	1	0	0	1	1	0	0	1	1	0	0	1	1	0	0	1	1	0	0	1	1	0	0	1	1	0	0	0	0	0	0	0	0	0	0	0	0	0	0	0	0	0	0	0	0	0	0	0	0	0	0	0	0	0	0	0	0	0	0	0	0	0	0	0	0	0	0	0	2	0	0
500114201	1	魂・上古精灵源泉	10	4	0	3140	9999	0	999	3	-1	0	0	0	70001001	0	0	0	0	1	32	430500401	2	2002	0	0	0	0	0	0	203	100	0	0	500104201	500104501	0	0	1072	5042	5042	0	0	5042	10084	0	0	10084	15126	0	0	15126	20168	0	0	20168	25210	0	0	25210	30252	0	0	30252	35294	0	0	35294	40336	9990	9990	40336	50420	10	10	50420	70600	0	0	0	0	0	0	0	0	0	0	0	0	0	0	0	0	0	0	0	0	0	0	0	0	0	0	0	0	0	0	0	0	0	0	0	0	0	0	0	0	0	0	0	29432	0	2
500114202	1	魂・上古血魔力量	11	4	0	3121	9999	0	999	3	-1	0	0	0	70001002	0	0	0	0	1	32	430500401	2	2002	0	0	0	0	0	0	203	100	1	500114203	500104202	500104502	0	0	1067	371	371	0	0	371	742	0	0	742	1113	0	0	1113	1484	0	0	1484	1855	0	0	1855	2226	0	0	2226	2597	0	0	2597	2968	9990	9990	2968	3710	10	10	3710	5200	0	0	0	0	0	0	0	0	0	0	0	0	0	0	0	0	0	0	0	0	0	0	0	0	0	0	0	0	0	0	0	0	0	0	0	0	0	0	0	0	0	0	0	29432	0	2
500114203	1	魂・上古太乙力量	11	4	0	3121	9999	0	999	3	-1	0	0	0	70001003	0	0	0	0	1	32	430500401	2	2002	0	0	0	0	0	0	203	100	2	500114202	500104203	500104503	0	0	1070	371	371	0	0	371	742	0	0	742	1113	0	0	1113	1484	0	0	1484	1855	0	0	1855	2226	0	0	2226	2597	0	0	2597	2968	9990	9990	2968	3710	10	10	3710	5200	0	0	0	0	0	0	0	0	0	0	0	0	0	0	0	0	0	0	0	0	0	0	0	0	0	0	0	0	0	0	0	0	0	0	0	0	0	0	0	0	0	0	0	29432	0	2
500114204	1	魂・上古大地守护	12	4	0	3121	9999	0	999	3	-1	0	0	0	70001001	0	0	0	0	1	32	430500401	2	2002	0	0	0	0	0	0	203	100	0	0	500104204	500104504	0	0	1068	371	371	0	0	371	742	0	0	742	1113	0	0	1113	1484	0	0	1484	1855	0	0	1855	2226	0	0	2226	2597	0	0	2597	2968	9990	9990	2968	3710	10	10	3710	5200	0	0	0	0	0	0	0	0	0	0	0	0	0	0	0	0	0	0	0	0	0	0	0	0	0	0	0	0	0	0	0	0	0	0	0	0	0	0	0	0	0	0	0	29432	0	2
500114205	1	魂・上古风神守护	12	4	0	3121	9999	0	999	3	-1	0	0	0	70001001	0	0	0	0	1	32	430500401	2	2002	0	0	0	0	0	0	203	100	0	0	500104205	500104505	0	0	1071	371	371	0	0	371	742	0	0	742	1113	0	0	1113	1484	0	0	1484	1855	0	0	1855	2226	0	0	2226	2597	0	0	2597	2968	9990	9990	2968	3710	10	10	3710	5200	0	0	0	0	0	0	0	0	0	0	0	0	0	0	0	0	0	0	0	0	0	0	0	0	0	0	0	0	0	0	0	0	0	0	0	0	0	0	0	0	0	0	0	29432	0	2
500114206	1	魂・上古明视之眼	13	4	0	3130	9999	0	999	3	-1	0	0	0	70001001	0	0	0	0	1	32	430500402	2	2002	0	0	0	0	0	0	203	100	0	0	500104206	500104506	0	0	1005	60	60	0	0	60	120	0	0	120	180	0	0	180	240	0	0	240	300	0	0	300	360	0	0	360	420	0	0	420	480	9990	9990	480	600	10	10	600	850	0	0	0	0	0	0	0	0	0	0	0	0	0	0	0	0	0	0	0	0	0	0	0	0	0	0	0	0	0	0	0	0	0	0	0	0	0	0	0	0	0	0	0	29432	0	2
500114207	1	魂・上古邪魅之舞	14	4	0	3121	9999	0	999	3	-1	0	0	0	70001001	0	0	0	0	1	32	430500403	2	2002	0	0	0	0	0	0	203	100	0	0	500104207	500104507	0	0	1006	60	60	0	0	60	120	0	0	120	180	0	0	180	240	0	0	240	300	0	0	300	360	0	0	360	420	0	0	420	480	9990	9990	480	600	10	10	600	850	0	0	0	0	0	0	0	0	0	0	0	0	0	0	0	0	0	0	0	0	0	0	0	0	0	0	0	0	0	0	0	0	0	0	0	0	0	0	0	0	0	0	0	29432	0	2
500114208	1	魂・上古雷霆之怒	15	4	0	3121	9999	0	999	3	-1	0	0	0	70001001	0	0	0	0	1	32	430500402	2	2002	0	0	0	0	0	0	203	100	0	0	500104208	500104508	0	0	1007	60	60	0	0	60	120	0	0	120	180	0	0	180	240	0	0	240	300	0	0	300	360	0	0	360	420	0	0	420	480	9990	9990	480	600	10	10	600	850	0	0	0	0	0	0	0	0	0	0	0	0	0	0	0	0	0	0	0	0	0	0	0	0	0	0	0	0	0	0	0	0	0	0	0	0	0	0	0	0	0	0	0	29432	0	2
500114209	1	魂・上古空明之心	16	4	0	3130	9999	0	999	3	-1	0	0	0	70001001	0	0	0	0	1	32	430500403	2	2002	0	0	0	0	0	0	203	100	0	0	500104209	500104509	0	0	1008	60	60	0	0	60	120	0	0	120	180	0	0	180	240	0	0	240	300	0	0	300	360	0	0	360	420	0	0	420	480	9990	9990	480	600	10	10	600	850	0	0	0	0	0	0	0	0	0	0	0	0	0	0	0	0	0	0	0	0	0	0	0	0	0	0	0	0	0	0	0	0	0	0	0	0	0	0	0	0	0	0	0	29432	0	2
500114210	1	魂・上古料敌先机	17	4	0	3121	9999	0	999	3	-1	0	0	0	70001001	0	0	0	0	1	32	430500402	2	2002	0	0	0	0	0	0	203	100	0	0	500104210	500104510	0	0	1074	60	60	0	0	60	120	0	0	120	180	0	0	180	240	0	0	240	300	0	0	300	360	0	0	360	420	0	0	420	480	9990	9990	480	600	10	10	600	850	0	0	0	0	0	0	0	0	0	0	0	0	0	0	0	0	0	0	0	0	0	0	0	0	0	0	0	0	0	0	0	0	0	0	0	0	0	0	0	0	0	0	0	29432	0	2
500114211	1	魂・上古会心凝神	18	4	0	3130	9999	0	999	3	-1	0	0	0	70001001	0	0	0	0	1	32	430500403	2	2002	0	0	0	0	0	0	203	100	0	0	500104211	500104511	0	0	1075	60	60	0	0	60	120	0	0	120	180	0	0	180	240	0	0	240	300	0	0	300	360	0	0	360	420	0	0	420	480	9990	9990	480	600	10	10	600	850	0	0	0	0	0	0	0	0	0	0	0	0	0	0	0	0	0	0	0	0	0	0	0	0	0	0	0	0	0	0	0	0	0	0	0	0	0	0	0	0	0	0	0	29432	0	2
500114212	1	魂・上古裂天之锋	19	4	0	3130	9999	0	999	3	-1	0	0	0	70001001	0	0	0	0	1	32	430500402	2	2002	0	0	0	0	0	0	203	100	0	0	500104212	500104512	0	0	1011	60	60	0	0	60	120	0	0	120	180	0	0	180	240	0	0	240	300	0	0	300	360	0	0	360	420	0	0	420	480	9990	9990	480	600	10	10	600	850	0	0	0	0	0	0	0	0	0	0	0	0	0	0	0	0	0	0	0	0	0	0	0	0	0	0	0	0	0	0	0	0	0	0	0	0	0	0	0	0	0	0	0	29432	0	2
500114213	1	魂・上古两仪之御	20	4	0	3121	9999	0	999	3	-1	0	0	0	70001001	0	0	0	0	1	32	430500403	2	2002	0	0	0	0	0	0	203	100	0	0	500104213	500104513	0	0	1010	60	60	0	0	60	120	0	0	120	180	0	0	180	240	0	0	240	300	0	0	300	360	0	0	360	420	0	0	420	480	9990	9990	480	600	10	10	600	850	0	0	0	0	0	0	0	0	0	0	0	0	0	0	0	0	0	0	0	0	0	0	0	0	0	0	0	0	0	0	0	0	0	0	0	0	0	0	0	0	0	0	0	29432	0	2
500124201	1	神・上古战神气息	11	4	0	3121	9999	0	999	3	-1	0	0	0	70002002	0	0	0	0	2	80	430500401	5	2003	0	0	0	0	0	0	203	100	1	500124202	500104202	500104502	500104206	500104506	1067	408	408	0	0	408	816	0	0	816	1224	0	0	1224	1632	0	0	1632	2040	0	0	2040	2448	0	0	2448	2856	0	0	2856	3264	9990	9990	3264	4080	10	10	4080	5200	0	0	1005	66	66	0	0	66	132	0	0	132	198	3000	690	198	264	6000	8000	264	330	1000	1000	330	396	0	100	396	462	0	100	462	528	0	100	528	660	0	10	660	850	0	0	29432	29432	3
500124202	1	神・上古水神气息	11	4	0	3121	9999	0	999	3	-1	0	0	0	70002003	0	0	0	0	2	80	430500401	5	2003	0	0	0	0	0	0	203	100	2	500124201	500104203	500104503	500104206	500104506	1070	408	408	0	0	408	816	0	0	816	1224	0	0	1224	1632	0	0	1632	2040	0	0	2040	2448	0	0	2448	2856	0	0	2856	3264	9990	9990	3264	4080	10	10	4080	5200	0	0	1005	66	66	0	0	66	132	0	0	132	198	3000	690	198	264	6000	8000	264	330	1000	1000	330	396	0	100	396	462	0	100	462	528	0	100	528	660	0	10	660	850	0	0	29432	29432	3
500124203	1	神・上古雷神气息	11	4	0	3121	9999	0	999	3	-1	0	0	0	70002002	0	0	0	0	2	80	430500401	5	2003	0	0	0	0	0	0	203	100	1	500124203	500104202	500104502	500104212	500104512	1067	408	408	0	0	408	816	0	0	816	1224	0	0	1224	1632	0	0	1632	2040	0	0	2040	2448	0	0	2448	2856	0	0	2856	3264	9990	9990	3264	4080	10	10	4080	5200	0	0	1011	66	66	0	0	66	132	0	0	132	198	3000	690	198	264	6000	8000	264	330	1000	1000	330	396	0	100	396	462	0	100	462	528	0	100	528	660	0	10	660	850	0	0	29432	29432	3
500124204	1	神・上古火神气息	11	4	0	3121	9999	0	999	3	-1	0	0	0	70002003	0	0	0	0	2	80	430500401	5	2003	0	0	0	0	0	0	203	100	2	500124204	500104203	500104503	500104212	500104512	1070	408	408	0	0	408	816	0	0	816	1224	0	0	1224	1632	0	0	1632	2040	0	0	2040	2448	0	0	2448	2856	0	0	2856	3264	9990	9990	3264	4080	10	10	4080	5200	0	0	1011	66	66	0	0	66	132	0	0	132	198	3000	690	198	264	6000	8000	264	330	1000	1000	330	396	0	100	396	462	0	100	462	528	0	100	528	660	0	10	660	850	0	0	29432	29432	3
500124205	1	神・上古炎魔气息	11	4	0	3121	9999	0	999	3	-1	0	0	0	70002002	0	0	0	0	2	80	430500401	5	2003	0	0	0	0	0	0	203	100	1	500124206	500104202	500104502	500104210	500104510	1067	408	408	0	0	408	816	0	0	816	1224	0	0	1224	1632	0	0	1632	2040	0	0	2040	2448	0	0	2448	2856	0	0	2856	3264	9990	9990	3264	4080	10	10	4080	5200	0	0	1074	66	66	0	0	66	132	0	0	132	198	3000	690	198	264	6000	8000	264	330	1000	1000	330	396	0	100	396	462	0	100	462	528	0	100	528	660	0	10	660	850	0	0	29432	29432	3
500124206	1	神・上古冰魅气息	11	4	0	3121	9999	0	999	3	-1	0	0	0	70002003	0	0	0	0	2	80	430500401	5	2003	0	0	0	0	0	0	203	100	2	500124205	500104203	500104503	500104210	500104510	1070	408	408	0	0	408	816	0	0	816	1224	0	0	1224	1632	0	0	1632	2040	0	0	2040	2448	0	0	2448	2856	0	0	2856	3264	9990	9990	3264	4080	10	10	4080	5200	0	0	1074	66	66	0	0	66	132	0	0	132	198	3000	690	198	264	6000	8000	264	330	1000	1000	330	396	0	100	396	462	0	100	462	528	0	100	528	660	0	10	660	850	0	0	29432	29432	3
500124207	1	神・上古血魔气息	11	4	0	3121	9999	0	999	3	-1	0	0	0	70002002	0	0	0	0	2	80	430500401	5	2003	0	0	0	0	0	0	203	100	1	500124208	500104202	500104502	500104208	500104508	1067	408	408	0	0	408	816	0	0	816	1224	0	0	1224	1632	0	0	1632	2040	0	0	2040	2448	0	0	2448	2856	0	0	2856	3264	9990	9990	3264	4080	10	10	4080	5200	0	0	1007	66	66	0	0	66	132	0	0	132	198	3000	690	198	264	6000	8000	264	330	1000	1000	330	396	0	100	396	462	0	100	462	528	0	100	528	660	0	10	660	850	0	0	29432	29432	3
500124208	1	神・上古梦魇气息	11	4	0	3121	9999	0	999	3	-1	0	0	0	70002003	0	0	0	0	2	80	430500401	5	2003	0	0	0	0	0	0	203	100	2	500124207	500104203	500104503	500104208	500104508	1070	408	408	0	0	408	816	0	0	816	1224	0	0	1224	1632	0	0	1632	2040	0	0	2040	2448	0	0	2448	2856	0	0	2856	3264	9990	9990	3264	4080	10	10	4080	5200	0	0	1007	66	66	0	0	66	132	0	0	132	198	3000	690	198	264	6000	8000	264	330	1000	1000	330	396	0	100	396	462	0	100	462	528	0	100	528	660	0	10	660	850	0	0	29432	29432	3
500124209	1	神・上古后羿祝福	12	4	0	3121	9999	0	999	3	-1	0	0	0	70002001	0	0	0	0	2	80	430500401	5	2003	0	0	0	0	0	0	203	100	0	0	500104204	500104504	500104207	500104507	1068	408	408	0	0	408	816	0	0	816	1224	0	0	1224	1632	0	0	1632	2040	0	0	2040	2448	0	0	2448	2856	0	0	2856	3264	9990	9990	3264	4080	10	10	4080	5200	0	0	1006	66	66	0	0	66	132	0	0	132	198	3000	690	198	264	6000	8000	264	330	1000	1000	330	396	0	100	396	462	0	100	462	528	0	100	528	660	0	10	660	850	0	0	29432	29432	3
500124210	1	神・上古蚩尤祝福	12	4	0	3121	9999	0	999	3	-1	0	0	0	70002001	0	0	0	0	2	80	430500401	5	2003	0	0	0	0	0	0	203	100	0	0	500104204	500104504	500104213	500104513	1068	408	408	0	0	408	816	0	0	816	1224	0	0	1224	1632	0	0	1632	2040	0	0	2040	2448	0	0	2448	2856	0	0	2856	3264	9990	9990	3264	4080	10	10	4080	5200	0	0	1010	66	66	0	0	66	132	0	0	132	198	3000	690	198	264	6000	8000	264	330	1000	1000	330	396	0	100	396	462	0	100	462	528	0	100	528	660	0	10	660	850	0	0	29432	29432	3
500124211	1	神・上古刑天祝福	12	4	0	3121	9999	0	999	3	-1	0	0	0	70002001	0	0	0	0	2	80	430500401	5	2003	0	0	0	0	0	0	203	100	0	0	500104205	500104505	500104207	500104507	1071	408	408	0	0	408	816	0	0	816	1224	0	0	1224	1632	0	0	1632	2040	0	0	2040	2448	0	0	2448	2856	0	0	2856	3264	9990	9990	3264	4080	10	10	4080	5200	0	0	1006	66	66	0	0	66	132	0	0	132	198	3000	690	198	264	6000	8000	264	330	1000	1000	330	396	0	100	396	462	0	100	462	528	0	100	528	660	0	10	660	850	0	0	29432	29432	3
500124212	1	神・上古黄帝祝福	12	4	0	3121	9999	0	999	3	-1	0	0	0	70002001	0	0	0	0	2	80	430500401	5	2003	0	0	0	0	0	0	203	100	0	0	500104205	500104505	500104213	500104513	1071	408	408	0	0	408	816	0	0	816	1224	0	0	1224	1632	0	0	1632	2040	0	0	2040	2448	0	0	2448	2856	0	0	2856	3264	9990	9990	3264	4080	10	10	4080	5200	0	0	1010	66	66	0	0	66	132	0	0	132	198	3000	690	198	264	6000	8000	264	330	1000	1000	330	396	0	100	396	462	0	100	462	528	0	100	528	660	0	10	660	850	0	0	29432	29432	3
500124213	1	神・上古神农之心	10	4	0	3140	9999	0	999	3	-1	0	0	0	70002001	0	0	0	0	2	80	430500401	5	2003	0	0	0	0	0	0	203	100	0	0	500104201	500104501	500104207	500104507	1072	5547	5547	0	0	5547	11094	0	0	11094	16641	0	0	16641	22188	0	0	22188	27735	0	0	27735	33282	0	0	33282	38829	0	0	38829	44376	9990	9990	44376	55470	10	10	55470	70600	0	0	1006	66	66	0	0	66	132	0	0	132	198	3000	690	198	264	6000	8000	264	330	1000	1000	330	396	0	100	396	462	0	100	462	528	0	100	528	660	0	10	660	850	0	0	29432	29432	3
500124214	1	神・上古帝尧之心	10	4	0	3140	9999	0	999	3	-1	0	0	0	70002001	0	0	0	0	2	80	430500401	5	2003	0	0	0	0	0	0	203	100	0	0	500104201	500104501	500104213	500104513	1072	5547	5547	0	0	5547	11094	0	0	11094	16641	0	0	16641	22188	0	0	22188	27735	0	0	27735	33282	0	0	33282	38829	0	0	38829	44376	9990	9990	44376	55470	10	10	55470	70600	0	0	1010	66	66	0	0	66	132	0	0	132	198	3000	690	198	264	6000	8000	264	330	1000	1000	330	396	0	100	396	462	0	100	462	528	0	100	528	660	0	10	660	850	0	0	29432	29432	3
500124215	1	神・上古白帝之心	10	4	0	3140	9999	0	999	3	-1	0	0	0	70002001	0	0	0	0	2	80	430500401	5	2003	0	0	0	0	0	0	203	100	0	0	500104201	500104501	500104211	500104511	1072	5547	5547	0	0	5547	11094	0	0	11094	16641	0	0	16641	22188	0	0	22188	27735	0	0	27735	33282	0	0	33282	38829	0	0	38829	44376	9990	9990	44376	55470	10	10	55470	70600	0	0	1075	66	66	0	0	66	132	0	0	132	198	3000	690	198	264	6000	8000	264	330	1000	1000	330	396	0	100	396	462	0	100	462	528	0	100	528	660	0	10	660	850	0	0	29432	29432	3
500124216	1	神・上古神魔之心	10	4	0	3140	9999	0	999	3	-1	0	0	0	70002001	0	0	0	0	2	80	430500401	5	2003	0	0	0	0	0	0	203	100	0	0	500104201	500104501	500104209	500104509	1072	5547	5547	0	0	5547	11094	0	0	11094	16641	0	0	16641	22188	0	0	22188	27735	0	0	27735	33282	0	0	33282	38829	0	0	38829	44376	9990	9990	44376	55470	10	10	55470	70600	0	0	1008	66	66	0	0	66	132	0	0	132	198	3000	690	198	264	6000	8000	264	330	1000	1000	330	396	0	100	396	462	0	100	462	528	0	100	528	660	0	10	660	850	0	0	29432	29432	3
500105201	1	神赐精灵源泉	10	6	0	5161	9999	0	999	3	-1	0	0	0	70002001	0	0	0	0	0	32	430500601	1	3001	0	0	0	0	0	0	203	100	0	0	500105201	500105501	0	0	1072	6275	6275	4000	686	6275	12550	4000	3000	12550	18825	1500	3000	18825	25100	150	2800	25100	31375	100	100	31375	35300	100	100	35300	41575	100	100	41575	47850	50	100	47850	54125	0	10	54125	70600	0	4	0	0	0	0	0	0	0	0	0	0	0	0	0	0	0	0	0	0	0	0	0	0	0	0	0	0	0	0	0	0	0	0	0	0	0	0	0	0	0	0	0	29432	0	1
500105202	1	神赐血魔力量	11	6	0	5141	9999	0	999	3	-1	0	0	0	70002002	0	0	0	0	0	32	430500601	1	3001	0	0	0	0	0	0	203	100	1	500105203	500105202	500105502	0	0	1067	462	462	4000	686	462	924	4000	3000	924	1386	1500	3000	1386	1848	150	2800	1848	2310	100	100	2310	2600	100	100	2600	3062	100	100	3062	3524	50	100	3524	3986	0	10	3986	5200	0	4	0	0	0	0	0	0	0	0	0	0	0	0	0	0	0	0	0	0	0	0	0	0	0	0	0	0	0	0	0	0	0	0	0	0	0	0	0	0	0	0	0	29432	0	1
500105203	1	神赐太乙力量	11	6	0	5141	9999	0	999	3	-1	0	0	0	70002003	0	0	0	0	0	32	430500601	1	3001	0	0	0	0	0	0	203	100	2	500105202	500105203	500105503	0	0	1070	462	462	4000	686	462	924	4000	3000	924	1386	1500	3000	1386	1848	150	2800	1848	2310	100	100	2310	2600	100	100	2600	3062	100	100	3062	3524	50	100	3524	3986	0	10	3986	5200	0	4	0	0	0	0	0	0	0	0	0	0	0	0	0	0	0	0	0	0	0	0	0	0	0	0	0	0	0	0	0	0	0	0	0	0	0	0	0	0	0	0	0	29432	0	1
500105204	1	神赐大地守护	12	6	0	5141	9999	0	999	3	-1	0	0	0	70002001	0	0	0	0	0	32	430500601	1	3001	0	0	0	0	0	0	203	100	0	0	500105204	500105504	0	0	1068	462	462	4000	686	462	924	4000	3000	924	1386	1500	3000	1386	1848	150	2800	1848	2310	100	100	2310	2600	100	100	2600	3062	100	100	3062	3524	50	100	3524	3986	0	10	3986	5200	0	4	0	0	0	0	0	0	0	0	0	0	0	0	0	0	0	0	0	0	0	0	0	0	0	0	0	0	0	0	0	0	0	0	0	0	0	0	0	0	0	0	0	29432	0	1
500105205	1	神赐风神守护	12	6	0	5141	9999	0	999	3	-1	0	0	0	70002001	0	0	0	0	0	32	430500601	1	3001	0	0	0	0	0	0	203	100	0	0	500105205	500105505	0	0	1071	462	462	4000	686	462	924	4000	3000	924	1386	1500	3000	1386	1848	150	2800	1848	2310	100	100	2310	2600	100	100	2600	3062	100	100	3062	3524	50	100	3524	3986	0	10	3986	5200	0	4	0	0	0	0	0	0	0	0	0	0	0	0	0	0	0	0	0	0	0	0	0	0	0	0	0	0	0	0	0	0	0	0	0	0	0	0	0	0	0	0	0	29432	0	1
500105206	1	神赐明视之眼	13	6	0	5161	9999	0	999	3	-1	0	0	0	70002001	0	0	0	0	0	32	430500602	1	3001	0	0	0	0	0	0	203	100	0	0	500105206	500105506	0	0	1005	75	75	4000	686	75	150	4000	3000	150	225	1500	3000	225	300	150	2800	300	375	100	100	375	425	100	100	425	500	100	100	500	575	50	100	575	650	0	10	650	850	0	4	0	0	0	0	0	0	0	0	0	0	0	0	0	0	0	0	0	0	0	0	0	0	0	0	0	0	0	0	0	0	0	0	0	0	0	0	0	0	0	0	0	29432	0	1
500105207	1	神赐邪魅之舞	14	6	0	5141	9999	0	999	3	-1	0	0	0	70002001	0	0	0	0	0	32	430500603	1	3001	0	0	0	0	0	0	203	100	0	0	500105207	500105507	0	0	1006	75	75	4000	686	75	150	4000	3000	150	225	1500	3000	225	300	150	2800	300	375	100	100	375	425	100	100	425	500	100	100	500	575	50	100	575	650	0	10	650	850	0	4	0	0	0	0	0	0	0	0	0	0	0	0	0	0	0	0	0	0	0	0	0	0	0	0	0	0	0	0	0	0	0	0	0	0	0	0	0	0	0	0	0	29432	0	1
500105208	1	神赐雷霆之怒	15	6	0	5141	9999	0	999	3	-1	0	0	0	70002001	0	0	0	0	0	32	430500602	1	3001	0	0	0	0	0	0	203	100	0	0	500105208	500105508	0	0	1007	75	75	4000	686	75	150	4000	3000	150	225	1500	3000	225	300	150	2800	300	375	100	100	375	425	100	100	425	500	100	100	500	575	50	100	575	650	0	10	650	850	0	4	0	0	0	0	0	0	0	0	0	0	0	0	0	0	0	0	0	0	0	0	0	0	0	0	0	0	0	0	0	0	0	0	0	0	0	0	0	0	0	0	0	29432	0	1
500105209	1	神赐空明之心	16	6	0	5161	9999	0	999	3	-1	0	0	0	70002001	0	0	0	0	0	32	430500603	1	3001	0	0	0	0	0	0	203	100	0	0	500105209	500105509	0	0	1008	75	75	4000	686	75	150	4000	3000	150	225	1500	3000	225	300	150	2800	300	375	100	100	375	425	100	100	425	500	100	100	500	575	50	100	575	650	0	10	650	850	0	4	0	0	0	0	0	0	0	0	0	0	0	0	0	0	0	0	0	0	0	0	0	0	0	0	0	0	0	0	0	0	0	0	0	0	0	0	0	0	0	0	0	29432	0	1
500105210	1	神赐料敌先机	17	6	0	5141	9999	0	999	3	-1	0	0	0	70002001	0	0	0	0	0	32	430500602	1	3001	0	0	0	0	0	0	203	100	0	0	500105210	500105510	0	0	1074	75	75	4000	686	75	150	4000	3000	150	225	1500	3000	225	300	150	2800	300	375	100	100	375	425	100	100	425	500	100	100	500	575	50	100	575	650	0	10	650	850	0	4	0	0	0	0	0	0	0	0	0	0	0	0	0	0	0	0	0	0	0	0	0	0	0	0	0	0	0	0	0	0	0	0	0	0	0	0	0	0	0	0	0	29432	0	1
500105211	1	神赐会心凝神	18	6	0	5161	9999	0	999	3	-1	0	0	0	70002001	0	0	0	0	0	32	430500603	1	3001	0	0	0	0	0	0	203	100	0	0	500105211	500105511	0	0	1075	75	75	4000	686	75	150	4000	3000	150	225	1500	3000	225	300	150	2800	300	375	100	100	375	425	100	100	425	500	100	100	500	575	50	100	575	650	0	10	650	850	0	4	0	0	0	0	0	0	0	0	0	0	0	0	0	0	0	0	0	0	0	0	0	0	0	0	0	0	0	0	0	0	0	0	0	0	0	0	0	0	0	0	0	29432	0	1
500105212	1	神赐裂天之锋	19	6	0	5161	9999	0	999	3	-1	0	0	0	70002001	0	0	0	0	0	32	430500602	1	3001	0	0	0	0	0	0	203	100	0	0	500105212	500105512	0	0	1011	75	75	4000	686	75	150	4000	3000	150	225	1500	3000	225	300	150	2800	300	375	100	100	375	425	100	100	425	500	100	100	500	575	50	100	575	650	0	10	650	850	0	4	0	0	0	0	0	0	0	0	0	0	0	0	0	0	0	0	0	0	0	0	0	0	0	0	0	0	0	0	0	0	0	0	0	0	0	0	0	0	0	0	0	29432	0	1
500105213	1	神赐两仪之御	20	6	0	5141	9999	0	999	3	-1	0	0	0	70002001	0	0	0	0	0	32	430500603	1	3001	0	0	0	0	0	0	203	100	0	0	500105213	500105513	0	0	1010	75	75	4000	686	75	150	4000	3000	150	225	1500	3000	225	300	150	2800	300	375	100	100	375	425	100	100	425	500	100	100	500	575	50	100	575	650	0	10	650	850	0	4	0	0	0	0	0	0	0	0	0	0	0	0	0	0	0	0	0	0	0	0	0	0	0	0	0	0	0	0	0	0	0	0	0	0	0	0	0	0	0	0	0	29432	0	1
500105501	1	神赐精灵源泉[材料]	10	6	0	5161	9999	0	999	0	-1	0	0	0	70002101	0	0	0	0	0	0	0	0	0	1	0	0	0	0	0	203	100	0	0	0	0	0	0	1072	1	1	698	500	1	1	0	0	1	1	0	0	1	1	0	0	1	1	0	0	1	1	0	0	1	1	0	0	1	1	0	0	1	1	0	0	1	1	0	0	0	0	0	0	0	0	0	0	0	0	0	0	0	0	0	0	0	0	0	0	0	0	0	0	0	0	0	0	0	0	0	0	0	0	0	0	0	0	0	0	0	4	0	0
500105502	1	神赐血魔力量[材料]	11	6	0	5161	9999	0	999	0	-1	0	0	0	70002102	0	0	0	0	0	0	0	0	0	1	0	0	0	0	0	203	100	0	0	0	0	0	0	1067	1	1	698	500	1	1	0	0	1	1	0	0	1	1	0	0	1	1	0	0	1	1	0	0	1	1	0	0	1	1	0	0	1	1	0	0	1	1	0	0	0	0	0	0	0	0	0	0	0	0	0	0	0	0	0	0	0	0	0	0	0	0	0	0	0	0	0	0	0	0	0	0	0	0	0	0	0	0	0	0	0	4	0	0
500105503	1	神赐太乙力量[材料]	11	6	0	5161	9999	0	999	0	-1	0	0	0	70002103	0	0	0	0	0	0	0	0	0	1	0	0	0	0	0	203	100	0	0	0	0	0	0	1070	1	1	698	500	1	1	0	0	1	1	0	0	1	1	0	0	1	1	0	0	1	1	0	0	1	1	0	0	1	1	0	0	1	1	0	0	1	1	0	0	0	0	0	0	0	0	0	0	0	0	0	0	0	0	0	0	0	0	0	0	0	0	0	0	0	0	0	0	0	0	0	0	0	0	0	0	0	0	0	0	0	4	0	0
500105504	1	神赐大地守护[材料]	12	6	0	5161	9999	0	999	0	-1	0	0	0	70002101	0	0	0	0	0	0	0	0	0	1	0	0	0	0	0	203	100	0	0	0	0	0	0	1068	1	1	698	500	1	1	0	0	1	1	0	0	1	1	0	0	1	1	0	0	1	1	0	0	1	1	0	0	1	1	0	0	1	1	0	0	1	1	0	0	0	0	0	0	0	0	0	0	0	0	0	0	0	0	0	0	0	0	0	0	0	0	0	0	0	0	0	0	0	0	0	0	0	0	0	0	0	0	0	0	0	4	0	0
500105505	1	神赐风神守护[材料]	12	6	0	5161	9999	0	999	0	-1	0	0	0	70002101	0	0	0	0	0	0	0	0	0	1	0	0	0	0	0	203	100	0	0	0	0	0	0	1071	1	1	698	500	1	1	0	0	1	1	0	0	1	1	0	0	1	1	0	0	1	1	0	0	1	1	0	0	1	1	0	0	1	1	0	0	1	1	0	0	0	0	0	0	0	0	0	0	0	0	0	0	0	0	0	0	0	0	0	0	0	0	0	0	0	0	0	0	0	0	0	0	0	0	0	0	0	0	0	0	0	4	0	0
500105506	1	神赐明视之眼[材料]	13	6	0	5161	9999	0	999	0	-1	0	0	0	70002101	0	0	0	0	0	0	0	0	0	1	0	0	0	0	0	203	100	0	0	0	0	0	0	1005	1	1	698	500	1	1	0	0	1	1	0	0	1	1	0	0	1	1	0	0	1	1	0	0	1	1	0	0	1	1	0	0	1	1	0	0	1	1	0	0	0	0	0	0	0	0	0	0	0	0	0	0	0	0	0	0	0	0	0	0	0	0	0	0	0	0	0	0	0	0	0	0	0	0	0	0	0	0	0	0	0	4	0	0
500105507	1	神赐邪魅之舞[材料]	14	6	0	5161	9999	0	999	0	-1	0	0	0	70002101	0	0	0	0	0	0	0	0	0	1	0	0	0	0	0	203	100	0	0	0	0	0	0	1006	1	1	698	500	1	1	0	0	1	1	0	0	1	1	0	0	1	1	0	0	1	1	0	0	1	1	0	0	1	1	0	0	1	1	0	0	1	1	0	0	0	0	0	0	0	0	0	0	0	0	0	0	0	0	0	0	0	0	0	0	0	0	0	0	0	0	0	0	0	0	0	0	0	0	0	0	0	0	0	0	0	4	0	0
500105508	1	神赐雷霆之怒[材料]	15	6	0	5161	9999	0	999	0	-1	0	0	0	70002101	0	0	0	0	0	0	0	0	0	1	0	0	0	0	0	203	100	0	0	0	0	0	0	1007	1	1	698	500	1	1	0	0	1	1	0	0	1	1	0	0	1	1	0	0	1	1	0	0	1	1	0	0	1	1	0	0	1	1	0	0	1	1	0	0	0	0	0	0	0	0	0	0	0	0	0	0	0	0	0	0	0	0	0	0	0	0	0	0	0	0	0	0	0	0	0	0	0	0	0	0	0	0	0	0	0	4	0	0
500105509	1	神赐空明之心[材料]	16	6	0	5161	9999	0	999	0	-1	0	0	0	70002101	0	0	0	0	0	0	0	0	0	1	0	0	0	0	0	203	100	0	0	0	0	0	0	1008	1	1	698	500	1	1	0	0	1	1	0	0	1	1	0	0	1	1	0	0	1	1	0	0	1	1	0	0	1	1	0	0	1	1	0	0	1	1	0	0	0	0	0	0	0	0	0	0	0	0	0	0	0	0	0	0	0	0	0	0	0	0	0	0	0	0	0	0	0	0	0	0	0	0	0	0	0	0	0	0	0	4	0	0
500105510	1	神赐料敌先机[材料]	17	6	0	5161	9999	0	999	0	-1	0	0	0	70002101	0	0	0	0	0	0	0	0	0	1	0	0	0	0	0	203	100	0	0	0	0	0	0	1074	1	1	698	500	1	1	0	0	1	1	0	0	1	1	0	0	1	1	0	0	1	1	0	0	1	1	0	0	1	1	0	0	1	1	0	0	1	1	0	0	0	0	0	0	0	0	0	0	0	0	0	0	0	0	0	0	0	0	0	0	0	0	0	0	0	0	0	0	0	0	0	0	0	0	0	0	0	0	0	0	0	4	0	0
500105511	1	神赐会心凝神[材料]	18	6	0	5161	9999	0	999	0	-1	0	0	0	70002101	0	0	0	0	0	0	0	0	0	1	0	0	0	0	0	203	100	0	0	0	0	0	0	1075	1	1	698	500	1	1	0	0	1	1	0	0	1	1	0	0	1	1	0	0	1	1	0	0	1	1	0	0	1	1	0	0	1	1	0	0	1	1	0	0	0	0	0	0	0	0	0	0	0	0	0	0	0	0	0	0	0	0	0	0	0	0	0	0	0	0	0	0	0	0	0	0	0	0	0	0	0	0	0	0	0	4	0	0
500105512	1	神赐裂天之锋[材料]	19	6	0	5161	9999	0	999	0	-1	0	0	0	70002101	0	0	0	0	0	0	0	0	0	1	0	0	0	0	0	203	100	0	0	0	0	0	0	1011	1	1	698	500	1	1	0	0	1	1	0	0	1	1	0	0	1	1	0	0	1	1	0	0	1	1	0	0	1	1	0	0	1	1	0	0	1	1	0	0	0	0	0	0	0	0	0	0	0	0	0	0	0	0	0	0	0	0	0	0	0	0	0	0	0	0	0	0	0	0	0	0	0	0	0	0	0	0	0	0	0	4	0	0
500105513	1	神赐两仪之御[材料]	20	6	0	5161	9999	0	999	0	-1	0	0	0	70002101	0	0	0	0	0	0	0	0	0	1	0	0	0	0	0	203	100	0	0	0	0	0	0	1010	1	1	698	500	1	1	0	0	1	1	0	0	1	1	0	0	1	1	0	0	1	1	0	0	1	1	0	0	1	1	0	0	1	1	0	0	1	1	0	0	0	0	0	0	0	0	0	0	0	0	0	0	0	0	0	0	0	0	0	0	0	0	0	0	0	0	0	0	0	0	0	0	0	0	0	0	0	0	0	0	0	4	0	0
500115201	1	魂・神赐精灵源泉	10	6	0	5161	9999	0	999	3	-1	0	0	0	70002001	0	0	0	0	1	64	430500601	2	3002	0	0	0	0	0	0	203	100	0	0	500105201	500105501	0	0	1072	8071	8071	0	0	8071	16142	0	0	16142	24213	0	0	24213	32284	0	0	32284	40355	0	0	40355	48426	0	0	48426	56497	0	0	56497	64568	9990	9990	64568	80710	10	10	80710	113000	0	0	0	0	0	0	0	0	0	0	0	0	0	0	0	0	0	0	0	0	0	0	0	0	0	0	0	0	0	0	0	0	0	0	0	0	0	0	0	0	0	0	0	82410	0	2
500115202	1	魂・神赐血魔力量	11	6	0	5161	9999	0	999	3	-1	0	0	0	70002002	0	0	0	0	1	64	430500601	2	3002	0	0	0	0	0	0	203	100	1	500115203	500105202	500105502	0	0	1067	592	592	0	0	592	1184	0	0	1184	1776	0	0	1776	2368	0	0	2368	2960	0	0	2960	3552	0	0	3552	4144	0	0	4144	4736	9990	9990	4736	5920	10	10	5920	8300	0	0	0	0	0	0	0	0	0	0	0	0	0	0	0	0	0	0	0	0	0	0	0	0	0	0	0	0	0	0	0	0	0	0	0	0	0	0	0	0	0	0	0	82410	0	2
500115203	1	魂・神赐太乙力量	11	6	0	5161	9999	0	999	3	-1	0	0	0	70002003	0	0	0	0	1	64	430500601	2	3002	0	0	0	0	0	0	203	100	2	500115202	500105203	500105503	0	0	1070	592	592	0	0	592	1184	0	0	1184	1776	0	0	1776	2368	0	0	2368	2960	0	0	2960	3552	0	0	3552	4144	0	0	4144	4736	9990	9990	4736	5920	10	10	5920	8300	0	0	0	0	0	0	0	0	0	0	0	0	0	0	0	0	0	0	0	0	0	0	0	0	0	0	0	0	0	0	0	0	0	0	0	0	0	0	0	0	0	0	0	82410	0	2
500115204	1	魂・神赐大地守护	12	6	0	5161	9999	0	999	3	-1	0	0	0	70002001	0	0	0	0	1	64	430500601	2	3002	0	0	0	0	0	0	203	100	0	0	500105204	500105504	0	0	1068	592	592	0	0	592	1184	0	0	1184	1776	0	0	1776	2368	0	0	2368	2960	0	0	2960	3552	0	0	3552	4144	0	0	4144	4736	9990	9990	4736	5920	10	10	5920	8300	0	0	0	0	0	0	0	0	0	0	0	0	0	0	0	0	0	0	0	0	0	0	0	0	0	0	0	0	0	0	0	0	0	0	0	0	0	0	0	0	0	0	0	82410	0	2
500115205	1	魂・神赐风神守护	12	6	0	5161	9999	0	999	3	-1	0	0	0	70002001	0	0	0	0	1	64	430500601	2	3002	0	0	0	0	0	0	203	100	0	0	500105205	500105505	0	0	1071	592	592	0	0	592	1184	0	0	1184	1776	0	0	1776	2368	0	0	2368	2960	0	0	2960	3552	0	0	3552	4144	0	0	4144	4736	9990	9990	4736	5920	10	10	5920	8300	0	0	0	0	0	0	0	0	0	0	0	0	0	0	0	0	0	0	0	0	0	0	0	0	0	0	0	0	0	0	0	0	0	0	0	0	0	0	0	0	0	0	0	82410	0	2
500115206	1	魂・神赐明视之眼	13	6	0	5161	9999	0	999	3	-1	0	0	0	70002001	0	0	0	0	1	64	430500602	2	3002	0	0	0	0	0	0	203	100	0	0	500105206	500105506	0	0	1005	78	78	0	0	78	156	0	0	156	234	0	0	234	312	0	0	312	390	0	0	390	468	0	0	468	546	0	0	546	624	9990	9990	624	780	10	10	780	1100	0	0	0	0	0	0	0	0	0	0	0	0	0	0	0	0	0	0	0	0	0	0	0	0	0	0	0	0	0	0	0	0	0	0	0	0	0	0	0	0	0	0	0	82410	0	2
500115207	1	魂・神赐邪魅之舞	14	6	0	5161	9999	0	999	3	-1	0	0	0	70002001	0	0	0	0	1	64	430500603	2	3002	0	0	0	0	0	0	203	100	0	0	500105207	500105507	0	0	1006	78	78	0	0	78	156	0	0	156	234	0	0	234	312	0	0	312	390	0	0	390	468	0	0	468	546	0	0	546	624	9990	9990	624	780	10	10	780	1100	0	0	0	0	0	0	0	0	0	0	0	0	0	0	0	0	0	0	0	0	0	0	0	0	0	0	0	0	0	0	0	0	0	0	0	0	0	0	0	0	0	0	0	82410	0	2
500115208	1	魂・神赐雷霆之怒	15	6	0	5161	9999	0	999	3	-1	0	0	0	70002001	0	0	0	0	1	64	430500602	2	3002	0	0	0	0	0	0	203	100	0	0	500105208	500105508	0	0	1007	78	78	0	0	78	156	0	0	156	234	0	0	234	312	0	0	312	390	0	0	390	468	0	0	468	546	0	0	546	624	9990	9990	624	780	10	10	780	1100	0	0	0	0	0	0	0	0	0	0	0	0	0	0	0	0	0	0	0	0	0	0	0	0	0	0	0	0	0	0	0	0	0	0	0	0	0	0	0	0	0	0	0	82410	0	2
500115209	1	魂・神赐空明之心	16	6	0	5161	9999	0	999	3	-1	0	0	0	70002001	0	0	0	0	1	64	430500603	2	3002	0	0	0	0	0	0	203	100	0	0	500105209	500105509	0	0	1008	78	78	0	0	78	156	0	0	156	234	0	0	234	312	0	0	312	390	0	0	390	468	0	0	468	546	0	0	546	624	9990	9990	624	780	10	10	780	1100	0	0	0	0	0	0	0	0	0	0	0	0	0	0	0	0	0	0	0	0	0	0	0	0	0	0	0	0	0	0	0	0	0	0	0	0	0	0	0	0	0	0	0	82410	0	2
500115210	1	魂・神赐料敌先机	17	6	0	5161	9999	0	999	3	-1	0	0	0	70002001	0	0	0	0	1	64	430500602	2	3002	0	0	0	0	0	0	203	100	0	0	500105210	500105510	0	0	1074	78	78	0	0	78	156	0	0	156	234	0	0	234	312	0	0	312	390	0	0	390	468	0	0	468	546	0	0	546	624	9990	9990	624	780	10	10	780	1100	0	0	0	0	0	0	0	0	0	0	0	0	0	0	0	0	0	0	0	0	0	0	0	0	0	0	0	0	0	0	0	0	0	0	0	0	0	0	0	0	0	0	0	82410	0	2
500115211	1	魂・神赐会心凝神	18	6	0	5161	9999	0	999	3	-1	0	0	0	70002001	0	0	0	0	1	64	430500603	2	3002	0	0	0	0	0	0	203	100	0	0	500105211	500105511	0	0	1075	78	78	0	0	78	156	0	0	156	234	0	0	234	312	0	0	312	390	0	0	390	468	0	0	468	546	0	0	546	624	9990	9990	624	780	10	10	780	1100	0	0	0	0	0	0	0	0	0	0	0	0	0	0	0	0	0	0	0	0	0	0	0	0	0	0	0	0	0	0	0	0	0	0	0	0	0	0	0	0	0	0	0	82410	0	2
500115212	1	魂・神赐裂天之锋	19	6	0	5161	9999	0	999	3	-1	0	0	0	70002001	0	0	0	0	1	64	430500602	2	3002	0	0	0	0	0	0	203	100	0	0	500105212	500105512	0	0	1011	78	78	0	0	78	156	0	0	156	234	0	0	234	312	0	0	312	390	0	0	390	468	0	0	468	546	0	0	546	624	9990	9990	624	780	10	10	780	1100	0	0	0	0	0	0	0	0	0	0	0	0	0	0	0	0	0	0	0	0	0	0	0	0	0	0	0	0	0	0	0	0	0	0	0	0	0	0	0	0	0	0	0	82410	0	2
500115213	1	魂・神赐两仪之御	20	6	0	5161	9999	0	999	3	-1	0	0	0	70002001	0	0	0	0	1	64	430500603	2	3002	0	0	0	0	0	0	203	100	0	0	500105213	500105513	0	0	1010	78	78	0	0	78	156	0	0	156	234	0	0	234	312	0	0	312	390	0	0	390	468	0	0	468	546	0	0	546	624	9990	9990	624	780	10	10	780	1100	0	0	0	0	0	0	0	0	0	0	0	0	0	0	0	0	0	0	0	0	0	0	0	0	0	0	0	0	0	0	0	0	0	0	0	0	0	0	0	0	0	0	0	82410	0	2
500125201	1	神・神赐战神气息	11	6	0	5161	9999	0	999	3	-1	0	0	0	70002002	0	0	0	0	2	160	430500601	5	3003	0	0	0	0	0	0	203	100	1	500125202	500105202	500105502	500105206	500105506	1067	652	652	0	0	652	1304	0	0	1304	1956	0	0	1956	2608	0	0	2608	3260	0	0	3260	3912	0	0	3912	4564	0	0	4564	5216	9990	9990	5216	6520	10	10	6520	8300	0	0	1005	86	86	0	0	86	172	0	0	172	258	3000	690	258	344	6000	8000	344	430	1000	1000	430	516	0	100	516	602	0	100	602	688	0	100	688	860	0	10	860	1100	0	0	82410	82410	3
500125202	1	神・神赐水神气息	11	6	0	5161	9999	0	999	3	-1	0	0	0	70002003	0	0	0	0	2	160	430500601	5	3003	0	0	0	0	0	0	203	100	2	500125201	500105203	500105503	500105206	500105506	1070	652	652	0	0	652	1304	0	0	1304	1956	0	0	1956	2608	0	0	2608	3260	0	0	3260	3912	0	0	3912	4564	0	0	4564	5216	9990	9990	5216	6520	10	10	6520	8300	0	0	1005	86	86	0	0	86	172	0	0	172	258	3000	690	258	344	6000	8000	344	430	1000	1000	430	516	0	100	516	602	0	100	602	688	0	100	688	860	0	10	860	1100	0	0	82410	82410	3
500125203	1	神・神赐雷神气息	11	6	0	5161	9999	0	999	3	-1	0	0	0	70002002	0	0	0	0	2	160	430500601	5	3003	0	0	0	0	0	0	203	100	1	500125204	500105202	500105502	500105212	500105512	1067	652	652	0	0	652	1304	0	0	1304	1956	0	0	1956	2608	0	0	2608	3260	0	0	3260	3912	0	0	3912	4564	0	0	4564	5216	9990	9990	5216	6520	10	10	6520	8300	0	0	1011	86	86	0	0	86	172	0	0	172	258	3000	690	258	344	6000	8000	344	430	1000	1000	430	516	0	100	516	602	0	100	602	688	0	100	688	860	0	10	860	1100	0	0	82410	82410	3
500125204	1	神・神赐火神气息	11	6	0	5161	9999	0	999	3	-1	0	0	0	70002003	0	0	0	0	2	160	430500601	5	3003	0	0	0	0	0	0	203	100	2	500125203	500105203	500105503	500105212	500105512	1070	652	652	0	0	652	1304	0	0	1304	1956	0	0	1956	2608	0	0	2608	3260	0	0	3260	3912	0	0	3912	4564	0	0	4564	5216	9990	9990	5216	6520	10	10	6520	8300	0	0	1011	86	86	0	0	86	172	0	0	172	258	3000	690	258	344	6000	8000	344	430	1000	1000	430	516	0	100	516	602	0	100	602	688	0	100	688	860	0	10	860	1100	0	0	82410	82410	3
500125205	1	神・神赐炎魔气息	11	6	0	5161	9999	0	999	3	-1	0	0	0	70002002	0	0	0	0	2	160	430500601	5	3003	0	0	0	0	0	0	203	100	1	500125206	500105202	500105502	500105210	500105510	1067	652	652	0	0	652	1304	0	0	1304	1956	0	0	1956	2608	0	0	2608	3260	0	0	3260	3912	0	0	3912	4564	0	0	4564	5216	9990	9990	5216	6520	10	10	6520	8300	0	0	1074	86	86	0	0	86	172	0	0	172	258	3000	690	258	344	6000	8000	344	430	1000	1000	430	516	0	100	516	602	0	100	602	688	0	100	688	860	0	10	860	1100	0	0	82410	82410	3
500125206	1	神・神赐冰魅气息	11	6	0	5161	9999	0	999	3	-1	0	0	0	70002003	0	0	0	0	2	160	430500601	5	3003	0	0	0	0	0	0	203	100	2	500125205	500105203	500105503	500105210	500105510	1070	652	652	0	0	652	1304	0	0	1304	1956	0	0	1956	2608	0	0	2608	3260	0	0	3260	3912	0	0	3912	4564	0	0	4564	5216	9990	9990	5216	6520	10	10	6520	8300	0	0	1074	86	86	0	0	86	172	0	0	172	258	3000	690	258	344	6000	8000	344	430	1000	1000	430	516	0	100	516	602	0	100	602	688	0	100	688	860	0	10	860	1100	0	0	82410	82410	3
500125207	1	神・神赐血魔气息	11	6	0	5161	9999	0	999	3	-1	0	0	0	70002002	0	0	0	0	2	160	430500601	5	3003	0	0	0	0	0	0	203	100	1	500125208	500105202	500105502	500105208	500105508	1067	652	652	0	0	652	1304	0	0	1304	1956	0	0	1956	2608	0	0	2608	3260	0	0	3260	3912	0	0	3912	4564	0	0	4564	5216	9990	9990	5216	6520	10	10	6520	8300	0	0	1007	86	86	0	0	86	172	0	0	172	258	3000	690	258	344	6000	8000	344	430	1000	1000	430	516	0	100	516	602	0	100	602	688	0	100	688	860	0	10	860	1100	0	0	82410	82410	3
500125208	1	神・神赐梦魇气息	11	6	0	5161	9999	0	999	3	-1	0	0	0	70002003	0	0	0	0	2	160	430500601	5	3003	0	0	0	0	0	0	203	100	2	500125207	500105203	500105503	500105208	500105508	1070	652	652	0	0	652	1304	0	0	1304	1956	0	0	1956	2608	0	0	2608	3260	0	0	3260	3912	0	0	3912	4564	0	0	4564	5216	9990	9990	5216	6520	10	10	6520	8300	0	0	1007	86	86	0	0	86	172	0	0	172	258	3000	690	258	344	6000	8000	344	430	1000	1000	430	516	0	100	516	602	0	100	602	688	0	100	688	860	0	10	860	1100	0	0	82410	82410	3
500125209	1	神・神赐后羿祝福	12	6	0	5161	9999	0	999	3	-1	0	0	0	70002001	0	0	0	0	2	160	430500601	5	3003	0	0	0	0	0	0	203	100	0	0	500105204	500105504	500105207	500105507	1068	652	652	0	0	652	1304	0	0	1304	1956	0	0	1956	2608	0	0	2608	3260	0	0	3260	3912	0	0	3912	4564	0	0	4564	5216	9990	9990	5216	6520	10	10	6520	8300	0	0	1006	86	86	0	0	86	172	0	0	172	258	3000	690	258	344	6000	8000	344	430	1000	1000	430	516	0	100	516	602	0	100	602	688	0	100	688	860	0	10	860	1100	0	0	82410	82410	3
500125210	1	神・神赐蚩尤祝福	12	6	0	5161	9999	0	999	3	-1	0	0	0	70002001	0	0	0	0	2	160	430500601	5	3003	0	0	0	0	0	0	203	100	0	0	500105204	500105504	500105213	500105513	1068	652	652	0	0	652	1304	0	0	1304	1956	0	0	1956	2608	0	0	2608	3260	0	0	3260	3912	0	0	3912	4564	0	0	4564	5216	9990	9990	5216	6520	10	10	6520	8300	0	0	1010	86	86	0	0	86	172	0	0	172	258	3000	690	258	344	6000	8000	344	430	1000	1000	430	516	0	100	516	602	0	100	602	688	0	100	688	860	0	10	860	1100	0	0	82410	82410	3
500125211	1	神・神赐刑天祝福	12	6	0	5161	9999	0	999	3	-1	0	0	0	70002001	0	0	0	0	2	160	430500601	5	3003	0	0	0	0	0	0	203	100	0	0	500105205	500105505	500105207	500105507	1071	652	652	0	0	652	1304	0	0	1304	1956	0	0	1956	2608	0	0	2608	3260	0	0	3260	3912	0	0	3912	4564	0	0	4564	5216	9990	9990	5216	6520	10	10	6520	8300	0	0	1006	86	86	0	0	86	172	0	0	172	258	3000	690	258	344	6000	8000	344	430	1000	1000	430	516	0	100	516	602	0	100	602	688	0	100	688	860	0	10	860	1100	0	0	82410	82410	3
500125212	1	神・神赐黄帝祝福	12	6	0	5161	9999	0	999	3	-1	0	0	0	70002001	0	0	0	0	2	160	430500601	5	3003	0	0	0	0	0	0	203	100	0	0	500105205	500105505	500105213	500105513	1071	652	652	0	0	652	1304	0	0	1304	1956	0	0	1956	2608	0	0	2608	3260	0	0	3260	3912	0	0	3912	4564	0	0	4564	5216	9990	9990	5216	6520	10	10	6520	8300	0	0	1010	86	86	0	0	86	172	0	0	172	258	3000	690	258	344	6000	8000	344	430	1000	1000	430	516	0	100	516	602	0	100	602	688	0	100	688	860	0	10	860	1100	0	0	82410	82410	3
500125213	1	神・神赐神农之心	10	6	0	5161	9999	0	999	3	-1	0	0	0	70002001	0	0	0	0	2	160	430500601	5	3003	0	0	0	0	0	0	203	100	0	0	500105201	500105501	500105207	500105507	1072	8878	8878	0	0	8878	17756	0	0	17756	26634	0	0	26634	35512	0	0	35512	44390	0	0	44390	53268	0	0	53268	62146	0	0	62146	71024	9990	9990	71024	88780	10	10	88780	113000	0	0	1006	86	86	0	0	86	172	0	0	172	258	3000	690	258	344	6000	8000	344	430	1000	1000	430	516	0	100	516	602	0	100	602	688	0	100	688	860	0	10	860	1100	0	0	82410	82410	3
500125214	1	神・神赐帝尧之心	10	6	0	5161	9999	0	999	3	-1	0	0	0	70002001	0	0	0	0	2	160	430500601	5	3003	0	0	0	0	0	0	203	100	0	0	500105201	500105501	500105213	500105513	1072	8878	8878	0	0	8878	17756	0	0	17756	26634	0	0	26634	35512	0	0	35512	44390	0	0	44390	53268	0	0	53268	62146	0	0	62146	71024	9990	9990	71024	88780	10	10	88780	113000	0	0	1010	86	86	0	0	86	172	0	0	172	258	3000	690	258	344	6000	8000	344	430	1000	1000	430	516	0	100	516	602	0	100	602	688	0	100	688	860	0	10	860	1100	0	0	82410	82410	3
500125215	1	神・神赐白帝之心	10	6	0	5161	9999	0	999	3	-1	0	0	0	70002001	0	0	0	0	2	160	430500601	5	3003	0	0	0	0	0	0	203	100	0	0	500105201	500105501	500105211	500105511	1072	8878	8878	0	0	8878	17756	0	0	17756	26634	0	0	26634	35512	0	0	35512	44390	0	0	44390	53268	0	0	53268	62146	0	0	62146	71024	9990	9990	71024	88780	10	10	88780	113000	0	0	1075	86	86	0	0	86	172	0	0	172	258	3000	690	258	344	6000	8000	344	430	1000	1000	430	516	0	100	516	602	0	100	602	688	0	100	688	860	0	10	860	1100	0	0	82410	82410	3
500125216	1	神・神赐神魔之心	10	6	0	5161	9999	0	999	3	-1	0	0	0	70002001	0	0	0	0	2	160	430500601	5	3003	0	0	0	0	0	0	203	100	0	0	500105201	500105501	500105209	500105509	1072	8878	8878	0	0	8878	17756	0	0	17756	26634	0	0	26634	35512	0	0	35512	44390	0	0	44390	53268	0	0	53268	62146	0	0	62146	71024	9990	9990	71024	88780	10	10	88780	113000	0	0	1008	86	86	0	0	86	172	0	0	172	258	3000	690	258	344	6000	8000	344	430	1000	1000	430	516	0	100	516	602	0	100	602	688	0	100	688	860	0	10	860	1100	0	0	82410	82410	3
