奖励ID（抽奖表要保持连贯性，中间不要出现有效值为0或者中断跳字的情况，活动ID参数不是主键，要注意参数ID不同的奖励ID不能相同――会导致前面参数的数据被服务器读取跳过，最多到256）	所属境界	抽奖档次(4幸运抽奖，该表不用1、2、3，幸运抽奖专用)	有效标志	活动ID参数	出现几率（低价档）	出现几率（中价档随机3个）	出现几率（高价档随机1个）	获得几率	第1次重抽	第2~5次重抽	第6次及以上重抽	奖励类型（1货币，2道具）	奖励物品ID(货币枚举：1感悟，2军功，3威望，4荣誉，5贡献，6体力，7神识，8学分，200经验,201星辉，202金币，203绑金，204元宝，205绑元)	奖励数量	奖励倍数	奖励参数	触发事件	最多出现次数（注意这个次数是低、中、高三档共用的，如果某个东西三档里都有，而次数都出现在低价档里了，那另外两档就都随不到他了）	状态限制	是否广播	时间限制（时间限制ID，主要和活动关联决定这个玩家能不能出现在奖池里的）	是否高价值（大于0有特效，大于2在奖池中显示，数值越大则排序越靠前）	次数限制ID	底图颜色
[C][S]id	[C][S]realm	[C][S]type	valid	[S]parameter	[C][S]odds_show_lowprice	[C][S]odds_show_midprice	[C][S]odds_show_highprice	[C][S]odds_get	[C][S]odds_again_one	[C][S]odds_again_two	[C][S]odds_again_more	[C][S]mode_item	[C][S]id_item	[C][S]number_item	[C][S]multiple_item	[C][S]param	[C][S]script	[C][S]max_time	[C][S]state_limit	[C][S]brocast	[C][S]time_limit	[C][S]valued	[C][S]num_limit	[C]quality
1	0	4	1	1	1000	0	0	1700	1700	1700	1700	2	401500101	3	1	0	0	2	0	0	0	0	0	0
1	1	4	1	1	1000	0	0	1700	1700	1700	1700	2	401500101	3	1	0	0	2	0	0	0	0	0	0
1	2	4	1	1	1000	0	0	1700	1700	1700	1700	2	401500101	3	1	0	0	2	0	0	0	0	0	0
1	3	4	1	1	1000	0	0	1700	1700	1700	1700	2	401500101	3	1	0	0	2	0	0	0	0	0	0
1	4	4	1	1	1000	0	0	1700	1700	1700	1700	2	401500101	3	1	0	0	2	0	0	0	0	0	0
1	5	4	1	1	1000	0	0	1700	1700	1700	1700	2	401500102	3	1	0	0	2	0	0	0	0	0	0
1	6	4	1	1	1000	0	0	1700	1700	1700	1700	2	401500102	3	1	0	0	2	0	0	0	0	0	0
1	7	4	1	1	1000	0	0	1700	1700	1700	1700	2	401500102	3	1	0	0	2	0	0	0	0	0	0
1	8	4	1	1	1000	0	0	1700	1700	1700	1700	2	401500103	3	1	0	0	2	0	0	0	0	0	0
1	9	4	1	1	1000	0	0	1700	1700	1700	1700	2	401500103	3	1	0	0	2	0	0	0	0	0	0
1	10	4	1	1	1000	0	0	1700	1700	1700	1700	2	401500103	3	1	0	0	2	0	0	0	0	0	0
1	11	4	1	1	1000	0	0	1700	1700	1700	1700	2	401500104	3	1	0	0	2	0	0	0	0	0	0
1	12	4	1	1	1000	0	0	1700	1700	1700	1700	2	401500104	3	1	0	0	2	0	0	0	0	0	0
1	13	4	1	1	1000	0	0	1700	1700	1700	1700	2	401500104	3	1	0	0	2	0	0	0	0	0	0
1	14	4	1	1	1000	0	0	1700	1700	1700	1700	2	401500105	3	1	0	0	2	0	0	0	0	0	0
1	15	4	1	1	1000	0	0	1700	1700	1700	1700	2	401500105	3	1	0	0	2	0	0	0	0	0	0
1	16	4	1	1	1000	0	0	1700	1700	1700	1700	2	401500105	3	1	0	0	2	0	0	0	0	0	0
1	17	4	1	1	1000	0	0	1700	1700	1700	1700	2	401500106	3	1	0	0	2	0	0	0	0	0	0
1	18	4	1	1	1000	0	0	1700	1700	1700	1700	2	401500106	3	1	0	0	2	0	0	0	0	0	0
1	19	4	1	1	1000	0	0	1700	1700	1700	1700	2	401500106	3	1	0	0	2	0	0	0	0	0	0
1	20	4	1	1	1000	0	0	1700	1700	1700	1700	2	401500107	3	1	0	0	2	0	0	0	0	0	0
1	21	4	1	1	1000	0	0	1700	1700	1700	1700	2	401500107	3	1	0	0	2	0	0	0	0	0	0
1	22	4	1	1	1000	0	0	1700	1700	1700	1700	2	401500107	3	1	0	0	2	0	0	0	0	0	0
1	23	4	1	1	1000	0	0	1700	1700	1700	1700	2	401500108	3	1	0	0	2	0	0	0	0	0	0
1	24	4	1	1	1000	0	0	1700	1700	1700	1700	2	401500108	3	1	0	0	2	0	0	0	0	0	0
1	25	4	1	1	1000	0	0	1700	1700	1700	1700	2	401500108	3	1	0	0	2	0	0	0	0	0	0
2	0	4	1	1	1000	0	0	1800	1800	1800	1800	2	410400001	15	1	0	0	1	0	0	0	0	0	0
2	1	4	1	1	1000	0	0	1800	1800	1800	1800	2	410400001	15	1	0	0	1	0	0	0	0	0	0
2	2	4	1	1	1000	0	0	1800	1800	1800	1800	2	410400001	15	1	0	0	1	0	0	0	0	0	0
2	3	4	1	1	1000	0	0	1800	1800	1800	1800	2	410400001	15	1	0	0	1	0	0	0	0	0	0
2	4	4	1	1	1000	0	0	1800	1800	1800	1800	2	410400001	15	1	0	0	1	0	0	0	0	0	0
2	5	4	1	1	1000	0	0	1800	1800	1800	1800	2	410400001	15	1	0	0	1	0	0	0	0	0	0
2	6	4	1	1	1000	0	0	1800	1800	1800	1800	2	410400001	15	1	0	0	1	0	0	0	0	0	0
2	7	4	1	1	1000	0	0	1800	1800	1800	1800	2	410400001	15	1	0	0	1	0	0	0	0	0	0
2	8	4	1	1	1000	0	0	1800	1800	1800	1800	2	410400001	15	1	0	0	1	0	0	0	0	0	0
2	9	4	1	1	1000	0	0	1800	1800	1800	1800	2	410400001	15	1	0	0	1	0	0	0	0	0	0
2	10	4	1	1	1000	0	0	1800	1800	1800	1800	2	410400001	15	1	0	0	1	0	0	0	0	0	0
2	11	4	1	1	1000	0	0	1800	1800	1800	1800	2	410400001	15	1	0	0	1	0	0	0	0	0	0
2	12	4	1	1	1000	0	0	1800	1800	1800	1800	2	410400001	15	1	0	0	1	0	0	0	0	0	0
2	13	4	1	1	1000	0	0	1800	1800	1800	1800	2	410400001	15	1	0	0	1	0	0	0	0	0	0
2	14	4	1	1	1000	0	0	1800	1800	1800	1800	2	410400001	15	1	0	0	1	0	0	0	0	0	0
2	15	4	1	1	1000	0	0	1800	1800	1800	1800	2	410400001	15	1	0	0	1	0	0	0	0	0	0
2	16	4	1	1	1000	0	0	1800	1800	1800	1800	2	410400001	15	1	0	0	1	0	0	0	0	0	0
2	17	4	1	1	1000	0	0	1800	1800	1800	1800	2	410400001	15	1	0	0	1	0	0	0	0	0	0
2	18	4	1	1	1000	0	0	1800	1800	1800	1800	2	410400001	15	1	0	0	1	0	0	0	0	0	0
2	19	4	1	1	1000	0	0	1800	1800	1800	1800	2	410400001	15	1	0	0	1	0	0	0	0	0	0
2	20	4	1	1	1000	0	0	1800	1800	1800	1800	2	410400001	15	1	0	0	1	0	0	0	0	0	0
2	21	4	1	1	1000	0	0	1800	1800	1800	1800	2	410400001	15	1	0	0	1	0	0	0	0	0	0
2	22	4	1	1	1000	0	0	1800	1800	1800	1800	2	410400001	15	1	0	0	1	0	0	0	0	0	0
2	23	4	1	1	1000	0	0	1800	1800	1800	1800	2	410400001	15	1	0	0	1	0	0	0	0	0	0
2	24	4	1	1	1000	0	0	1800	1800	1800	1800	2	410400001	15	1	0	0	1	0	0	0	0	0	0
2	25	4	1	1	1000	0	0	1800	1800	1800	1800	2	410400001	15	1	0	0	1	0	0	0	0	0	0
3	0	4	1	1	1000	0	0	1600	1600	1600	1600	2	324200501	1	1	0	0	1	0	0	0	0	0	0
3	1	4	1	1	1000	0	0	1600	1600	1600	1600	2	324200501	1	1	0	0	1	0	0	0	0	0	0
3	2	4	1	1	1000	0	0	1600	1600	1600	1600	2	324200501	1	1	0	0	1	0	0	0	0	0	0
3	3	4	1	1	1000	0	0	1600	1600	1600	1600	2	324200501	1	1	0	0	1	0	0	0	0	0	0
3	4	4	1	1	1000	0	0	1600	1600	1600	1600	2	324200501	1	1	0	0	1	0	0	0	0	0	0
3	5	4	1	1	1000	0	0	1600	1600	1600	1600	2	324200501	1	1	0	0	1	0	0	0	0	0	0
3	6	4	1	1	1000	0	0	1600	1600	1600	1600	2	324200501	1	1	0	0	1	0	0	0	0	0	0
3	7	4	1	1	1000	0	0	1600	1600	1600	1600	2	324200501	1	1	0	0	1	0	0	0	0	0	0
3	8	4	1	1	1000	0	0	1600	1600	1600	1600	2	324200504	1	1	0	0	1	0	0	0	0	0	0
3	9	4	1	1	1000	0	0	1600	1600	1600	1600	2	324200504	1	1	0	0	1	0	0	0	0	0	0
3	10	4	1	1	1000	0	0	1600	1600	1600	1600	2	324200504	1	1	0	0	1	0	0	0	0	0	0
3	11	4	1	1	1000	0	0	1600	1600	1600	1600	2	324200504	1	1	0	0	1	0	0	0	0	0	0
3	12	4	1	1	1000	0	0	1600	1600	1600	1600	2	324200504	1	1	0	0	1	0	0	0	0	0	0
3	13	4	1	1	1000	0	0	1600	1600	1600	1600	2	324200504	1	1	0	0	1	0	0	0	0	0	0
3	14	4	1	1	1000	0	0	1600	1600	1600	1600	2	324200506	1	1	0	0	1	0	0	0	0	0	0
3	15	4	1	1	1000	0	0	1600	1600	1600	1600	2	324200506	1	1	0	0	1	0	0	0	0	0	0
3	16	4	1	1	1000	0	0	1600	1600	1600	1600	2	324200506	1	1	0	0	1	0	0	0	0	0	0
3	17	4	1	1	1000	0	0	1600	1600	1600	1600	2	324200506	1	1	0	0	1	0	0	0	0	0	0
3	18	4	1	1	1000	0	0	1600	1600	1600	1600	2	324200506	1	1	0	0	1	0	0	0	0	0	0
3	19	4	1	1	1000	0	0	1600	1600	1600	1600	2	324200506	1	1	0	0	1	0	0	0	0	0	0
3	20	4	1	1	1000	0	0	1600	1600	1600	1600	2	324200508	1	1	0	0	1	0	0	0	0	0	0
3	21	4	1	1	1000	0	0	1600	1600	1600	1600	2	324200508	1	1	0	0	1	0	0	0	0	0	0
3	22	4	1	1	1000	0	0	1600	1600	1600	1600	2	324200508	1	1	0	0	1	0	0	0	0	0	0
3	23	4	1	1	1000	0	0	1600	1600	1600	1600	2	324200508	1	1	0	0	1	0	0	0	0	0	0
3	24	4	1	1	1000	0	0	1600	1600	1600	1600	2	324200508	1	1	0	0	1	0	0	0	0	0	0
3	25	4	1	1	1000	0	0	1600	1600	1600	1600	2	324200508	1	1	0	0	1	0	0	0	0	0	0
4	0	4	1	1	1000	0	0	1600	1600	1600	1600	2	402510002	5	1	0	0	2	0	0	0	0	0	0
4	1	4	1	1	1000	0	0	1600	1600	1600	1600	2	402510002	5	1	0	0	2	0	0	0	0	0	0
4	2	4	1	1	1000	0	0	1600	1600	1600	1600	2	402510002	5	1	0	0	2	0	0	0	0	0	0
4	3	4	1	1	1000	0	0	1600	1600	1600	1600	2	402510002	5	1	0	0	2	0	0	0	0	0	0
4	4	4	1	1	1000	0	0	1600	1600	1600	1600	2	402510002	5	1	0	0	2	0	0	0	0	0	0
4	5	4	1	1	1000	0	0	1600	1600	1600	1600	2	402510003	5	1	0	0	2	0	0	0	0	0	0
4	6	4	1	1	1000	0	0	1600	1600	1600	1600	2	402510003	5	1	0	0	2	0	0	0	0	0	0
4	7	4	1	1	1000	0	0	1600	1600	1600	1600	2	402510003	5	1	0	0	2	0	0	0	0	0	0
4	8	4	1	1	1000	0	0	1600	1600	1600	1600	2	402510004	5	1	0	0	2	0	0	0	0	0	0
4	9	4	1	1	1000	0	0	1600	1600	1600	1600	2	402510004	5	1	0	0	2	0	0	0	0	0	0
4	10	4	1	1	1000	0	0	1600	1600	1600	1600	2	402510004	5	1	0	0	2	0	0	0	0	0	0
4	11	4	1	1	1000	0	0	1600	1600	1600	1600	2	402510005	5	1	0	0	2	0	0	0	0	0	0
4	12	4	1	1	1000	0	0	1600	1600	1600	1600	2	402510005	5	1	0	0	2	0	0	0	0	0	0
4	13	4	1	1	1000	0	0	1600	1600	1600	1600	2	402510005	5	1	0	0	2	0	0	0	0	0	0
4	14	4	1	1	1000	0	0	1600	1600	1600	1600	2	402510006	5	1	0	0	2	0	0	0	0	0	0
4	15	4	1	1	1000	0	0	1600	1600	1600	1600	2	402510006	5	1	0	0	2	0	0	0	0	0	0
4	16	4	1	1	1000	0	0	1600	1600	1600	1600	2	402510006	5	1	0	0	2	0	0	0	0	0	0
4	17	4	1	1	1000	0	0	1600	1600	1600	1600	2	402510007	5	1	0	0	2	0	0	0	0	0	0
4	18	4	1	1	1000	0	0	1600	1600	1600	1600	2	402510007	5	1	0	0	2	0	0	0	0	0	0
4	19	4	1	1	1000	0	0	1600	1600	1600	1600	2	402510007	5	1	0	0	2	0	0	0	0	0	0
4	20	4	1	1	1000	0	0	1600	1600	1600	1600	2	402510008	5	1	0	0	2	0	0	0	0	0	0
4	21	4	1	1	1000	0	0	1600	1600	1600	1600	2	402510008	5	1	0	0	2	0	0	0	0	0	0
4	22	4	1	1	1000	0	0	1600	1600	1600	1600	2	402510008	5	1	0	0	2	0	0	0	0	0	0
4	23	4	1	1	1000	0	0	1600	1600	1600	1600	2	402510009	5	1	0	0	2	0	0	0	0	0	0
4	24	4	1	1	1000	0	0	1600	1600	1600	1600	2	402510009	5	1	0	0	2	0	0	0	0	0	0
4	25	4	1	1	1000	0	0	1600	1600	1600	1600	2	402510009	5	1	0	0	2	0	0	0	0	0	0
5	0	4	1	1	1000	0	0	1700	1700	1700	1700	2	422190200	1	1	0	0	2	0	0	0	0	0	0
5	1	4	1	1	1000	0	0	1700	1700	1700	1700	2	422190200	1	1	0	0	2	0	0	0	0	0	0
5	2	4	1	1	1000	0	0	1700	1700	1700	1700	2	422190200	1	1	0	0	2	0	0	0	0	0	0
5	3	4	1	1	1000	0	0	1700	1700	1700	1700	2	422190200	1	1	0	0	2	0	0	0	0	0	0
5	4	4	1	1	1000	0	0	1700	1700	1700	1700	2	422190200	1	1	0	0	2	0	0	0	0	0	0
5	5	4	1	1	1000	0	0	1700	1700	1700	1700	2	422190200	1	1	0	0	2	0	0	0	0	0	0
5	6	4	1	1	1000	0	0	1700	1700	1700	1700	2	422190200	1	1	0	0	2	0	0	0	0	0	0
5	7	4	1	1	1000	0	0	1700	1700	1700	1700	2	422190200	1	1	0	0	2	0	0	0	0	0	0
5	8	4	1	1	1000	0	0	1700	1700	1700	1700	2	422190200	1	1	0	0	2	0	0	0	0	0	0
5	9	4	1	1	1000	0	0	1700	1700	1700	1700	2	422190200	1	1	0	0	2	0	0	0	0	0	0
5	10	4	1	1	1000	0	0	1700	1700	1700	1700	2	422190200	1	1	0	0	2	0	0	0	0	0	0
5	11	4	1	1	1000	0	0	1700	1700	1700	1700	2	422190200	1	1	0	0	2	0	0	0	0	0	0
5	12	4	1	1	1000	0	0	1700	1700	1700	1700	2	422190200	1	1	0	0	2	0	0	0	0	0	0
5	13	4	1	1	1000	0	0	1700	1700	1700	1700	2	422190200	1	1	0	0	2	0	0	0	0	0	0
5	14	4	1	1	1000	0	0	1700	1700	1700	1700	2	422190200	1	1	0	0	2	0	0	0	0	0	0
5	15	4	1	1	1000	0	0	1700	1700	1700	1700	2	422190200	1	1	0	0	2	0	0	0	0	0	0
5	16	4	1	1	1000	0	0	1700	1700	1700	1700	2	422190200	1	1	0	0	2	0	0	0	0	0	0
5	17	4	1	1	1000	0	0	1700	1700	1700	1700	2	422190200	1	1	0	0	2	0	0	0	0	0	0
5	18	4	1	1	1000	0	0	1700	1700	1700	1700	2	422190200	1	1	0	0	2	0	0	0	0	0	0
5	19	4	1	1	1000	0	0	1700	1700	1700	1700	2	422190200	1	1	0	0	2	0	0	0	0	0	0
5	20	4	1	1	1000	0	0	1700	1700	1700	1700	2	422190200	1	1	0	0	2	0	0	0	0	0	0
5	21	4	1	1	1000	0	0	1700	1700	1700	1700	2	422190200	1	1	0	0	2	0	0	0	0	0	0
5	22	4	1	1	1000	0	0	1700	1700	1700	1700	2	422190200	1	1	0	0	2	0	0	0	0	0	0
5	23	4	1	1	1000	0	0	1700	1700	1700	1700	2	422190200	1	1	0	0	2	0	0	0	0	0	0
5	24	4	1	1	1000	0	0	1700	1700	1700	1700	2	422190200	1	1	0	0	2	0	0	0	0	0	0
5	25	4	1	1	1000	0	0	1700	1700	1700	1700	2	422190200	1	1	0	0	2	0	0	0	0	0	0
6	0	4	1	1	0	1000	0	360	360	360	360	2	310255433	1	1	0	0	1	0	1	0	1	0	4
6	1	4	1	1	0	1000	0	360	360	360	360	2	310255433	1	1	0	0	1	0	1	0	1	0	4
6	2	4	1	1	0	1000	0	360	360	360	360	2	310255433	1	1	0	0	1	0	1	0	1	0	4
6	3	4	1	1	0	1000	0	360	360	360	360	2	310255433	1	1	0	0	1	0	1	0	1	0	4
6	4	4	1	1	0	1000	0	360	360	360	360	2	310255433	1	1	0	0	1	0	1	0	1	0	4
6	5	4	1	1	0	1000	0	360	360	360	360	2	310255434	1	1	0	0	1	0	1	0	1	0	4
6	6	4	1	1	0	1000	0	360	360	360	360	2	310255434	1	1	0	0	1	0	1	0	1	0	4
6	7	4	1	1	0	1000	0	360	360	360	360	2	310255434	1	1	0	0	1	0	1	0	1	0	4
6	8	4	1	1	0	1000	0	360	360	360	360	2	310255435	1	1	0	0	1	0	1	0	1	0	4
6	9	4	1	1	0	1000	0	360	360	360	360	2	310255435	1	1	0	0	1	0	1	0	1	0	4
6	10	4	1	1	0	1000	0	360	360	360	360	2	310255435	1	1	0	0	1	0	1	0	1	0	4
6	11	4	1	1	0	1000	0	360	360	360	360	2	310255436	1	1	0	0	1	0	1	0	1	0	4
6	12	4	1	1	0	1000	0	360	360	360	360	2	310255436	1	1	0	0	1	0	1	0	1	0	4
6	13	4	1	1	0	1000	0	360	360	360	360	2	310255436	1	1	0	0	1	0	1	0	1	0	4
6	14	4	1	1	0	1000	0	360	360	360	360	2	310255437	1	1	0	0	1	0	1	0	1	0	4
6	15	4	1	1	0	1000	0	360	360	360	360	2	310255437	1	1	0	0	1	0	1	0	1	0	4
6	16	4	1	1	0	1000	0	360	360	360	360	2	310255437	1	1	0	0	1	0	1	0	1	0	4
6	17	4	1	1	0	1000	0	360	360	360	360	2	310255438	1	1	0	0	1	0	1	0	1	0	4
6	18	4	1	1	0	1000	0	360	360	360	360	2	310255438	1	1	0	0	1	0	1	0	1	0	4
6	19	4	1	1	0	1000	0	360	360	360	360	2	310255438	1	1	0	0	1	0	1	0	1	0	4
6	20	4	1	1	0	1000	0	360	360	360	360	2	310255439	1	1	0	0	1	0	1	0	1	0	4
6	21	4	1	1	0	1000	0	360	360	360	360	2	310255439	1	1	0	0	1	0	1	0	1	0	4
6	22	4	1	1	0	1000	0	360	360	360	360	2	310255439	1	1	0	0	1	0	1	0	1	0	4
6	23	4	1	1	0	1000	0	360	360	360	360	2	310255440	1	1	0	0	1	0	1	0	1	0	4
6	24	4	1	1	0	1000	0	360	360	360	360	2	310255440	1	1	0	0	1	0	1	0	1	0	4
6	25	4	1	1	0	1000	0	360	360	360	360	2	310255440	1	1	0	0	1	0	1	0	1	0	4
7	0	4	1	1	0	1000	0	100	100	100	100	2	310255449	1	1	0	0	1	0	1	0	1	0	4
7	1	4	1	1	0	1000	0	100	100	100	100	2	310255449	1	1	0	0	1	0	1	0	1	0	4
7	2	4	1	1	0	1000	0	100	100	100	100	2	310255449	1	1	0	0	1	0	1	0	1	0	4
7	3	4	1	1	0	1000	0	100	100	100	100	2	310255449	1	1	0	0	1	0	1	0	1	0	4
7	4	4	1	1	0	1000	0	100	100	100	100	2	310255449	1	1	0	0	1	0	1	0	1	0	4
7	5	4	1	1	0	1000	0	100	100	100	100	2	310255450	1	1	0	0	1	0	1	0	1	0	4
7	6	4	1	1	0	1000	0	100	100	100	100	2	310255450	1	1	0	0	1	0	1	0	1	0	4
7	7	4	1	1	0	1000	0	100	100	100	100	2	310255450	1	1	0	0	1	0	1	0	1	0	4
7	8	4	1	1	0	1000	0	100	100	100	100	2	310255451	1	1	0	0	1	0	1	0	1	0	4
7	9	4	1	1	0	1000	0	100	100	100	100	2	310255451	1	1	0	0	1	0	1	0	1	0	4
7	10	4	1	1	0	1000	0	100	100	100	100	2	310255451	1	1	0	0	1	0	1	0	1	0	4
7	11	4	1	1	0	1000	0	100	100	100	100	2	310255452	1	1	0	0	1	0	1	0	1	0	4
7	12	4	1	1	0	1000	0	100	100	100	100	2	310255452	1	1	0	0	1	0	1	0	1	0	4
7	13	4	1	1	0	1000	0	100	100	100	100	2	310255452	1	1	0	0	1	0	1	0	1	0	4
7	14	4	1	1	0	1000	0	100	100	100	100	2	310255453	1	1	0	0	1	0	1	0	1	0	4
7	15	4	1	1	0	1000	0	100	100	100	100	2	310255453	1	1	0	0	1	0	1	0	1	0	4
7	16	4	1	1	0	1000	0	100	100	100	100	2	310255453	1	1	0	0	1	0	1	0	1	0	4
7	17	4	1	1	0	1000	0	100	100	100	100	2	310255454	1	1	0	0	1	0	1	0	1	0	4
7	18	4	1	1	0	1000	0	100	100	100	100	2	310255454	1	1	0	0	1	0	1	0	1	0	4
7	19	4	1	1	0	1000	0	100	100	100	100	2	310255454	1	1	0	0	1	0	1	0	1	0	4
7	20	4	1	1	0	1000	0	100	100	100	100	2	310255455	1	1	0	0	1	0	1	0	1	0	4
7	21	4	1	1	0	1000	0	100	100	100	100	2	310255455	1	1	0	0	1	0	1	0	1	0	4
7	22	4	1	1	0	1000	0	100	100	100	100	2	310255455	1	1	0	0	1	0	1	0	1	0	4
7	23	4	1	1	0	1000	0	100	100	100	100	2	310255456	1	1	0	0	1	0	1	0	1	0	4
7	24	4	1	1	0	1000	0	100	100	100	100	2	310255456	1	1	0	0	1	0	1	0	1	0	4
7	25	4	1	1	0	1000	0	100	100	100	100	2	310255456	1	1	0	0	1	0	1	0	1	0	4
8	0	4	1	1	0	1000	0	1130	1130	1130	1130	2	410200100	1	1	0	0	1	0	1	0	1	0	4
8	1	4	1	1	0	1000	0	1130	1130	1130	1130	2	410200100	1	1	0	0	1	0	1	0	1	0	4
8	2	4	1	1	0	1000	0	1130	1130	1130	1130	2	410200100	1	1	0	0	1	0	1	0	1	0	4
8	3	4	1	1	0	1000	0	1130	1130	1130	1130	2	410200100	1	1	0	0	1	0	1	0	1	0	4
8	4	4	1	1	0	1000	0	1130	1130	1130	1130	2	410200100	1	1	0	0	1	0	1	0	1	0	4
8	5	4	1	1	0	1000	0	1130	1130	1130	1130	2	410200100	1	1	0	0	1	0	1	0	1	0	4
8	6	4	1	1	0	1000	0	1130	1130	1130	1130	2	410200100	1	1	0	0	1	0	1	0	1	0	4
8	7	4	1	1	0	1000	0	1130	1130	1130	1130	2	410200100	1	1	0	0	1	0	1	0	1	0	4
8	8	4	1	1	0	1000	0	1130	1130	1130	1130	2	410200100	1	1	0	0	1	0	1	0	1	0	4
8	9	4	1	1	0	1000	0	1130	1130	1130	1130	2	410200100	1	1	0	0	1	0	1	0	1	0	4
8	10	4	1	1	0	1000	0	1130	1130	1130	1130	2	410200100	1	1	0	0	1	0	1	0	1	0	4
8	11	4	1	1	0	1000	0	1130	1130	1130	1130	2	410200100	1	1	0	0	1	0	1	0	1	0	4
8	12	4	1	1	0	1000	0	1130	1130	1130	1130	2	410200100	1	1	0	0	1	0	1	0	1	0	4
8	13	4	1	1	0	1000	0	1130	1130	1130	1130	2	410200100	1	1	0	0	1	0	1	0	1	0	4
8	14	4	1	1	0	1000	0	1130	1130	1130	1130	2	410200100	1	1	0	0	1	0	1	0	1	0	4
8	15	4	1	1	0	1000	0	1130	1130	1130	1130	2	410200100	1	1	0	0	1	0	1	0	1	0	4
8	16	4	1	1	0	1000	0	1130	1130	1130	1130	2	410200100	1	1	0	0	1	0	1	0	1	0	4
8	17	4	1	1	0	1000	0	1130	1130	1130	1130	2	410200100	1	1	0	0	1	0	1	0	1	0	4
8	18	4	1	1	0	1000	0	1130	1130	1130	1130	2	410200100	1	1	0	0	1	0	1	0	1	0	4
8	19	4	1	1	0	1000	0	1130	1130	1130	1130	2	410200100	1	1	0	0	1	0	1	0	1	0	4
8	20	4	1	1	0	1000	0	1130	1130	1130	1130	2	410200100	1	1	0	0	1	0	1	0	1	0	4
8	21	4	1	1	0	1000	0	1130	1130	1130	1130	2	410200100	1	1	0	0	1	0	1	0	1	0	4
8	22	4	1	1	0	1000	0	1130	1130	1130	1130	2	410200100	1	1	0	0	1	0	1	0	1	0	4
8	23	4	1	1	0	1000	0	1130	1130	1130	1130	2	410200100	1	1	0	0	1	0	1	0	1	0	4
8	24	4	1	1	0	1000	0	1130	1130	1130	1130	2	410200100	1	1	0	0	1	0	1	0	1	0	4
8	25	4	1	1	0	1000	0	1130	1130	1130	1130	2	410200100	1	1	0	0	1	0	1	0	1	0	4
9	0	4	1	1	0	0	1000	10	10	10	10	2	310270129	1	1	0	0	1	0	1	0	2	0	6
9	1	4	1	1	0	0	1000	10	10	10	10	2	310270129	1	1	0	0	1	0	1	0	2	0	6
9	2	4	1	1	0	0	1000	10	10	10	10	2	310270129	1	1	0	0	1	0	1	0	2	0	6
9	3	4	1	1	0	0	1000	10	10	10	10	2	310270129	1	1	0	0	1	0	1	0	2	0	6
9	4	4	1	1	0	0	1000	10	10	10	10	2	310270129	1	1	0	0	1	0	1	0	2	0	6
9	5	4	1	1	0	0	1000	10	10	10	10	2	310270129	1	1	0	0	1	0	1	0	2	0	6
9	6	4	1	1	0	0	1000	10	10	10	10	2	310270129	1	1	0	0	1	0	1	0	2	0	6
9	7	4	1	1	0	0	1000	10	10	10	10	2	310270129	1	1	0	0	1	0	1	0	2	0	6
9	8	4	1	1	0	0	1000	10	10	10	10	2	310270129	1	1	0	0	1	0	1	0	2	0	6
9	9	4	1	1	0	0	1000	10	10	10	10	2	310270129	1	1	0	0	1	0	1	0	2	0	6
9	10	4	1	1	0	0	1000	10	10	10	10	2	310270129	1	1	0	0	1	0	1	0	2	0	6
9	11	4	1	1	0	0	1000	10	10	10	10	2	310270129	1	1	0	0	1	0	1	0	2	0	6
9	12	4	1	1	0	0	1000	10	10	10	10	2	310270129	1	1	0	0	1	0	1	0	2	0	6
9	13	4	1	1	0	0	1000	10	10	10	10	2	310270129	1	1	0	0	1	0	1	0	2	0	6
9	14	4	1	1	0	0	1000	10	10	10	10	2	310270129	1	1	0	0	1	0	1	0	2	0	6
9	15	4	1	1	0	0	1000	10	10	10	10	2	310270129	1	1	0	0	1	0	1	0	2	0	6
9	16	4	1	1	0	0	1000	10	10	10	10	2	310270129	1	1	0	0	1	0	1	0	2	0	6
9	17	4	1	1	0	0	1000	10	10	10	10	2	310270129	1	1	0	0	1	0	1	0	2	0	6
9	18	4	1	1	0	0	1000	10	10	10	10	2	310270129	1	1	0	0	1	0	1	0	2	0	6
9	19	4	1	1	0	0	1000	10	10	10	10	2	310270129	1	1	0	0	1	0	1	0	2	0	6
9	20	4	1	1	0	0	1000	10	10	10	10	2	310270129	1	1	0	0	1	0	1	0	2	0	6
9	21	4	1	1	0	0	1000	10	10	10	10	2	310270129	1	1	0	0	1	0	1	0	2	0	6
9	22	4	1	1	0	0	1000	10	10	10	10	2	310270129	1	1	0	0	1	0	1	0	2	0	6
9	23	4	1	1	0	0	1000	10	10	10	10	2	310270129	1	1	0	0	1	0	1	0	2	0	6
9	24	4	1	1	0	0	1000	10	10	10	10	2	310270129	1	1	0	0	1	0	1	0	2	0	6
9	25	4	1	1	0	0	1000	10	10	10	10	2	310270129	1	1	0	0	1	0	1	0	2	0	6
10	0	4	1	1	0	0	0	0	0	0	0	2	400400100	1	1	0	0	1	0	1	0	1	0	4
10	1	4	1	1	0	0	0	0	0	0	0	2	400400100	1	1	0	0	1	0	1	0	1	0	4
10	2	4	1	1	0	0	0	0	0	0	0	2	400400100	1	1	0	0	1	0	1	0	1	0	4
10	3	4	1	1	0	0	0	0	0	0	0	2	400400100	1	1	0	0	1	0	1	0	1	0	4
10	4	4	1	1	0	0	0	0	0	0	0	2	400400100	1	1	0	0	1	0	1	0	1	0	4
10	5	4	1	1	0	0	0	0	0	0	0	2	400400100	1	1	0	0	1	0	1	0	1	0	4
10	6	4	1	1	0	0	0	0	0	0	0	2	400400100	1	1	0	0	1	0	1	0	1	0	4
10	7	4	1	1	0	0	0	0	0	0	0	2	400400100	1	1	0	0	1	0	1	0	1	0	4
10	8	4	1	1	0	0	0	0	0	0	0	2	400400100	1	1	0	0	1	0	1	0	1	0	4
10	9	4	1	1	0	0	0	0	0	0	0	2	400400100	1	1	0	0	1	0	1	0	1	0	4
10	10	4	1	1	0	0	0	0	0	0	0	2	400400100	1	1	0	0	1	0	1	0	1	0	4
10	11	4	1	1	0	0	0	0	0	0	0	2	400400100	1	1	0	0	1	0	1	0	1	0	4
10	12	4	1	1	0	0	0	0	0	0	0	2	400400100	1	1	0	0	1	0	1	0	1	0	4
10	13	4	1	1	0	0	0	0	0	0	0	2	400400100	1	1	0	0	1	0	1	0	1	0	4
10	14	4	1	1	0	0	0	0	0	0	0	2	400400100	1	1	0	0	1	0	1	0	1	0	4
10	15	4	1	1	0	0	0	0	0	0	0	2	400400100	1	1	0	0	1	0	1	0	1	0	4
10	16	4	1	1	0	0	0	0	0	0	0	2	400400100	1	1	0	0	1	0	1	0	1	0	4
10	17	4	1	1	0	0	0	0	0	0	0	2	400400100	1	1	0	0	1	0	1	0	1	0	4
10	18	4	1	1	0	0	0	0	0	0	0	2	400400100	1	1	0	0	1	0	1	0	1	0	4
10	19	4	1	1	0	0	0	0	0	0	0	2	400400100	1	1	0	0	1	0	1	0	1	0	4
10	20	4	1	1	0	0	0	0	0	0	0	2	400400100	1	1	0	0	1	0	1	0	1	0	4
10	21	4	1	1	0	0	0	0	0	0	0	2	400400100	1	1	0	0	1	0	1	0	1	0	4
10	22	4	1	1	0	0	0	0	0	0	0	2	400400100	1	1	0	0	1	0	1	0	1	0	4
10	23	4	1	1	0	0	0	0	0	0	0	2	400400100	1	1	0	0	1	0	1	0	1	0	4
10	24	4	1	1	0	0	0	0	0	0	0	2	400400100	1	1	0	0	1	0	1	0	1	0	4
10	25	4	1	1	0	0	0	0	0	0	0	2	400400100	1	1	0	0	1	0	1	0	1	0	4
11	0	4	1	1	0	0	0	0	0	0	0	2	400400100	1	1	0	0	2	0	0	0	0	0	3
11	1	4	1	1	0	0	0	0	0	0	0	2	400400100	1	1	0	0	2	0	0	0	0	0	3
11	2	4	1	1	0	0	0	0	0	0	0	2	400400100	1	1	0	0	2	0	0	0	0	0	3
11	3	4	1	1	0	0	0	0	0	0	0	2	400400100	1	1	0	0	2	0	0	0	0	0	3
11	4	4	1	1	0	0	0	0	0	0	0	2	400400100	1	1	0	0	2	0	0	0	0	0	3
11	5	4	1	1	0	0	0	0	0	0	0	2	400400100	1	1	0	0	2	0	0	0	0	0	3
11	6	4	1	1	0	0	0	0	0	0	0	2	400400100	1	1	0	0	2	0	0	0	0	0	3
11	7	4	1	1	0	0	0	0	0	0	0	2	400400100	1	1	0	0	2	0	0	0	0	0	3
11	8	4	1	1	0	0	0	0	0	0	0	2	400400100	1	1	0	0	2	0	0	0	0	0	3
11	9	4	1	1	0	0	0	0	0	0	0	2	400400100	1	1	0	0	2	0	0	0	0	0	3
11	10	4	1	1	0	0	0	0	0	0	0	2	400400100	1	1	0	0	2	0	0	0	0	0	3
11	11	4	1	1	0	0	0	0	0	0	0	2	400400100	1	1	0	0	2	0	0	0	0	0	3
11	12	4	1	1	0	0	0	0	0	0	0	2	400400100	1	1	0	0	2	0	0	0	0	0	3
11	13	4	1	1	0	0	0	0	0	0	0	2	400400100	1	1	0	0	2	0	0	0	0	0	3
11	14	4	1	1	0	0	0	0	0	0	0	2	400400100	1	1	0	0	2	0	0	0	0	0	3
11	15	4	1	1	0	0	0	0	0	0	0	2	400400100	1	1	0	0	2	0	0	0	0	0	3
11	16	4	1	1	0	0	0	0	0	0	0	2	400400100	1	1	0	0	2	0	0	0	0	0	3
11	17	4	1	1	0	0	0	0	0	0	0	2	400400100	1	1	0	0	2	0	0	0	0	0	3
11	18	4	1	1	0	0	0	0	0	0	0	2	400400100	1	1	0	0	2	0	0	0	0	0	3
11	19	4	1	1	0	0	0	0	0	0	0	2	400400100	1	1	0	0	2	0	0	0	0	0	3
11	20	4	1	1	0	0	0	0	0	0	0	2	400400100	1	1	0	0	2	0	0	0	0	0	3
11	21	4	1	1	0	0	0	0	0	0	0	2	400400100	1	1	0	0	2	0	0	0	0	0	3
11	22	4	1	1	0	0	0	0	0	0	0	2	400400100	1	1	0	0	2	0	0	0	0	0	3
11	23	4	1	1	0	0	0	0	0	0	0	2	400400100	1	1	0	0	2	0	0	0	0	0	3
11	24	4	1	1	0	0	0	0	0	0	0	2	400400100	1	1	0	0	2	0	0	0	0	0	3
11	25	4	1	1	0	0	0	0	0	0	0	2	400400100	1	1	0	0	2	0	0	0	0	0	3
12	0	4	1	1	0	0	0	0	0	0	0	2	400400100	1	1	0	0	1	0	0	0	0	0	3
12	1	4	1	1	0	0	0	0	0	0	0	2	400400100	1	1	0	0	1	0	0	0	0	0	3
12	2	4	1	1	0	0	0	0	0	0	0	2	400400100	1	1	0	0	1	0	0	0	0	0	3
12	3	4	1	1	0	0	0	0	0	0	0	2	400400100	1	1	0	0	1	0	0	0	0	0	3
12	4	4	1	1	0	0	0	0	0	0	0	2	400400100	1	1	0	0	1	0	0	0	0	0	3
12	5	4	1	1	0	0	0	0	0	0	0	2	400400100	1	1	0	0	1	0	0	0	0	0	3
12	6	4	1	1	0	0	0	0	0	0	0	2	400400100	1	1	0	0	1	0	0	0	0	0	3
12	7	4	1	1	0	0	0	0	0	0	0	2	400400100	1	1	0	0	1	0	0	0	0	0	3
12	8	4	1	1	0	0	0	0	0	0	0	2	400400100	1	1	0	0	1	0	0	0	0	0	3
12	9	4	1	1	0	0	0	0	0	0	0	2	400400100	1	1	0	0	1	0	0	0	0	0	3
12	10	4	1	1	0	0	0	0	0	0	0	2	400400100	1	1	0	0	1	0	0	0	0	0	3
12	11	4	1	1	0	0	0	0	0	0	0	2	400400100	1	1	0	0	1	0	0	0	0	0	3
12	12	4	1	1	0	0	0	0	0	0	0	2	400400100	1	1	0	0	1	0	0	0	0	0	3
12	13	4	1	1	0	0	0	0	0	0	0	2	400400100	1	1	0	0	1	0	0	0	0	0	3
12	14	4	1	1	0	0	0	0	0	0	0	2	400400100	1	1	0	0	1	0	0	0	0	0	3
12	15	4	1	1	0	0	0	0	0	0	0	2	400400100	1	1	0	0	1	0	0	0	0	0	3
12	16	4	1	1	0	0	0	0	0	0	0	2	400400100	1	1	0	0	1	0	0	0	0	0	3
12	17	4	1	1	0	0	0	0	0	0	0	2	400400100	1	1	0	0	1	0	0	0	0	0	3
12	18	4	1	1	0	0	0	0	0	0	0	2	400400100	1	1	0	0	1	0	0	0	0	0	3
12	19	4	1	1	0	0	0	0	0	0	0	2	400400100	1	1	0	0	1	0	0	0	0	0	3
12	20	4	1	1	0	0	0	0	0	0	0	2	400400100	1	1	0	0	1	0	0	0	0	0	3
12	21	4	1	1	0	0	0	0	0	0	0	2	400400100	1	1	0	0	1	0	0	0	0	0	3
12	22	4	1	1	0	0	0	0	0	0	0	2	400400100	1	1	0	0	1	0	0	0	0	0	3
12	23	4	1	1	0	0	0	0	0	0	0	2	400400100	1	1	0	0	1	0	0	0	0	0	3
12	24	4	1	1	0	0	0	0	0	0	0	2	400400100	1	1	0	0	1	0	0	0	0	0	3
12	25	4	1	1	0	0	0	0	0	0	0	2	400400100	1	1	0	0	1	0	0	0	0	0	3
13	0	4	1	1	0	0	0	0	0	0	0	2	400400100	1	1	0	0	1	0	1	0	1	0	4
13	1	4	1	1	0	0	0	0	0	0	0	2	400400100	1	1	0	0	1	0	1	0	1	0	4
13	2	4	1	1	0	0	0	0	0	0	0	2	400400100	1	1	0	0	1	0	1	0	1	0	4
13	3	4	1	1	0	0	0	0	0	0	0	2	400400100	1	1	0	0	1	0	1	0	1	0	4
13	4	4	1	1	0	0	0	0	0	0	0	2	400400100	1	1	0	0	1	0	1	0	1	0	4
13	5	4	1	1	0	0	0	0	0	0	0	2	400400100	1	1	0	0	1	0	1	0	1	0	4
13	6	4	1	1	0	0	0	0	0	0	0	2	400400100	1	1	0	0	1	0	1	0	1	0	4
13	7	4	1	1	0	0	0	0	0	0	0	2	400400100	1	1	0	0	1	0	1	0	1	0	4
13	8	4	1	1	0	0	0	0	0	0	0	2	400400100	1	1	0	0	1	0	1	0	1	0	4
13	9	4	1	1	0	0	0	0	0	0	0	2	400400100	1	1	0	0	1	0	1	0	1	0	4
13	10	4	1	1	0	0	0	0	0	0	0	2	400400100	1	1	0	0	1	0	1	0	1	0	4
13	11	4	1	1	0	0	0	0	0	0	0	2	400400100	1	1	0	0	1	0	1	0	1	0	4
13	12	4	1	1	0	0	0	0	0	0	0	2	400400100	1	1	0	0	1	0	1	0	1	0	4
13	13	4	1	1	0	0	0	0	0	0	0	2	400400100	1	1	0	0	1	0	1	0	1	0	4
13	14	4	1	1	0	0	0	0	0	0	0	2	400400100	1	1	0	0	1	0	1	0	1	0	4
13	15	4	1	1	0	0	0	0	0	0	0	2	400400100	1	1	0	0	1	0	1	0	1	0	4
13	16	4	1	1	0	0	0	0	0	0	0	2	400400100	1	1	0	0	1	0	1	0	1	0	4
13	17	4	1	1	0	0	0	0	0	0	0	2	400400100	1	1	0	0	1	0	1	0	1	0	4
13	18	4	1	1	0	0	0	0	0	0	0	2	400400100	1	1	0	0	1	0	1	0	1	0	4
13	19	4	1	1	0	0	0	0	0	0	0	2	400400100	1	1	0	0	1	0	1	0	1	0	4
13	20	4	1	1	0	0	0	0	0	0	0	2	400400100	1	1	0	0	1	0	1	0	1	0	4
13	21	4	1	1	0	0	0	0	0	0	0	2	400400100	1	1	0	0	1	0	1	0	1	0	4
13	22	4	1	1	0	0	0	0	0	0	0	2	400400100	1	1	0	0	1	0	1	0	1	0	4
13	23	4	1	1	0	0	0	0	0	0	0	2	400400100	1	1	0	0	1	0	1	0	1	0	4
13	24	4	1	1	0	0	0	0	0	0	0	2	400400100	1	1	0	0	1	0	1	0	1	0	4
13	25	4	1	1	0	0	0	0	0	0	0	2	400400100	1	1	0	0	1	0	1	0	1	0	4
14	0	4	1	1	0	0	0	0	0	0	0	2	400400100	1	1	0	0	2	0	0	0	0	0	3
14	1	4	1	1	0	0	0	0	0	0	0	2	400400100	1	1	0	0	2	0	0	0	0	0	3
14	2	4	1	1	0	0	0	0	0	0	0	2	400400100	1	1	0	0	2	0	0	0	0	0	3
14	3	4	1	1	0	0	0	0	0	0	0	2	400400100	1	1	0	0	2	0	0	0	0	0	3
14	4	4	1	1	0	0	0	0	0	0	0	2	400400100	1	1	0	0	2	0	0	0	0	0	3
14	5	4	1	1	0	0	0	0	0	0	0	2	400400100	1	1	0	0	2	0	0	0	0	0	3
14	6	4	1	1	0	0	0	0	0	0	0	2	400400100	1	1	0	0	2	0	0	0	0	0	3
14	7	4	1	1	0	0	0	0	0	0	0	2	400400100	1	1	0	0	2	0	0	0	0	0	3
14	8	4	1	1	0	0	0	0	0	0	0	2	400400100	1	1	0	0	2	0	0	0	0	0	3
14	9	4	1	1	0	0	0	0	0	0	0	2	400400100	1	1	0	0	2	0	0	0	0	0	3
14	10	4	1	1	0	0	0	0	0	0	0	2	400400100	1	1	0	0	2	0	0	0	0	0	3
14	11	4	1	1	0	0	0	0	0	0	0	2	400400100	1	1	0	0	2	0	0	0	0	0	3
14	12	4	1	1	0	0	0	0	0	0	0	2	400400100	1	1	0	0	2	0	0	0	0	0	3
14	13	4	1	1	0	0	0	0	0	0	0	2	400400100	1	1	0	0	2	0	0	0	0	0	3
14	14	4	1	1	0	0	0	0	0	0	0	2	400400100	1	1	0	0	2	0	0	0	0	0	3
14	15	4	1	1	0	0	0	0	0	0	0	2	400400100	1	1	0	0	2	0	0	0	0	0	3
14	16	4	1	1	0	0	0	0	0	0	0	2	400400100	1	1	0	0	2	0	0	0	0	0	3
14	17	4	1	1	0	0	0	0	0	0	0	2	400400100	1	1	0	0	2	0	0	0	0	0	3
14	18	4	1	1	0	0	0	0	0	0	0	2	400400100	1	1	0	0	2	0	0	0	0	0	3
14	19	4	1	1	0	0	0	0	0	0	0	2	400400100	1	1	0	0	2	0	0	0	0	0	3
14	20	4	1	1	0	0	0	0	0	0	0	2	400400100	1	1	0	0	2	0	0	0	0	0	3
14	21	4	1	1	0	0	0	0	0	0	0	2	400400100	1	1	0	0	2	0	0	0	0	0	3
14	22	4	1	1	0	0	0	0	0	0	0	2	400400100	1	1	0	0	2	0	0	0	0	0	3
14	23	4	1	1	0	0	0	0	0	0	0	2	400400100	1	1	0	0	2	0	0	0	0	0	3
14	24	4	1	1	0	0	0	0	0	0	0	2	400400100	1	1	0	0	2	0	0	0	0	0	3
14	25	4	1	1	0	0	0	0	0	0	0	2	400400100	1	1	0	0	2	0	0	0	0	0	3
15	0	4	1	1	0	0	0	0	0	0	0	2	400400100	1	1	0	0	2	0	0	0	1	0	3
15	1	4	1	1	0	0	0	0	0	0	0	2	400400100	1	1	0	0	2	0	0	0	1	0	3
15	2	4	1	1	0	0	0	0	0	0	0	2	400400100	1	1	0	0	2	0	0	0	1	0	3
15	3	4	1	1	0	0	0	0	0	0	0	2	400400100	1	1	0	0	2	0	0	0	1	0	3
15	4	4	1	1	0	0	0	0	0	0	0	2	400400100	1	1	0	0	2	0	0	0	1	0	3
15	5	4	1	1	0	0	0	0	0	0	0	2	400400100	1	1	0	0	2	0	0	0	1	0	3
15	6	4	1	1	0	0	0	0	0	0	0	2	400400100	1	1	0	0	2	0	0	0	1	0	3
15	7	4	1	1	0	0	0	0	0	0	0	2	400400100	1	1	0	0	2	0	0	0	1	0	3
15	8	4	1	1	0	0	0	0	0	0	0	2	400400100	1	1	0	0	2	0	0	0	1	0	3
15	9	4	1	1	0	0	0	0	0	0	0	2	400400100	1	1	0	0	2	0	0	0	1	0	3
15	10	4	1	1	0	0	0	0	0	0	0	2	400400100	1	1	0	0	2	0	0	0	1	0	3
15	11	4	1	1	0	0	0	0	0	0	0	2	400400100	1	1	0	0	2	0	0	0	1	0	3
15	12	4	1	1	0	0	0	0	0	0	0	2	400400100	1	1	0	0	2	0	0	0	1	0	3
15	13	4	1	1	0	0	0	0	0	0	0	2	400400100	1	1	0	0	2	0	0	0	1	0	3
15	14	4	1	1	0	0	0	0	0	0	0	2	400400100	1	1	0	0	2	0	0	0	1	0	3
15	15	4	1	1	0	0	0	0	0	0	0	2	400400100	1	1	0	0	2	0	0	0	1	0	3
15	16	4	1	1	0	0	0	0	0	0	0	2	400400100	1	1	0	0	2	0	0	0	1	0	3
15	17	4	1	1	0	0	0	0	0	0	0	2	400400100	1	1	0	0	2	0	0	0	1	0	3
15	18	4	1	1	0	0	0	0	0	0	0	2	400400100	1	1	0	0	2	0	0	0	1	0	3
15	19	4	1	1	0	0	0	0	0	0	0	2	400400100	1	1	0	0	2	0	0	0	1	0	3
15	20	4	1	1	0	0	0	0	0	0	0	2	400400100	1	1	0	0	2	0	0	0	1	0	3
15	21	4	1	1	0	0	0	0	0	0	0	2	400400100	1	1	0	0	2	0	0	0	1	0	3
15	22	4	1	1	0	0	0	0	0	0	0	2	400400100	1	1	0	0	2	0	0	0	1	0	3
15	23	4	1	1	0	0	0	0	0	0	0	2	400400100	1	1	0	0	2	0	0	0	1	0	3
15	24	4	1	1	0	0	0	0	0	0	0	2	400400100	1	1	0	0	2	0	0	0	1	0	3
15	25	4	1	1	0	0	0	0	0	0	0	2	400400100	1	1	0	0	2	0	0	0	1	0	3
16	0	4	1	1	0	0	0	0	0	0	0	2	400400100	1	1	0	0	1	0	1	0	2	0	6
16	1	4	1	1	0	0	0	0	0	0	0	2	400400100	1	1	0	0	1	0	1	0	2	0	6
16	2	4	1	1	0	0	0	0	0	0	0	2	400400100	1	1	0	0	1	0	1	0	2	0	6
16	3	4	1	1	0	0	0	0	0	0	0	2	400400100	1	1	0	0	1	0	1	0	2	0	6
16	4	4	1	1	0	0	0	0	0	0	0	2	400400100	1	1	0	0	1	0	1	0	2	0	6
16	5	4	1	1	0	0	0	0	0	0	0	2	400400100	1	1	0	0	1	0	1	0	2	0	6
16	6	4	1	1	0	0	0	0	0	0	0	2	400400100	1	1	0	0	1	0	1	0	2	0	6
16	7	4	1	1	0	0	0	0	0	0	0	2	400400100	1	1	0	0	1	0	1	0	2	0	6
16	8	4	1	1	0	0	0	0	0	0	0	2	400400100	1	1	0	0	1	0	1	0	2	0	6
16	9	4	1	1	0	0	0	0	0	0	0	2	400400100	1	1	0	0	1	0	1	0	2	0	6
16	10	4	1	1	0	0	0	0	0	0	0	2	400400100	1	1	0	0	1	0	1	0	2	0	6
16	11	4	1	1	0	0	0	0	0	0	0	2	400400100	1	1	0	0	1	0	1	0	2	0	6
16	12	4	1	1	0	0	0	0	0	0	0	2	400400100	1	1	0	0	1	0	1	0	2	0	6
16	13	4	1	1	0	0	0	0	0	0	0	2	400400100	1	1	0	0	1	0	1	0	2	0	6
16	14	4	1	1	0	0	0	0	0	0	0	2	400400100	1	1	0	0	1	0	1	0	2	0	6
16	15	4	1	1	0	0	0	0	0	0	0	2	400400100	1	1	0	0	1	0	1	0	2	0	6
16	16	4	1	1	0	0	0	0	0	0	0	2	400400100	1	1	0	0	1	0	1	0	2	0	6
16	17	4	1	1	0	0	0	0	0	0	0	2	400400100	1	1	0	0	1	0	1	0	2	0	6
16	18	4	1	1	0	0	0	0	0	0	0	2	400400100	1	1	0	0	1	0	1	0	2	0	6
16	19	4	1	1	0	0	0	0	0	0	0	2	400400100	1	1	0	0	1	0	1	0	2	0	6
16	20	4	1	1	0	0	0	0	0	0	0	2	400400100	1	1	0	0	1	0	1	0	2	0	6
16	21	4	1	1	0	0	0	0	0	0	0	2	400400100	1	1	0	0	1	0	1	0	2	0	6
16	22	4	1	1	0	0	0	0	0	0	0	2	400400100	1	1	0	0	1	0	1	0	2	0	6
16	23	4	1	1	0	0	0	0	0	0	0	2	400400100	1	1	0	0	1	0	1	0	2	0	6
16	24	4	1	1	0	0	0	0	0	0	0	2	400400100	1	1	0	0	1	0	1	0	2	0	6
16	25	4	1	1	0	0	0	0	0	0	0	2	400400100	1	1	0	0	1	0	1	0	2	0	6
17	0	4	1	1	0	0	0	0	0	0	0	2	400400100	1	1	0	0	1	0	0	0	0	0	3
17	1	4	1	1	0	0	0	0	0	0	0	2	400400100	1	1	0	0	1	0	0	0	0	0	3
17	2	4	1	1	0	0	0	0	0	0	0	2	400400100	1	1	0	0	1	0	0	0	0	0	3
17	3	4	1	1	0	0	0	0	0	0	0	2	400400100	1	1	0	0	1	0	0	0	0	0	3
17	4	4	1	1	0	0	0	0	0	0	0	2	400400100	1	1	0	0	1	0	0	0	0	0	3
17	5	4	1	1	0	0	0	0	0	0	0	2	400400100	1	1	0	0	1	0	0	0	0	0	3
17	6	4	1	1	0	0	0	0	0	0	0	2	400400100	1	1	0	0	1	0	0	0	0	0	3
17	7	4	1	1	0	0	0	0	0	0	0	2	400400100	1	1	0	0	1	0	0	0	0	0	3
17	8	4	1	1	0	0	0	0	0	0	0	2	400400100	1	1	0	0	1	0	0	0	0	0	3
17	9	4	1	1	0	0	0	0	0	0	0	2	400400100	1	1	0	0	1	0	0	0	0	0	3
17	10	4	1	1	0	0	0	0	0	0	0	2	400400100	1	1	0	0	1	0	0	0	0	0	3
17	11	4	1	1	0	0	0	0	0	0	0	2	400400100	1	1	0	0	1	0	0	0	0	0	3
17	12	4	1	1	0	0	0	0	0	0	0	2	400400100	1	1	0	0	1	0	0	0	0	0	3
17	13	4	1	1	0	0	0	0	0	0	0	2	400400100	1	1	0	0	1	0	0	0	0	0	3
17	14	4	1	1	0	0	0	0	0	0	0	2	400400100	1	1	0	0	1	0	0	0	0	0	3
17	15	4	1	1	0	0	0	0	0	0	0	2	400400100	1	1	0	0	1	0	0	0	0	0	3
17	16	4	1	1	0	0	0	0	0	0	0	2	400400100	1	1	0	0	1	0	0	0	0	0	3
17	17	4	1	1	0	0	0	0	0	0	0	2	400400100	1	1	0	0	1	0	0	0	0	0	3
17	18	4	1	1	0	0	0	0	0	0	0	2	400400100	1	1	0	0	1	0	0	0	0	0	3
17	19	4	1	1	0	0	0	0	0	0	0	2	400400100	1	1	0	0	1	0	0	0	0	0	3
17	20	4	1	1	0	0	0	0	0	0	0	2	400400100	1	1	0	0	1	0	0	0	0	0	3
17	21	4	1	1	0	0	0	0	0	0	0	2	400400100	1	1	0	0	1	0	0	0	0	0	3
17	22	4	1	1	0	0	0	0	0	0	0	2	400400100	1	1	0	0	1	0	0	0	0	0	3
17	23	4	1	1	0	0	0	0	0	0	0	2	400400100	1	1	0	0	1	0	0	0	0	0	3
17	24	4	1	1	0	0	0	0	0	0	0	2	400400100	1	1	0	0	1	0	0	0	0	0	3
17	25	4	1	1	0	0	0	0	0	0	0	2	400400100	1	1	0	0	1	0	0	0	0	0	3
18	0	4	1	1	0	0	0	0	0	0	0	2	400400100	1	1	0	0	1	0	1	0	1	0	4
18	1	4	1	1	0	0	0	0	0	0	0	2	400400100	1	1	0	0	1	0	1	0	1	0	4
18	2	4	1	1	0	0	0	0	0	0	0	2	400400100	1	1	0	0	1	0	1	0	1	0	4
18	3	4	1	1	0	0	0	0	0	0	0	2	400400100	1	1	0	0	1	0	1	0	1	0	4
18	4	4	1	1	0	0	0	0	0	0	0	2	400400100	1	1	0	0	1	0	1	0	1	0	4
18	5	4	1	1	0	0	0	0	0	0	0	2	400400100	1	1	0	0	1	0	1	0	1	0	4
18	6	4	1	1	0	0	0	0	0	0	0	2	400400100	1	1	0	0	1	0	1	0	1	0	4
18	7	4	1	1	0	0	0	0	0	0	0	2	400400100	1	1	0	0	1	0	1	0	1	0	4
18	8	4	1	1	0	0	0	0	0	0	0	2	400400100	1	1	0	0	1	0	1	0	1	0	4
18	9	4	1	1	0	0	0	0	0	0	0	2	400400100	1	1	0	0	1	0	1	0	1	0	4
18	10	4	1	1	0	0	0	0	0	0	0	2	400400100	1	1	0	0	1	0	1	0	1	0	4
18	11	4	1	1	0	0	0	0	0	0	0	2	400400100	1	1	0	0	1	0	1	0	1	0	4
18	12	4	1	1	0	0	0	0	0	0	0	2	400400100	1	1	0	0	1	0	1	0	1	0	4
18	13	4	1	1	0	0	0	0	0	0	0	2	400400100	1	1	0	0	1	0	1	0	1	0	4
18	14	4	1	1	0	0	0	0	0	0	0	2	400400100	1	1	0	0	1	0	1	0	1	0	4
18	15	4	1	1	0	0	0	0	0	0	0	2	400400100	1	1	0	0	1	0	1	0	1	0	4
18	16	4	1	1	0	0	0	0	0	0	0	2	400400100	1	1	0	0	1	0	1	0	1	0	4
18	17	4	1	1	0	0	0	0	0	0	0	2	400400100	1	1	0	0	1	0	1	0	1	0	4
18	18	4	1	1	0	0	0	0	0	0	0	2	400400100	1	1	0	0	1	0	1	0	1	0	4
18	19	4	1	1	0	0	0	0	0	0	0	2	400400100	1	1	0	0	1	0	1	0	1	0	4
18	20	4	1	1	0	0	0	0	0	0	0	2	400400100	1	1	0	0	1	0	1	0	1	0	4
18	21	4	1	1	0	0	0	0	0	0	0	2	400400100	1	1	0	0	1	0	1	0	1	0	4
18	22	4	1	1	0	0	0	0	0	0	0	2	400400100	1	1	0	0	1	0	1	0	1	0	4
18	23	4	1	1	0	0	0	0	0	0	0	2	400400100	1	1	0	0	1	0	1	0	1	0	4
18	24	4	1	1	0	0	0	0	0	0	0	2	400400100	1	1	0	0	1	0	1	0	1	0	4
18	25	4	1	1	0	0	0	0	0	0	0	2	400400100	1	1	0	0	1	0	1	0	1	0	4
19	0	4	1	1	0	0	0	0	0	0	0	2	400400100	1	1	0	0	1	0	0	0	0	0	3
19	1	4	1	1	0	0	0	0	0	0	0	2	400400100	1	1	0	0	1	0	0	0	0	0	3
19	2	4	1	1	0	0	0	0	0	0	0	2	400400100	1	1	0	0	1	0	0	0	0	0	3
19	3	4	1	1	0	0	0	0	0	0	0	2	400400100	1	1	0	0	1	0	0	0	0	0	3
19	4	4	1	1	0	0	0	0	0	0	0	2	400400100	1	1	0	0	1	0	0	0	0	0	3
19	5	4	1	1	0	0	0	0	0	0	0	2	400400100	1	1	0	0	1	0	0	0	0	0	3
19	6	4	1	1	0	0	0	0	0	0	0	2	400400100	1	1	0	0	1	0	0	0	0	0	3
19	7	4	1	1	0	0	0	0	0	0	0	2	400400100	1	1	0	0	1	0	0	0	0	0	3
19	8	4	1	1	0	0	0	0	0	0	0	2	400400100	1	1	0	0	1	0	0	0	0	0	3
19	9	4	1	1	0	0	0	0	0	0	0	2	400400100	1	1	0	0	1	0	0	0	0	0	3
19	10	4	1	1	0	0	0	0	0	0	0	2	400400100	1	1	0	0	1	0	0	0	0	0	3
19	11	4	1	1	0	0	0	0	0	0	0	2	400400100	1	1	0	0	1	0	0	0	0	0	3
19	12	4	1	1	0	0	0	0	0	0	0	2	400400100	1	1	0	0	1	0	0	0	0	0	3
19	13	4	1	1	0	0	0	0	0	0	0	2	400400100	1	1	0	0	1	0	0	0	0	0	3
19	14	4	1	1	0	0	0	0	0	0	0	2	400400100	1	1	0	0	1	0	0	0	0	0	3
19	15	4	1	1	0	0	0	0	0	0	0	2	400400100	1	1	0	0	1	0	0	0	0	0	3
19	16	4	1	1	0	0	0	0	0	0	0	2	400400100	1	1	0	0	1	0	0	0	0	0	3
19	17	4	1	1	0	0	0	0	0	0	0	2	400400100	1	1	0	0	1	0	0	0	0	0	3
19	18	4	1	1	0	0	0	0	0	0	0	2	400400100	1	1	0	0	1	0	0	0	0	0	3
19	19	4	1	1	0	0	0	0	0	0	0	2	400400100	1	1	0	0	1	0	0	0	0	0	3
19	20	4	1	1	0	0	0	0	0	0	0	2	400400100	1	1	0	0	1	0	0	0	0	0	3
19	21	4	1	1	0	0	0	0	0	0	0	2	400400100	1	1	0	0	1	0	0	0	0	0	3
19	22	4	1	1	0	0	0	0	0	0	0	2	400400100	1	1	0	0	1	0	0	0	0	0	3
19	23	4	1	1	0	0	0	0	0	0	0	2	400400100	1	1	0	0	1	0	0	0	0	0	3
19	24	4	1	1	0	0	0	0	0	0	0	2	400400100	1	1	0	0	1	0	0	0	0	0	3
19	25	4	1	1	0	0	0	0	0	0	0	2	400400100	1	1	0	0	1	0	0	0	0	0	3
20	0	4	1	1	0	0	0	0	0	0	0	2	400400100	1	1	0	0	1	0	0	0	0	0	3
20	1	4	1	1	0	0	0	0	0	0	0	2	400400100	1	1	0	0	1	0	0	0	0	0	3
20	2	4	1	1	0	0	0	0	0	0	0	2	400400100	1	1	0	0	1	0	0	0	0	0	3
20	3	4	1	1	0	0	0	0	0	0	0	2	400400100	1	1	0	0	1	0	0	0	0	0	3
20	4	4	1	1	0	0	0	0	0	0	0	2	400400100	1	1	0	0	1	0	0	0	0	0	3
20	5	4	1	1	0	0	0	0	0	0	0	2	400400100	1	1	0	0	1	0	0	0	0	0	3
20	6	4	1	1	0	0	0	0	0	0	0	2	400400100	1	1	0	0	1	0	0	0	0	0	3
20	7	4	1	1	0	0	0	0	0	0	0	2	400400100	1	1	0	0	1	0	0	0	0	0	3
20	8	4	1	1	0	0	0	0	0	0	0	2	400400100	1	1	0	0	1	0	0	0	0	0	3
20	9	4	1	1	0	0	0	0	0	0	0	2	400400100	1	1	0	0	1	0	0	0	0	0	3
20	10	4	1	1	0	0	0	0	0	0	0	2	400400100	1	1	0	0	1	0	0	0	0	0	3
20	11	4	1	1	0	0	0	0	0	0	0	2	400400100	1	1	0	0	1	0	0	0	0	0	3
20	12	4	1	1	0	0	0	0	0	0	0	2	400400100	1	1	0	0	1	0	0	0	0	0	3
20	13	4	1	1	0	0	0	0	0	0	0	2	400400100	1	1	0	0	1	0	0	0	0	0	3
20	14	4	1	1	0	0	0	0	0	0	0	2	400400100	1	1	0	0	1	0	0	0	0	0	3
20	15	4	1	1	0	0	0	0	0	0	0	2	400400100	1	1	0	0	1	0	0	0	0	0	3
20	16	4	1	1	0	0	0	0	0	0	0	2	400400100	1	1	0	0	1	0	0	0	0	0	3
20	17	4	1	1	0	0	0	0	0	0	0	2	400400100	1	1	0	0	1	0	0	0	0	0	3
20	18	4	1	1	0	0	0	0	0	0	0	2	400400100	1	1	0	0	1	0	0	0	0	0	3
20	19	4	1	1	0	0	0	0	0	0	0	2	400400100	1	1	0	0	1	0	0	0	0	0	3
20	20	4	1	1	0	0	0	0	0	0	0	2	400400100	1	1	0	0	1	0	0	0	0	0	3
20	21	4	1	1	0	0	0	0	0	0	0	2	400400100	1	1	0	0	1	0	0	0	0	0	3
20	22	4	1	1	0	0	0	0	0	0	0	2	400400100	1	1	0	0	1	0	0	0	0	0	3
20	23	4	1	1	0	0	0	0	0	0	0	2	400400100	1	1	0	0	1	0	0	0	0	0	3
20	24	4	1	1	0	0	0	0	0	0	0	2	400400100	1	1	0	0	1	0	0	0	0	0	3
20	25	4	1	1	0	0	0	0	0	0	0	2	400400100	1	1	0	0	1	0	0	0	0	0	3
21	0	4	1	1	0	0	0	0	0	0	0	2	400400100	1	1	0	0	1	0	1	0	2	0	6
21	1	4	1	1	0	0	0	0	0	0	0	2	400400100	1	1	0	0	1	0	1	0	2	0	6
21	2	4	1	1	0	0	0	0	0	0	0	2	400400100	1	1	0	0	1	0	1	0	2	0	6
21	3	4	1	1	0	0	0	0	0	0	0	2	400400100	1	1	0	0	1	0	1	0	2	0	6
21	4	4	1	1	0	0	0	0	0	0	0	2	400400100	1	1	0	0	1	0	1	0	2	0	6
21	5	4	1	1	0	0	0	0	0	0	0	2	400400100	1	1	0	0	1	0	1	0	2	0	6
21	6	4	1	1	0	0	0	0	0	0	0	2	400400100	1	1	0	0	1	0	1	0	2	0	6
21	7	4	1	1	0	0	0	0	0	0	0	2	400400100	1	1	0	0	1	0	1	0	2	0	6
21	8	4	1	1	0	0	0	0	0	0	0	2	400400100	1	1	0	0	1	0	1	0	2	0	6
21	9	4	1	1	0	0	0	0	0	0	0	2	400400100	1	1	0	0	1	0	1	0	2	0	6
21	10	4	1	1	0	0	0	0	0	0	0	2	400400100	1	1	0	0	1	0	1	0	2	0	6
21	11	4	1	1	0	0	0	0	0	0	0	2	400400100	1	1	0	0	1	0	1	0	2	0	6
21	12	4	1	1	0	0	0	0	0	0	0	2	400400100	1	1	0	0	1	0	1	0	2	0	6
21	13	4	1	1	0	0	0	0	0	0	0	2	400400100	1	1	0	0	1	0	1	0	2	0	6
21	14	4	1	1	0	0	0	0	0	0	0	2	400400100	1	1	0	0	1	0	1	0	2	0	6
21	15	4	1	1	0	0	0	0	0	0	0	2	400400100	1	1	0	0	1	0	1	0	2	0	6
21	16	4	1	1	0	0	0	0	0	0	0	2	400400100	1	1	0	0	1	0	1	0	2	0	6
21	17	4	1	1	0	0	0	0	0	0	0	2	400400100	1	1	0	0	1	0	1	0	2	0	6
21	18	4	1	1	0	0	0	0	0	0	0	2	400400100	1	1	0	0	1	0	1	0	2	0	6
21	19	4	1	1	0	0	0	0	0	0	0	2	400400100	1	1	0	0	1	0	1	0	2	0	6
21	20	4	1	1	0	0	0	0	0	0	0	2	400400100	1	1	0	0	1	0	1	0	2	0	6
21	21	4	1	1	0	0	0	0	0	0	0	2	400400100	1	1	0	0	1	0	1	0	2	0	6
21	22	4	1	1	0	0	0	0	0	0	0	2	400400100	1	1	0	0	1	0	1	0	2	0	6
21	23	4	1	1	0	0	0	0	0	0	0	2	400400100	1	1	0	0	1	0	1	0	2	0	6
21	24	4	1	1	0	0	0	0	0	0	0	2	400400100	1	1	0	0	1	0	1	0	2	0	6
21	25	4	1	1	0	0	0	0	0	0	0	2	400400100	1	1	0	0	1	0	1	0	2	0	6
