宝石类型	宝石颜色	雕琢等级	有效字段	货币类型(1紫魂三角，2绿魂方形，3彩魂圆形)	货币数量	道具id	道具数量	属性类型1	剑客数值1	御灵数值1	刀客数值1	弓手数值1	属性类型2	剑客数值2	御灵数值2	刀客数值2	弓手数值2	属性类型3	剑客数值3	御灵数值3	刀客数值3	弓手数值3	属性类型4	剑客数值4	御灵数值4	刀客数值4	弓手数值4	增加修为	直升金元	属性类型3	剑客数值3	御灵数值3	刀客数值3	弓手数值3	属性类型4	剑客数值4	御灵数值4	刀客数值4	弓手数值4	宝石名字
[K][C][S]Type	[K][C][S]Color	[K][C][S]Lvl	[S]valve	[C][S]CostCoinType	[C][S]CostCoinNum	[C][S]CostItemType	[C][S]CostItemNum	[C][S]ExAttrType1	[C][S]ExAttrValue11	[C][S]ExAttrValue12	[C][S]ExAttrValue13	[C][S]ExAttrValue14	[C][S]ExAttrType2	[C][S]ExAttrValue21	[C][S]ExAttrValue22	[C][S]ExAttrValue23	[C][S]ExAttrValue24	[S]ExAttrType3	[S]ExAttrValue31	[S]ExAttrValue32	[S]ExAttrValue33	[S]ExAttrValue34	[S]ExAttrType4	[S]ExAttrValue41	[S]ExAttrValue42	[S]ExAttrValue43	[S]ExAttrValue44	[C][S]Fighting	[C][S]Price	[C]ExAttrType3	[C]ExAttrValue31	[C]ExAttrValue32	[C]ExAttrValue33	[C]ExAttrValue34	[C]ExAttrType4	[C]ExAttrValue41	[C]ExAttrValue42	[C]ExAttrValue43	[C]ExAttrValue44	[C]Name
1	3	0	1	1	0	401300102	0	1067	0	0	0	0	1070	0	0	0	0	0	0	0	0	0	0	0	0	0	0	0	0	0	0	0	0	0	0	0	0	0	0	锐锋石
1	3	1	1	1	83	401300102	4	1067	102	92	77	128	1070	102	92	77	128	0	0	0	0	0	0	0	0	0	0	48	150	0	0	0	0	0	0	0	0	0	0	锐锋石
1	3	2	1	1	250	401300102	12	1067	147	132	110	184	1070	147	132	110	184	0	0	0	0	0	0	0	0	0	0	96	450	0	0	0	0	0	0	0	0	0	0	锐锋石
1	3	3	1	1	667	401300102	36	1067	210	189	158	263	1070	210	189	158	263	0	0	0	0	0	0	0	0	0	0	192	1200	0	0	0	0	0	0	0	0	0	0	锐锋石
1	3	4	1	1	1750	401300202	36	1067	300	270	225	375	1070	300	270	225	375	0	0	0	0	0	0	0	0	0	0	384	3150	0	0	0	0	0	0	0	0	0	0	锐锋石
1	3	5	1	1	4417	401300202	54	1067	429	386	322	536	1070	429	386	322	536	0	0	0	0	0	0	0	0	0	0	768	7950	0	0	0	0	0	0	0	0	0	0	锐锋石
1	3	6	1	1	8167	401300202	72	1067	613	552	460	766	1070	613	552	460	766	0	0	0	0	0	0	0	0	0	0	1152	14700	0	0	0	0	0	0	0	0	0	0	锐锋石
1	3	7	1	1	15833	401300302	72	1067	877	789	658	1096	1070	877	789	658	1096	0	0	0	0	0	0	0	0	0	0	1728	28500	0	0	0	0	0	0	0	0	0	0	锐锋石
1	3	8	1	1	33333	401300302	108	1067	1253	1128	940	1566	1070	1253	1128	940	1566	0	0	0	0	0	0	0	0	0	0	2592	60000	0	0	0	0	0	0	0	0	0	0	锐锋石
1	3	9	1	1	70833	401300302	144	1067	1790	1611	1343	2238	1070	1790	1611	1343	2238	0	0	0	0	0	0	0	0	0	0	3628	127500	0	0	0	0	0	0	0	0	0	0	锐锋石
1	4	0	1	1	0	401300102	0	1067	0	0	0	0	1070	0	0	0	0	0	0	0	0	0	0	0	0	0	0	0	0	0	0	0	0	0	0	0	0	0	0	上古锐锋石
1	4	1	1	1	83	401300102	4	1067	160	144	120	200	1070	160	144	120	200	0	0	0	0	0	0	0	0	0	0	242	150	0	0	0	0	0	0	0	0	0	0	上古锐锋石
1	4	2	1	1	250	401300102	12	1067	229	206	172	286	1070	229	206	172	286	0	0	0	0	0	0	0	0	0	0	485	450	0	0	0	0	0	0	0	0	0	0	上古锐锋石
1	4	3	1	1	667	401300102	36	1067	328	295	246	410	1070	328	295	246	410	0	0	0	0	0	0	0	0	0	0	970	1200	0	0	0	0	0	0	0	0	0	0	上古锐锋石
1	4	4	1	1	1750	401300202	36	1067	469	422	352	586	1070	469	422	352	586	0	0	0	0	0	0	0	0	0	0	1941	3150	0	0	0	0	0	0	0	0	0	0	上古锐锋石
1	4	5	1	1	4417	401300202	54	1067	671	604	503	839	1070	671	604	503	839	0	0	0	0	0	0	0	0	0	0	2912	7950	0	0	0	0	0	0	0	0	0	0	上古锐锋石
1	4	6	1	1	8167	401300202	72	1067	959	863	719	1199	1070	959	863	719	1199	4067	50	50	50	50	4070	50	50	50	50	4368	14700	10070	50	50	50	50	0	0	0	0	0	上古锐锋石
1	4	7	1	1	15833	401300302	72	1067	1371	1234	1028	1714	1070	1371	1234	1028	1714	4067	150	150	150	150	4070	150	150	150	150	6552	28500	10070	150	150	150	150	0	0	0	0	0	上古锐锋石
1	4	8	1	1	33333	401300302	108	1067	1959	1763	1469	2449	1070	1959	1763	1469	2449	4067	250	250	250	250	4070	250	250	250	250	9829	60000	10070	250	250	250	250	0	0	0	0	0	上古锐锋石
1	4	9	1	1	70833	401300302	144	1067	2799	2519	2099	3499	1070	2799	2519	2099	3499	4067	350	350	350	350	4070	350	350	350	350	13761	127500	10070	350	350	350	350	0	0	0	0	0	上古锐锋石
1	5	0	1	1	0	401300102	0	1067	0	0	0	0	1070	0	0	0	0	0	0	0	0	0	0	0	0	0	0	0	0	0	0	0	0	0	0	0	0	0	0	神赐锐锋石
1	5	1	1	1	83	401300102	4	1067	361	325	271	451	1070	361	325	271	451	0	0	0	0	0	0	0	0	0	0	1032	150	0	0	0	0	0	0	0	0	0	0	神赐锐锋石
1	5	2	1	1	250	401300102	12	1067	517	465	388	646	1070	517	465	388	646	0	0	0	0	0	0	0	0	0	0	2065	450	0	0	0	0	0	0	0	0	0	0	神赐锐锋石
1	5	3	1	1	667	401300102	36	1067	739	665	554	924	1070	739	665	554	924	0	0	0	0	0	0	0	0	0	0	3098	1200	0	0	0	0	0	0	0	0	0	0	神赐锐锋石
1	5	4	1	1	1750	401300202	36	1067	1057	951	793	1321	1070	1057	951	793	1321	0	0	0	0	0	0	0	0	0	0	4647	3150	0	0	0	0	0	0	0	0	0	0	神赐锐锋石
1	5	5	1	1	4417	401300202	54	1067	1510	1359	1133	1888	1070	1510	1359	1133	1888	4067	50	50	50	50	4070	50	50	50	50	6971	7950	10070	50	50	50	50	0	0	0	0	0	神赐锐锋石
1	5	6	1	1	8167	401300202	72	1067	2158	1942	1619	2698	1070	2158	1942	1619	2698	4067	150	150	150	150	4070	150	150	150	150	10457	14700	10070	150	150	150	150	0	0	0	0	0	神赐锐锋石
1	5	7	1	1	15833	401300302	72	1067	3084	2776	2313	3855	1070	3084	2776	2313	3855	4067	300	300	300	300	4070	300	300	300	300	15685	28500	10070	300	300	300	300	0	0	0	0	0	神赐锐锋石
1	5	8	1	1	33333	401300302	108	1067	4407	3966	3305	5509	1070	4407	3966	3305	5509	4067	500	500	500	500	4070	500	500	500	500	21959	60000	10070	500	500	500	500	0	0	0	0	0	神赐锐锋石
1	5	9	1	1	70833	401300302	144	1067	6296	5666	4722	7870	1070	6296	5666	4722	7870	4067	700	700	700	700	4070	700	700	700	700	30743	127500	10070	700	700	700	700	0	0	0	0	0	神赐锐锋石
3	3	0	1	2	0	401300103	0	1068	0	0	0	0	1071	0	0	0	0	0	0	0	0	0	0	0	0	0	0	0	0	0	0	0	0	0	0	0	0	0	0	金刚石
3	3	1	1	2	56	401300103	4	1068	102	92	77	128	1071	102	92	77	128	0	0	0	0	0	0	0	0	0	0	48	100	0	0	0	0	0	0	0	0	0	0	金刚石
3	3	2	1	2	167	401300103	12	1068	147	132	110	184	1071	147	132	110	184	0	0	0	0	0	0	0	0	0	0	96	300	0	0	0	0	0	0	0	0	0	0	金刚石
3	3	3	1	2	444	401300103	36	1068	210	189	158	263	1071	210	189	158	263	0	0	0	0	0	0	0	0	0	0	192	800	0	0	0	0	0	0	0	0	0	0	金刚石
3	3	4	1	2	1167	401300203	36	1068	300	270	225	375	1071	300	270	225	375	0	0	0	0	0	0	0	0	0	0	384	2100	0	0	0	0	0	0	0	0	0	0	金刚石
3	3	5	1	2	2944	401300203	54	1068	429	386	322	536	1071	429	386	322	536	0	0	0	0	0	0	0	0	0	0	768	5300	0	0	0	0	0	0	0	0	0	0	金刚石
3	3	6	1	2	5444	401300203	72	1068	613	552	460	766	1071	613	552	460	766	0	0	0	0	0	0	0	0	0	0	1152	9800	0	0	0	0	0	0	0	0	0	0	金刚石
3	3	7	1	2	10556	401300303	72	1068	877	789	658	1096	1071	877	789	658	1096	0	0	0	0	0	0	0	0	0	0	1728	19000	0	0	0	0	0	0	0	0	0	0	金刚石
3	3	8	1	2	22222	401300303	108	1068	1253	1128	940	1566	1071	1253	1128	940	1566	0	0	0	0	0	0	0	0	0	0	2592	40000	0	0	0	0	0	0	0	0	0	0	金刚石
3	3	9	1	2	47222	401300303	144	1068	1790	1611	1343	2238	1071	1790	1611	1343	2238	0	0	0	0	0	0	0	0	0	0	3628	85000	0	0	0	0	0	0	0	0	0	0	金刚石
3	4	0	1	2	0	401300103	0	1068	0	0	0	0	1071	0	0	0	0	0	0	0	0	0	0	0	0	0	0	0	0	0	0	0	0	0	0	0	0	0	0	上古金刚石
3	4	1	1	2	56	401300103	4	1068	160	144	120	200	1071	160	144	120	200	0	0	0	0	0	0	0	0	0	0	242	100	0	0	0	0	0	0	0	0	0	0	上古金刚石
3	4	2	1	2	167	401300103	12	1068	229	206	172	286	1071	229	206	172	286	0	0	0	0	0	0	0	0	0	0	485	300	0	0	0	0	0	0	0	0	0	0	上古金刚石
3	4	3	1	2	444	401300103	36	1068	328	295	246	410	1071	328	295	246	410	0	0	0	0	0	0	0	0	0	0	970	800	0	0	0	0	0	0	0	0	0	0	上古金刚石
3	4	4	1	2	1167	401300203	36	1068	469	422	352	586	1071	469	422	352	586	0	0	0	0	0	0	0	0	0	0	1941	2100	0	0	0	0	0	0	0	0	0	0	上古金刚石
3	4	5	1	2	2944	401300203	54	1068	671	604	503	839	1071	671	604	503	839	0	0	0	0	0	0	0	0	0	0	2912	5300	0	0	0	0	0	0	0	0	0	0	上古金刚石
3	4	6	1	2	5444	401300203	72	1068	959	863	719	1199	1071	959	863	719	1199	4068	50	50	50	50	4071	50	50	50	50	4368	9800	10071	50	50	50	50	0	0	0	0	0	上古金刚石
3	4	7	1	2	10556	401300303	72	1068	1371	1234	1028	1714	1071	1371	1234	1028	1714	4068	150	150	150	150	4071	150	150	150	150	6552	19000	10071	150	150	150	150	0	0	0	0	0	上古金刚石
3	4	8	1	2	22222	401300303	108	1068	1959	1763	1469	2449	1071	1959	1763	1469	2449	4068	250	250	250	250	4071	250	250	250	250	9829	40000	10071	250	250	250	250	0	0	0	0	0	上古金刚石
3	4	9	1	2	47222	401300303	144	1068	2799	2519	2099	3499	1071	2799	2519	2099	3499	4068	350	350	350	350	4071	350	350	350	350	13761	85000	10071	350	350	350	350	0	0	0	0	0	上古金刚石
3	5	0	1	2	0	401300103	0	1068	0	0	0	0	1071	0	0	0	0	0	0	0	0	0	0	0	0	0	0	0	0	0	0	0	0	0	0	0	0	0	0	神赐金刚石
3	5	1	1	2	56	401300103	4	1068	361	325	271	451	1071	361	325	271	451	0	0	0	0	0	0	0	0	0	0	1032	100	0	0	0	0	0	0	0	0	0	0	神赐金刚石
3	5	2	1	2	167	401300103	12	1068	517	465	388	646	1071	517	465	388	646	0	0	0	0	0	0	0	0	0	0	2065	300	0	0	0	0	0	0	0	0	0	0	神赐金刚石
3	5	3	1	2	444	401300103	36	1068	739	665	554	924	1071	739	665	554	924	0	0	0	0	0	0	0	0	0	0	3098	800	0	0	0	0	0	0	0	0	0	0	神赐金刚石
3	5	4	1	2	1167	401300203	36	1068	1057	951	793	1321	1071	1057	951	793	1321	0	0	0	0	0	0	0	0	0	0	4647	2100	0	0	0	0	0	0	0	0	0	0	神赐金刚石
3	5	5	1	2	2944	401300203	54	1068	1510	1359	1133	1888	1071	1510	1359	1133	1888	4068	50	50	50	50	4071	50	50	50	50	6971	5300	10071	50	50	50	50	0	0	0	0	0	神赐金刚石
3	5	6	1	2	5444	401300203	72	1068	2158	1942	1619	2698	1071	2158	1942	1619	2698	4068	150	150	150	150	4071	150	150	150	150	10457	9800	10071	150	150	150	150	0	0	0	0	0	神赐金刚石
3	5	7	1	2	10556	401300303	72	1068	3084	2776	2313	3855	1071	3084	2776	2313	3855	4068	300	300	300	300	4071	300	300	300	300	15685	19000	10071	300	300	300	300	0	0	0	0	0	神赐金刚石
3	5	8	1	2	22222	401300303	108	1068	4407	3966	3305	5509	1071	4407	3966	3305	5509	4068	500	500	500	500	4071	500	500	500	500	21959	40000	10071	500	500	500	500	0	0	0	0	0	神赐金刚石
3	5	9	1	2	47222	401300303	144	1068	6296	5666	4722	7870	1071	6296	5666	4722	7870	4068	700	700	700	700	4071	700	700	700	700	30743	85000	10071	700	700	700	700	0	0	0	0	0	神赐金刚石
5	3	0	1	1	0	401300102	0	1007	0	0	0	0	0	0	0	0	0	0	0	0	0	0	0	0	0	0	0	0	0	0	0	0	0	0	0	0	0	0	0	燎原石
5	3	1	1	1	42	401300102	2	1007	50	50	50	50	0	0	0	0	0	0	0	0	0	0	0	0	0	0	0	96	75	0	0	0	0	0	0	0	0	0	0	燎原石
5	3	2	1	1	111	401300102	6	1007	100	100	100	100	0	0	0	0	0	0	0	0	0	0	0	0	0	0	0	192	200	0	0	0	0	0	0	0	0	0	0	燎原石
5	3	3	1	1	278	401300102	18	1007	150	150	150	150	0	0	0	0	0	0	0	0	0	0	0	0	0	0	0	384	500	0	0	0	0	0	0	0	0	0	0	燎原石
5	3	4	1	1	722	401300202	18	1007	250	250	250	250	0	0	0	0	0	0	0	0	0	0	0	0	0	0	0	768	1300	0	0	0	0	0	0	0	0	0	0	燎原石
5	3	5	1	1	1444	401300202	27	1007	400	400	400	400	0	0	0	0	0	0	0	0	0	0	0	0	0	0	0	1536	2600	0	0	0	0	0	0	0	0	0	0	燎原石
5	3	6	1	1	2722	401300202	36	1007	600	600	600	600	0	0	0	0	0	0	0	0	0	0	0	0	0	0	0	2304	4900	0	0	0	0	0	0	0	0	0	0	燎原石
5	3	7	1	1	5278	401300302	36	1007	800	800	800	800	0	0	0	0	0	0	0	0	0	0	0	0	0	0	0	3456	9500	0	0	0	0	0	0	0	0	0	0	燎原石
5	3	8	1	1	11111	401300302	54	1007	1000	1000	1000	1000	0	0	0	0	0	0	0	0	0	0	0	0	0	0	0	5184	20000	0	0	0	0	0	0	0	0	0	0	燎原石
5	3	9	1	1	23333	401300302	72	1007	1200	1200	1200	1200	0	0	0	0	0	0	0	0	0	0	0	0	0	0	0	7257	42000	0	0	0	0	0	0	0	0	0	0	燎原石
5	4	0	1	1	0	401300102	0	1007	0	0	0	0	0	0	0	0	0	0	0	0	0	0	0	0	0	0	0	0	0	0	0	0	0	0	0	0	0	0	0	上古燎原石
5	4	1	1	1	42	401300102	2	1007	150	150	150	150	0	0	0	0	0	0	0	0	0	0	0	0	0	0	0	485	75	0	0	0	0	0	0	0	0	0	0	上古燎原石
5	4	2	1	1	111	401300102	6	1007	200	200	200	200	0	0	0	0	0	0	0	0	0	0	0	0	0	0	0	970	200	0	0	0	0	0	0	0	0	0	0	上古燎原石
5	4	3	1	1	278	401300102	18	1007	250	250	250	250	0	0	0	0	0	0	0	0	0	0	0	0	0	0	0	1941	500	0	0	0	0	0	0	0	0	0	0	上古燎原石
5	4	4	1	1	722	401300202	18	1007	350	350	350	350	0	0	0	0	0	0	0	0	0	0	0	0	0	0	0	3883	1300	0	0	0	0	0	0	0	0	0	0	上古燎原石
5	4	5	1	1	1444	401300202	27	1007	500	500	500	500	0	0	0	0	0	0	0	0	0	0	0	0	0	0	0	5824	2600	0	0	0	0	0	0	0	0	0	0	上古燎原石
5	4	6	1	1	2722	401300202	36	1007	700	700	700	700	0	0	0	0	0	0	0	0	0	0	0	0	0	0	0	8737	4900	0	0	0	0	0	0	0	0	0	0	上古燎原石
5	4	7	1	1	5278	401300302	36	1007	900	900	900	900	0	0	0	0	0	0	0	0	0	0	0	0	0	0	0	13105	9500	0	0	0	0	0	0	0	0	0	0	上古燎原石
5	4	8	1	1	11111	401300302	54	1007	1100	1100	1100	1100	0	0	0	0	0	0	0	0	0	0	0	0	0	0	0	19659	20000	0	0	0	0	0	0	0	0	0	0	上古燎原石
5	4	9	1	1	23333	401300302	72	1007	1300	1300	1300	1300	0	0	0	0	0	0	0	0	0	0	0	0	0	0	0	27522	42000	0	0	0	0	0	0	0	0	0	0	上古燎原石
5	5	0	1	1	0	401300102	0	1007	0	0	0	0	0	0	0	0	0	0	0	0	0	0	0	0	0	0	0	0	0	0	0	0	0	0	0	0	0	0	0	神赐燎原石
5	5	1	1	1	42	401300102	2	1007	300	300	300	300	0	0	0	0	0	0	0	0	0	0	0	0	0	0	0	2065	75	0	0	0	0	0	0	0	0	0	0	神赐燎原石
5	5	2	1	1	111	401300102	6	1007	350	350	350	350	0	0	0	0	0	0	0	0	0	0	0	0	0	0	0	4131	200	0	0	0	0	0	0	0	0	0	0	神赐燎原石
5	5	3	1	1	278	401300102	18	1007	400	400	400	400	0	0	0	0	0	0	0	0	0	0	0	0	0	0	0	6196	500	0	0	0	0	0	0	0	0	0	0	神赐燎原石
5	5	4	1	1	722	401300202	18	1007	500	500	500	500	0	0	0	0	0	0	0	0	0	0	0	0	0	0	0	9295	1300	0	0	0	0	0	0	0	0	0	0	神赐燎原石
5	5	5	1	1	1444	401300202	27	1007	600	600	600	600	0	0	0	0	0	0	0	0	0	0	0	0	0	0	0	13942	2600	0	0	0	0	0	0	0	0	0	0	神赐燎原石
5	5	6	1	1	2722	401300202	36	1007	800	800	800	800	0	0	0	0	0	0	0	0	0	0	0	0	0	0	0	20914	4900	0	0	0	0	0	0	0	0	0	0	神赐燎原石
5	5	7	1	1	5278	401300302	36	1007	1000	1000	1000	1000	0	0	0	0	0	0	0	0	0	0	0	0	0	0	0	31371	9500	0	0	0	0	0	0	0	0	0	0	神赐燎原石
5	5	8	1	1	11111	401300302	54	1007	1200	1200	1200	1200	0	0	0	0	0	0	0	0	0	0	0	0	0	0	0	43919	20000	0	0	0	0	0	0	0	0	0	0	神赐燎原石
5	5	9	1	1	23333	401300302	72	1007	1400	1400	1400	1400	0	0	0	0	0	0	0	0	0	0	0	0	0	0	0	61487	42000	0	0	0	0	0	0	0	0	0	0	神赐燎原石
6	3	0	1	2	0	401300103	0	1008	0	0	0	0	0	0	0	0	0	0	0	0	0	0	0	0	0	0	0	0	0	0	0	0	0	0	0	0	0	0	0	炼体石
6	3	1	1	2	28	401300103	2	1008	50	50	50	50	0	0	0	0	0	0	0	0	0	0	0	0	0	0	0	96	50	0	0	0	0	0	0	0	0	0	0	炼体石
6	3	2	1	2	72	401300103	6	1008	100	100	100	100	0	0	0	0	0	0	0	0	0	0	0	0	0	0	0	192	130	0	0	0	0	0	0	0	0	0	0	炼体石
6	3	3	1	2	194	401300103	18	1008	150	150	150	150	0	0	0	0	0	0	0	0	0	0	0	0	0	0	0	384	350	0	0	0	0	0	0	0	0	0	0	炼体石
6	3	4	1	2	500	401300203	18	1008	250	250	250	250	0	0	0	0	0	0	0	0	0	0	0	0	0	0	0	768	900	0	0	0	0	0	0	0	0	0	0	炼体石
6	3	5	1	2	944	401300203	27	1008	400	400	400	400	0	0	0	0	0	0	0	0	0	0	0	0	0	0	0	1536	1700	0	0	0	0	0	0	0	0	0	0	炼体石
6	3	6	1	2	1778	401300203	36	1008	600	600	600	600	0	0	0	0	0	0	0	0	0	0	0	0	0	0	0	2304	3200	0	0	0	0	0	0	0	0	0	0	炼体石
6	3	7	1	2	3611	401300303	36	1008	800	800	800	800	0	0	0	0	0	0	0	0	0	0	0	0	0	0	0	3456	6500	0	0	0	0	0	0	0	0	0	0	炼体石
6	3	8	1	2	7500	401300303	54	1008	1000	1000	1000	1000	0	0	0	0	0	0	0	0	0	0	0	0	0	0	0	5184	13500	0	0	0	0	0	0	0	0	0	0	炼体石
6	3	9	1	2	15556	401300303	72	1008	1200	1200	1200	1200	0	0	0	0	0	0	0	0	0	0	0	0	0	0	0	7257	28000	0	0	0	0	0	0	0	0	0	0	炼体石
6	4	0	1	2	0	401300103	0	1008	0	0	0	0	0	0	0	0	0	0	0	0	0	0	0	0	0	0	0	0	0	0	0	0	0	0	0	0	0	0	0	上古炼体石
6	4	1	1	2	28	401300103	2	1008	150	150	150	150	0	0	0	0	0	0	0	0	0	0	0	0	0	0	0	485	50	0	0	0	0	0	0	0	0	0	0	上古炼体石
6	4	2	1	2	72	401300103	6	1008	200	200	200	200	0	0	0	0	0	0	0	0	0	0	0	0	0	0	0	970	130	0	0	0	0	0	0	0	0	0	0	上古炼体石
6	4	3	1	2	194	401300103	18	1008	250	250	250	250	0	0	0	0	0	0	0	0	0	0	0	0	0	0	0	1941	350	0	0	0	0	0	0	0	0	0	0	上古炼体石
6	4	4	1	2	500	401300203	18	1008	350	350	350	350	0	0	0	0	0	0	0	0	0	0	0	0	0	0	0	3883	900	0	0	0	0	0	0	0	0	0	0	上古炼体石
6	4	5	1	2	944	401300203	27	1008	500	500	500	500	0	0	0	0	0	0	0	0	0	0	0	0	0	0	0	5824	1700	0	0	0	0	0	0	0	0	0	0	上古炼体石
6	4	6	1	2	1778	401300203	36	1008	700	700	700	700	0	0	0	0	0	0	0	0	0	0	0	0	0	0	0	8737	3200	0	0	0	0	0	0	0	0	0	0	上古炼体石
6	4	7	1	2	3611	401300303	36	1008	900	900	900	900	0	0	0	0	0	0	0	0	0	0	0	0	0	0	0	13105	6500	0	0	0	0	0	0	0	0	0	0	上古炼体石
6	4	8	1	2	7500	401300303	54	1008	1100	1100	1100	1100	0	0	0	0	0	0	0	0	0	0	0	0	0	0	0	19659	13500	0	0	0	0	0	0	0	0	0	0	上古炼体石
6	4	9	1	2	15556	401300303	72	1008	1300	1300	1300	1300	0	0	0	0	0	0	0	0	0	0	0	0	0	0	0	27522	28000	0	0	0	0	0	0	0	0	0	0	上古炼体石
6	5	0	1	2	0	401300103	0	1008	0	0	0	0	0	0	0	0	0	0	0	0	0	0	0	0	0	0	0	0	0	0	0	0	0	0	0	0	0	0	0	神赐炼体石
6	5	1	1	2	28	401300103	2	1008	300	300	300	300	0	0	0	0	0	0	0	0	0	0	0	0	0	0	0	2065	50	0	0	0	0	0	0	0	0	0	0	神赐炼体石
6	5	2	1	2	72	401300103	6	1008	350	350	350	350	0	0	0	0	0	0	0	0	0	0	0	0	0	0	0	4131	130	0	0	0	0	0	0	0	0	0	0	神赐炼体石
6	5	3	1	2	194	401300103	18	1008	400	400	400	400	0	0	0	0	0	0	0	0	0	0	0	0	0	0	0	6196	350	0	0	0	0	0	0	0	0	0	0	神赐炼体石
6	5	4	1	2	500	401300203	18	1008	500	500	500	500	0	0	0	0	0	0	0	0	0	0	0	0	0	0	0	9295	900	0	0	0	0	0	0	0	0	0	0	神赐炼体石
6	5	5	1	2	944	401300203	27	1008	600	600	600	600	0	0	0	0	0	0	0	0	0	0	0	0	0	0	0	13942	1700	0	0	0	0	0	0	0	0	0	0	神赐炼体石
6	5	6	1	2	1778	401300203	36	1008	800	800	800	800	0	0	0	0	0	0	0	0	0	0	0	0	0	0	0	20914	3200	0	0	0	0	0	0	0	0	0	0	神赐炼体石
6	5	7	1	2	3611	401300303	36	1008	1000	1000	1000	1000	0	0	0	0	0	0	0	0	0	0	0	0	0	0	0	31371	6500	0	0	0	0	0	0	0	0	0	0	神赐炼体石
6	5	8	1	2	7500	401300303	54	1008	1200	1200	1200	1200	0	0	0	0	0	0	0	0	0	0	0	0	0	0	0	43919	13500	0	0	0	0	0	0	0	0	0	0	神赐炼体石
6	5	9	1	2	15556	401300303	72	1008	1400	1400	1400	1400	0	0	0	0	0	0	0	0	0	0	0	0	0	0	0	61487	28000	0	0	0	0	0	0	0	0	0	0	神赐炼体石
7	3	0	1	1	0	401300102	0	1005	0	0	0	0	0	0	0	0	0	0	0	0	0	0	0	0	0	0	0	0	0	0	0	0	0	0	0	0	0	0	0	心眼石
7	3	1	1	1	28	401300102	2	1005	50	50	50	50	0	0	0	0	0	0	0	0	0	0	0	0	0	0	0	96	50	0	0	0	0	0	0	0	0	0	0	心眼石
7	3	2	1	1	72	401300102	6	1005	100	100	100	100	0	0	0	0	0	0	0	0	0	0	0	0	0	0	0	192	130	0	0	0	0	0	0	0	0	0	0	心眼石
7	3	3	1	1	194	401300102	18	1005	150	150	150	150	0	0	0	0	0	0	0	0	0	0	0	0	0	0	0	384	350	0	0	0	0	0	0	0	0	0	0	心眼石
7	3	4	1	1	500	401300202	18	1005	250	250	250	250	0	0	0	0	0	0	0	0	0	0	0	0	0	0	0	768	900	0	0	0	0	0	0	0	0	0	0	心眼石
7	3	5	1	1	944	401300202	27	1005	400	400	400	400	0	0	0	0	0	0	0	0	0	0	0	0	0	0	0	1536	1700	0	0	0	0	0	0	0	0	0	0	心眼石
7	3	6	1	1	1778	401300202	36	1005	600	600	600	600	0	0	0	0	0	0	0	0	0	0	0	0	0	0	0	2304	3200	0	0	0	0	0	0	0	0	0	0	心眼石
7	3	7	1	1	3611	401300302	36	1005	800	800	800	800	0	0	0	0	0	0	0	0	0	0	0	0	0	0	0	3456	6500	0	0	0	0	0	0	0	0	0	0	心眼石
7	3	8	1	1	7500	401300302	54	1005	1000	1000	1000	1000	0	0	0	0	0	0	0	0	0	0	0	0	0	0	0	5184	13500	0	0	0	0	0	0	0	0	0	0	心眼石
7	3	9	1	1	15556	401300302	72	1005	1200	1200	1200	1200	0	0	0	0	0	0	0	0	0	0	0	0	0	0	0	7257	28000	0	0	0	0	0	0	0	0	0	0	心眼石
7	4	0	1	1	0	401300102	0	1005	0	0	0	0	0	0	0	0	0	0	0	0	0	0	0	0	0	0	0	0	0	0	0	0	0	0	0	0	0	0	0	上古心眼石
7	4	1	1	1	28	401300102	2	1005	150	150	150	150	0	0	0	0	0	0	0	0	0	0	0	0	0	0	0	485	50	0	0	0	0	0	0	0	0	0	0	上古心眼石
7	4	2	1	1	72	401300102	6	1005	200	200	200	200	0	0	0	0	0	0	0	0	0	0	0	0	0	0	0	970	130	0	0	0	0	0	0	0	0	0	0	上古心眼石
7	4	3	1	1	194	401300102	18	1005	250	250	250	250	0	0	0	0	0	0	0	0	0	0	0	0	0	0	0	1941	350	0	0	0	0	0	0	0	0	0	0	上古心眼石
7	4	4	1	1	500	401300202	18	1005	350	350	350	350	0	0	0	0	0	0	0	0	0	0	0	0	0	0	0	3883	900	0	0	0	0	0	0	0	0	0	0	上古心眼石
7	4	5	1	1	944	401300202	27	1005	500	500	500	500	0	0	0	0	0	0	0	0	0	0	0	0	0	0	0	5824	1700	0	0	0	0	0	0	0	0	0	0	上古心眼石
7	4	6	1	1	1778	401300202	36	1005	700	700	700	700	0	0	0	0	0	0	0	0	0	0	0	0	0	0	0	8737	3200	0	0	0	0	0	0	0	0	0	0	上古心眼石
7	4	7	1	1	3611	401300302	36	1005	900	900	900	900	0	0	0	0	0	0	0	0	0	0	0	0	0	0	0	13105	6500	0	0	0	0	0	0	0	0	0	0	上古心眼石
7	4	8	1	1	7500	401300302	54	1005	1100	1100	1100	1100	0	0	0	0	0	0	0	0	0	0	0	0	0	0	0	19659	13500	0	0	0	0	0	0	0	0	0	0	上古心眼石
7	4	9	1	1	15556	401300302	72	1005	1300	1300	1300	1300	0	0	0	0	0	0	0	0	0	0	0	0	0	0	0	27522	28000	0	0	0	0	0	0	0	0	0	0	上古心眼石
7	5	0	1	1	0	401300102	0	1005	0	0	0	0	0	0	0	0	0	0	0	0	0	0	0	0	0	0	0	0	0	0	0	0	0	0	0	0	0	0	0	神赐心眼石
7	5	1	1	1	28	401300102	2	1005	300	300	300	300	0	0	0	0	0	0	0	0	0	0	0	0	0	0	0	2065	50	0	0	0	0	0	0	0	0	0	0	神赐心眼石
7	5	2	1	1	72	401300102	6	1005	350	350	350	350	0	0	0	0	0	0	0	0	0	0	0	0	0	0	0	4131	130	0	0	0	0	0	0	0	0	0	0	神赐心眼石
7	5	3	1	1	194	401300102	18	1005	400	400	400	400	0	0	0	0	0	0	0	0	0	0	0	0	0	0	0	6196	350	0	0	0	0	0	0	0	0	0	0	神赐心眼石
7	5	4	1	1	500	401300202	18	1005	500	500	500	500	0	0	0	0	0	0	0	0	0	0	0	0	0	0	0	9295	900	0	0	0	0	0	0	0	0	0	0	神赐心眼石
7	5	5	1	1	944	401300202	27	1005	600	600	600	600	0	0	0	0	0	0	0	0	0	0	0	0	0	0	0	13942	1700	0	0	0	0	0	0	0	0	0	0	神赐心眼石
7	5	6	1	1	1778	401300202	36	1005	800	800	800	800	0	0	0	0	0	0	0	0	0	0	0	0	0	0	0	20914	3200	0	0	0	0	0	0	0	0	0	0	神赐心眼石
7	5	7	1	1	3611	401300302	36	1005	1000	1000	1000	1000	0	0	0	0	0	0	0	0	0	0	0	0	0	0	0	31371	6500	0	0	0	0	0	0	0	0	0	0	神赐心眼石
7	5	8	1	1	7500	401300302	54	1005	1200	1200	1200	1200	0	0	0	0	0	0	0	0	0	0	0	0	0	0	0	43919	13500	0	0	0	0	0	0	0	0	0	0	神赐心眼石
7	5	9	1	1	15556	401300302	72	1005	1400	1400	1400	1400	0	0	0	0	0	0	0	0	0	0	0	0	0	0	0	61487	28000	0	0	0	0	0	0	0	0	0	0	神赐心眼石
8	3	0	1	2	0	401300103	0	1006	0	0	0	0	0	0	0	0	0	0	0	0	0	0	0	0	0	0	0	0	0	0	0	0	0	0	0	0	0	0	0	瞬影石
8	3	1	1	2	42	401300103	2	1006	50	50	50	50	0	0	0	0	0	0	0	0	0	0	0	0	0	0	0	96	75	0	0	0	0	0	0	0	0	0	0	瞬影石
8	3	2	1	2	111	401300103	6	1006	100	100	100	100	0	0	0	0	0	0	0	0	0	0	0	0	0	0	0	192	200	0	0	0	0	0	0	0	0	0	0	瞬影石
8	3	3	1	2	278	401300103	18	1006	150	150	150	150	0	0	0	0	0	0	0	0	0	0	0	0	0	0	0	384	500	0	0	0	0	0	0	0	0	0	0	瞬影石
8	3	4	1	2	722	401300203	18	1006	250	250	250	250	0	0	0	0	0	0	0	0	0	0	0	0	0	0	0	768	1300	0	0	0	0	0	0	0	0	0	0	瞬影石
8	3	5	1	2	1444	401300203	27	1006	400	400	400	400	0	0	0	0	0	0	0	0	0	0	0	0	0	0	0	1536	2600	0	0	0	0	0	0	0	0	0	0	瞬影石
8	3	6	1	2	2722	401300203	36	1006	600	600	600	600	0	0	0	0	0	0	0	0	0	0	0	0	0	0	0	2304	4900	0	0	0	0	0	0	0	0	0	0	瞬影石
8	3	7	1	2	5278	401300303	36	1006	800	800	800	800	0	0	0	0	0	0	0	0	0	0	0	0	0	0	0	3456	9500	0	0	0	0	0	0	0	0	0	0	瞬影石
8	3	8	1	2	11111	401300303	54	1006	1000	1000	1000	1000	0	0	0	0	0	0	0	0	0	0	0	0	0	0	0	5184	20000	0	0	0	0	0	0	0	0	0	0	瞬影石
8	3	9	1	2	23333	401300303	72	1006	1200	1200	1200	1200	0	0	0	0	0	0	0	0	0	0	0	0	0	0	0	7257	42000	0	0	0	0	0	0	0	0	0	0	瞬影石
8	4	0	1	2	0	401300103	0	1006	0	0	0	0	0	0	0	0	0	0	0	0	0	0	0	0	0	0	0	0	0	0	0	0	0	0	0	0	0	0	0	上古瞬影石
8	4	1	1	2	42	401300103	2	1006	150	150	150	150	0	0	0	0	0	0	0	0	0	0	0	0	0	0	0	485	75	0	0	0	0	0	0	0	0	0	0	上古瞬影石
8	4	2	1	2	111	401300103	6	1006	200	200	200	200	0	0	0	0	0	0	0	0	0	0	0	0	0	0	0	970	200	0	0	0	0	0	0	0	0	0	0	上古瞬影石
8	4	3	1	2	278	401300103	18	1006	250	250	250	250	0	0	0	0	0	0	0	0	0	0	0	0	0	0	0	1941	500	0	0	0	0	0	0	0	0	0	0	上古瞬影石
8	4	4	1	2	722	401300203	18	1006	350	350	350	350	0	0	0	0	0	0	0	0	0	0	0	0	0	0	0	3883	1300	0	0	0	0	0	0	0	0	0	0	上古瞬影石
8	4	5	1	2	1444	401300203	27	1006	500	500	500	500	0	0	0	0	0	0	0	0	0	0	0	0	0	0	0	5824	2600	0	0	0	0	0	0	0	0	0	0	上古瞬影石
8	4	6	1	2	2722	401300203	36	1006	700	700	700	700	0	0	0	0	0	0	0	0	0	0	0	0	0	0	0	8737	4900	0	0	0	0	0	0	0	0	0	0	上古瞬影石
8	4	7	1	2	5278	401300303	36	1006	900	900	900	900	0	0	0	0	0	0	0	0	0	0	0	0	0	0	0	13105	9500	0	0	0	0	0	0	0	0	0	0	上古瞬影石
8	4	8	1	2	11111	401300303	54	1006	1100	1100	1100	1100	0	0	0	0	0	0	0	0	0	0	0	0	0	0	0	19659	20000	0	0	0	0	0	0	0	0	0	0	上古瞬影石
8	4	9	1	2	23333	401300303	72	1006	1300	1300	1300	1300	0	0	0	0	0	0	0	0	0	0	0	0	0	0	0	27522	42000	0	0	0	0	0	0	0	0	0	0	上古瞬影石
8	5	0	1	2	0	401300103	0	1006	0	0	0	0	0	0	0	0	0	0	0	0	0	0	0	0	0	0	0	0	0	0	0	0	0	0	0	0	0	0	0	神赐瞬影石
8	5	1	1	2	42	401300103	2	1006	300	300	300	300	0	0	0	0	0	0	0	0	0	0	0	0	0	0	0	2065	75	0	0	0	0	0	0	0	0	0	0	神赐瞬影石
8	5	2	1	2	111	401300103	6	1006	350	350	350	350	0	0	0	0	0	0	0	0	0	0	0	0	0	0	0	4131	200	0	0	0	0	0	0	0	0	0	0	神赐瞬影石
8	5	3	1	2	278	401300103	18	1006	400	400	400	400	0	0	0	0	0	0	0	0	0	0	0	0	0	0	0	6196	500	0	0	0	0	0	0	0	0	0	0	神赐瞬影石
8	5	4	1	2	722	401300203	18	1006	500	500	500	500	0	0	0	0	0	0	0	0	0	0	0	0	0	0	0	9295	1300	0	0	0	0	0	0	0	0	0	0	神赐瞬影石
8	5	5	1	2	1444	401300203	27	1006	600	600	600	600	0	0	0	0	0	0	0	0	0	0	0	0	0	0	0	13942	2600	0	0	0	0	0	0	0	0	0	0	神赐瞬影石
8	5	6	1	2	2722	401300203	36	1006	800	800	800	800	0	0	0	0	0	0	0	0	0	0	0	0	0	0	0	20914	4900	0	0	0	0	0	0	0	0	0	0	神赐瞬影石
8	5	7	1	2	5278	401300303	36	1006	1000	1000	1000	1000	0	0	0	0	0	0	0	0	0	0	0	0	0	0	0	31371	9500	0	0	0	0	0	0	0	0	0	0	神赐瞬影石
8	5	8	1	2	11111	401300303	54	1006	1200	1200	1200	1200	0	0	0	0	0	0	0	0	0	0	0	0	0	0	0	43919	20000	0	0	0	0	0	0	0	0	0	0	神赐瞬影石
8	5	9	1	2	23333	401300303	72	1006	1400	1400	1400	1400	0	0	0	0	0	0	0	0	0	0	0	0	0	0	0	61487	42000	0	0	0	0	0	0	0	0	0	0	神赐瞬影石
9	3	0	1	3	0	401300101	0	1011	0	0	0	0	0	0	0	0	0	0	0	0	0	0	0	0	0	0	0	0	0	0	0	0	0	0	0	0	0	0	0	斩铁石
9	3	1	1	3	28	401300101	2	1011	50	50	50	50	0	0	0	0	0	0	0	0	0	0	0	0	0	0	0	96	50	0	0	0	0	0	0	0	0	0	0	斩铁石
9	3	2	1	3	72	401300101	6	1011	100	100	100	100	0	0	0	0	0	0	0	0	0	0	0	0	0	0	0	192	130	0	0	0	0	0	0	0	0	0	0	斩铁石
9	3	3	1	3	194	401300101	18	1011	150	150	150	150	0	0	0	0	0	0	0	0	0	0	0	0	0	0	0	384	350	0	0	0	0	0	0	0	0	0	0	斩铁石
9	3	4	1	3	500	401300201	18	1011	250	250	250	250	0	0	0	0	0	0	0	0	0	0	0	0	0	0	0	768	900	0	0	0	0	0	0	0	0	0	0	斩铁石
9	3	5	1	3	944	401300201	27	1011	400	400	400	400	0	0	0	0	0	0	0	0	0	0	0	0	0	0	0	1536	1700	0	0	0	0	0	0	0	0	0	0	斩铁石
9	3	6	1	3	1778	401300201	36	1011	600	600	600	600	0	0	0	0	0	0	0	0	0	0	0	0	0	0	0	2304	3200	0	0	0	0	0	0	0	0	0	0	斩铁石
9	3	7	1	3	3611	401300301	36	1011	800	800	800	800	0	0	0	0	0	0	0	0	0	0	0	0	0	0	0	3456	6500	0	0	0	0	0	0	0	0	0	0	斩铁石
9	3	8	1	3	7500	401300301	54	1011	1000	1000	1000	1000	0	0	0	0	0	0	0	0	0	0	0	0	0	0	0	5184	13500	0	0	0	0	0	0	0	0	0	0	斩铁石
9	3	9	1	3	15556	401300301	72	1011	1200	1200	1200	1200	0	0	0	0	0	0	0	0	0	0	0	0	0	0	0	7257	28000	0	0	0	0	0	0	0	0	0	0	斩铁石
9	4	0	1	3	0	401300101	0	1011	0	0	0	0	0	0	0	0	0	0	0	0	0	0	0	0	0	0	0	0	0	0	0	0	0	0	0	0	0	0	0	上古斩铁石
9	4	1	1	3	28	401300101	2	1011	150	150	150	150	0	0	0	0	0	0	0	0	0	0	0	0	0	0	0	485	50	0	0	0	0	0	0	0	0	0	0	上古斩铁石
9	4	2	1	3	72	401300101	6	1011	200	200	200	200	0	0	0	0	0	0	0	0	0	0	0	0	0	0	0	970	130	0	0	0	0	0	0	0	0	0	0	上古斩铁石
9	4	3	1	3	194	401300101	18	1011	250	250	250	250	0	0	0	0	0	0	0	0	0	0	0	0	0	0	0	1941	350	0	0	0	0	0	0	0	0	0	0	上古斩铁石
9	4	4	1	3	500	401300201	18	1011	350	350	350	350	0	0	0	0	0	0	0	0	0	0	0	0	0	0	0	3883	900	0	0	0	0	0	0	0	0	0	0	上古斩铁石
9	4	5	1	3	944	401300201	27	1011	500	500	500	500	0	0	0	0	0	0	0	0	0	0	0	0	0	0	0	5824	1700	0	0	0	0	0	0	0	0	0	0	上古斩铁石
9	4	6	1	3	1778	401300201	36	1011	700	700	700	700	0	0	0	0	0	0	0	0	0	0	0	0	0	0	0	8737	3200	0	0	0	0	0	0	0	0	0	0	上古斩铁石
9	4	7	1	3	3611	401300301	36	1011	900	900	900	900	0	0	0	0	0	0	0	0	0	0	0	0	0	0	0	13105	6500	0	0	0	0	0	0	0	0	0	0	上古斩铁石
9	4	8	1	3	7500	401300301	54	1011	1100	1100	1100	1100	0	0	0	0	0	0	0	0	0	0	0	0	0	0	0	19659	13500	0	0	0	0	0	0	0	0	0	0	上古斩铁石
9	4	9	1	3	15556	401300301	72	1011	1300	1300	1300	1300	0	0	0	0	0	0	0	0	0	0	0	0	0	0	0	27522	28000	0	0	0	0	0	0	0	0	0	0	上古斩铁石
9	5	0	1	3	0	401300101	0	1011	0	0	0	0	0	0	0	0	0	0	0	0	0	0	0	0	0	0	0	0	0	0	0	0	0	0	0	0	0	0	0	神赐斩铁石
9	5	1	1	3	28	401300101	2	1011	300	300	300	300	0	0	0	0	0	0	0	0	0	0	0	0	0	0	0	2065	50	0	0	0	0	0	0	0	0	0	0	神赐斩铁石
9	5	2	1	3	72	401300101	6	1011	350	350	350	350	0	0	0	0	0	0	0	0	0	0	0	0	0	0	0	4131	130	0	0	0	0	0	0	0	0	0	0	神赐斩铁石
9	5	3	1	3	194	401300101	18	1011	400	400	400	400	0	0	0	0	0	0	0	0	0	0	0	0	0	0	0	6196	350	0	0	0	0	0	0	0	0	0	0	神赐斩铁石
9	5	4	1	3	500	401300201	18	1011	500	500	500	500	0	0	0	0	0	0	0	0	0	0	0	0	0	0	0	9295	900	0	0	0	0	0	0	0	0	0	0	神赐斩铁石
9	5	5	1	3	944	401300201	27	1011	600	600	600	600	0	0	0	0	0	0	0	0	0	0	0	0	0	0	0	13942	1700	0	0	0	0	0	0	0	0	0	0	神赐斩铁石
9	5	6	1	3	1778	401300201	36	1011	800	800	800	800	0	0	0	0	0	0	0	0	0	0	0	0	0	0	0	20914	3200	0	0	0	0	0	0	0	0	0	0	神赐斩铁石
9	5	7	1	3	3611	401300301	36	1011	1000	1000	1000	1000	0	0	0	0	0	0	0	0	0	0	0	0	0	0	0	31371	6500	0	0	0	0	0	0	0	0	0	0	神赐斩铁石
9	5	8	1	3	7500	401300301	54	1011	1200	1200	1200	1200	0	0	0	0	0	0	0	0	0	0	0	0	0	0	0	43919	13500	0	0	0	0	0	0	0	0	0	0	神赐斩铁石
9	5	9	1	3	15556	401300301	72	1011	1400	1400	1400	1400	0	0	0	0	0	0	0	0	0	0	0	0	0	0	0	61487	28000	0	0	0	0	0	0	0	0	0	0	神赐斩铁石
10	3	0	1	3	0	401300101	0	1010	0	0	0	0	0	0	0	0	0	0	0	0	0	0	0	0	0	0	0	0	0	0	0	0	0	0	0	0	0	0	0	守御石
10	3	1	1	3	42	401300101	2	1010	50	50	50	50	0	0	0	0	0	0	0	0	0	0	0	0	0	0	0	96	75	0	0	0	0	0	0	0	0	0	0	守御石
10	3	2	1	3	111	401300101	6	1010	100	100	100	100	0	0	0	0	0	0	0	0	0	0	0	0	0	0	0	192	200	0	0	0	0	0	0	0	0	0	0	守御石
10	3	3	1	3	278	401300101	18	1010	150	150	150	150	0	0	0	0	0	0	0	0	0	0	0	0	0	0	0	384	500	0	0	0	0	0	0	0	0	0	0	守御石
10	3	4	1	3	722	401300201	18	1010	250	250	250	250	0	0	0	0	0	0	0	0	0	0	0	0	0	0	0	768	1300	0	0	0	0	0	0	0	0	0	0	守御石
10	3	5	1	3	1444	401300201	27	1010	400	400	400	400	0	0	0	0	0	0	0	0	0	0	0	0	0	0	0	1536	2600	0	0	0	0	0	0	0	0	0	0	守御石
10	3	6	1	3	2722	401300201	36	1010	600	600	600	600	0	0	0	0	0	0	0	0	0	0	0	0	0	0	0	2304	4900	0	0	0	0	0	0	0	0	0	0	守御石
10	3	7	1	3	5278	401300301	36	1010	800	800	800	800	0	0	0	0	0	0	0	0	0	0	0	0	0	0	0	3456	9500	0	0	0	0	0	0	0	0	0	0	守御石
10	3	8	1	3	11111	401300301	54	1010	1000	1000	1000	1000	0	0	0	0	0	0	0	0	0	0	0	0	0	0	0	5184	20000	0	0	0	0	0	0	0	0	0	0	守御石
10	3	9	1	3	23333	401300301	72	1010	1200	1200	1200	1200	0	0	0	0	0	0	0	0	0	0	0	0	0	0	0	7257	42000	0	0	0	0	0	0	0	0	0	0	守御石
10	4	0	1	3	0	401300101	0	1010	0	0	0	0	0	0	0	0	0	0	0	0	0	0	0	0	0	0	0	0	0	0	0	0	0	0	0	0	0	0	0	上古守御石
10	4	1	1	3	42	401300101	2	1010	150	150	150	150	0	0	0	0	0	0	0	0	0	0	0	0	0	0	0	485	75	0	0	0	0	0	0	0	0	0	0	上古守御石
10	4	2	1	3	111	401300101	6	1010	200	200	200	200	0	0	0	0	0	0	0	0	0	0	0	0	0	0	0	970	200	0	0	0	0	0	0	0	0	0	0	上古守御石
10	4	3	1	3	278	401300101	18	1010	250	250	250	250	0	0	0	0	0	0	0	0	0	0	0	0	0	0	0	1941	500	0	0	0	0	0	0	0	0	0	0	上古守御石
10	4	4	1	3	722	401300201	18	1010	350	350	350	350	0	0	0	0	0	0	0	0	0	0	0	0	0	0	0	3883	1300	0	0	0	0	0	0	0	0	0	0	上古守御石
10	4	5	1	3	1444	401300201	27	1010	500	500	500	500	0	0	0	0	0	0	0	0	0	0	0	0	0	0	0	5824	2600	0	0	0	0	0	0	0	0	0	0	上古守御石
10	4	6	1	3	2722	401300201	36	1010	700	700	700	700	0	0	0	0	0	0	0	0	0	0	0	0	0	0	0	8737	4900	0	0	0	0	0	0	0	0	0	0	上古守御石
10	4	7	1	3	5278	401300301	36	1010	900	900	900	900	0	0	0	0	0	0	0	0	0	0	0	0	0	0	0	13105	9500	0	0	0	0	0	0	0	0	0	0	上古守御石
10	4	8	1	3	11111	401300301	54	1010	1100	1100	1100	1100	0	0	0	0	0	0	0	0	0	0	0	0	0	0	0	19659	20000	0	0	0	0	0	0	0	0	0	0	上古守御石
10	4	9	1	3	23333	401300301	72	1010	1300	1300	1300	1300	0	0	0	0	0	0	0	0	0	0	0	0	0	0	0	27522	42000	0	0	0	0	0	0	0	0	0	0	上古守御石
10	5	0	1	3	0	401300101	0	1010	0	0	0	0	0	0	0	0	0	0	0	0	0	0	0	0	0	0	0	0	0	0	0	0	0	0	0	0	0	0	0	神赐守御石
10	5	1	1	3	42	401300101	2	1010	300	300	300	300	0	0	0	0	0	0	0	0	0	0	0	0	0	0	0	2065	75	0	0	0	0	0	0	0	0	0	0	神赐守御石
10	5	2	1	3	111	401300101	6	1010	350	350	350	350	0	0	0	0	0	0	0	0	0	0	0	0	0	0	0	4131	200	0	0	0	0	0	0	0	0	0	0	神赐守御石
10	5	3	1	3	278	401300101	18	1010	400	400	400	400	0	0	0	0	0	0	0	0	0	0	0	0	0	0	0	6196	500	0	0	0	0	0	0	0	0	0	0	神赐守御石
10	5	4	1	3	722	401300201	18	1010	500	500	500	500	0	0	0	0	0	0	0	0	0	0	0	0	0	0	0	9295	1300	0	0	0	0	0	0	0	0	0	0	神赐守御石
10	5	5	1	3	1444	401300201	27	1010	600	600	600	600	0	0	0	0	0	0	0	0	0	0	0	0	0	0	0	13942	2600	0	0	0	0	0	0	0	0	0	0	神赐守御石
10	5	6	1	3	2722	401300201	36	1010	800	800	800	800	0	0	0	0	0	0	0	0	0	0	0	0	0	0	0	20914	4900	0	0	0	0	0	0	0	0	0	0	神赐守御石
10	5	7	1	3	5278	401300301	36	1010	1000	1000	1000	1000	0	0	0	0	0	0	0	0	0	0	0	0	0	0	0	31371	9500	0	0	0	0	0	0	0	0	0	0	神赐守御石
10	5	8	1	3	11111	401300301	54	1010	1200	1200	1200	1200	0	0	0	0	0	0	0	0	0	0	0	0	0	0	0	43919	20000	0	0	0	0	0	0	0	0	0	0	神赐守御石
10	5	9	1	3	23333	401300301	72	1010	1400	1400	1400	1400	0	0	0	0	0	0	0	0	0	0	0	0	0	0	0	61487	42000	0	0	0	0	0	0	0	0	0	0	神赐守御石
11	3	0	1	3	0	401300101	0	1074	0	0	0	0	0	0	0	0	0	0	0	0	0	0	0	0	0	0	0	0	0	0	0	0	0	0	0	0	0	0	0	雷动石
11	3	1	1	3	28	401300101	2	1074	50	50	50	50	0	0	0	0	0	0	0	0	0	0	0	0	0	0	0	96	50	0	0	0	0	0	0	0	0	0	0	雷动石
11	3	2	1	3	72	401300101	6	1074	100	100	100	100	0	0	0	0	0	0	0	0	0	0	0	0	0	0	0	192	130	0	0	0	0	0	0	0	0	0	0	雷动石
11	3	3	1	3	194	401300101	18	1074	150	150	150	150	0	0	0	0	0	0	0	0	0	0	0	0	0	0	0	384	350	0	0	0	0	0	0	0	0	0	0	雷动石
11	3	4	1	3	500	401300201	18	1074	250	250	250	250	0	0	0	0	0	0	0	0	0	0	0	0	0	0	0	768	900	0	0	0	0	0	0	0	0	0	0	雷动石
11	3	5	1	3	944	401300201	27	1074	400	400	400	400	0	0	0	0	0	0	0	0	0	0	0	0	0	0	0	1536	1700	0	0	0	0	0	0	0	0	0	0	雷动石
11	3	6	1	3	1778	401300201	36	1074	600	600	600	600	0	0	0	0	0	0	0	0	0	0	0	0	0	0	0	2304	3200	0	0	0	0	0	0	0	0	0	0	雷动石
11	3	7	1	3	3611	401300301	36	1074	800	800	800	800	0	0	0	0	0	0	0	0	0	0	0	0	0	0	0	3456	6500	0	0	0	0	0	0	0	0	0	0	雷动石
11	3	8	1	3	7500	401300301	54	1074	1000	1000	1000	1000	0	0	0	0	0	0	0	0	0	0	0	0	0	0	0	5184	13500	0	0	0	0	0	0	0	0	0	0	雷动石
11	3	9	1	3	15556	401300301	72	1074	1200	1200	1200	1200	0	0	0	0	0	0	0	0	0	0	0	0	0	0	0	7257	28000	0	0	0	0	0	0	0	0	0	0	雷动石
11	4	0	1	3	0	401300101	0	1074	0	0	0	0	0	0	0	0	0	0	0	0	0	0	0	0	0	0	0	0	0	0	0	0	0	0	0	0	0	0	0	上古雷动石
11	4	1	1	3	28	401300101	2	1074	150	150	150	150	0	0	0	0	0	0	0	0	0	0	0	0	0	0	0	485	50	0	0	0	0	0	0	0	0	0	0	上古雷动石
11	4	2	1	3	72	401300101	6	1074	200	200	200	200	0	0	0	0	0	0	0	0	0	0	0	0	0	0	0	970	130	0	0	0	0	0	0	0	0	0	0	上古雷动石
11	4	3	1	3	194	401300101	18	1074	250	250	250	250	0	0	0	0	0	0	0	0	0	0	0	0	0	0	0	1941	350	0	0	0	0	0	0	0	0	0	0	上古雷动石
11	4	4	1	3	500	401300201	18	1074	350	350	350	350	0	0	0	0	0	0	0	0	0	0	0	0	0	0	0	3883	900	0	0	0	0	0	0	0	0	0	0	上古雷动石
11	4	5	1	3	944	401300201	27	1074	500	500	500	500	0	0	0	0	0	0	0	0	0	0	0	0	0	0	0	5824	1700	0	0	0	0	0	0	0	0	0	0	上古雷动石
11	4	6	1	3	1778	401300201	36	1074	700	700	700	700	0	0	0	0	0	0	0	0	0	0	0	0	0	0	0	8737	3200	0	0	0	0	0	0	0	0	0	0	上古雷动石
11	4	7	1	3	3611	401300301	36	1074	900	900	900	900	0	0	0	0	0	0	0	0	0	0	0	0	0	0	0	13105	6500	0	0	0	0	0	0	0	0	0	0	上古雷动石
11	4	8	1	3	7500	401300301	54	1074	1100	1100	1100	1100	0	0	0	0	0	0	0	0	0	0	0	0	0	0	0	19659	13500	0	0	0	0	0	0	0	0	0	0	上古雷动石
11	4	9	1	3	15556	401300301	72	1074	1300	1300	1300	1300	0	0	0	0	0	0	0	0	0	0	0	0	0	0	0	27522	28000	0	0	0	0	0	0	0	0	0	0	上古雷动石
11	5	0	1	3	0	401300101	0	1074	0	0	0	0	0	0	0	0	0	0	0	0	0	0	0	0	0	0	0	0	0	0	0	0	0	0	0	0	0	0	0	神赐雷动石
11	5	1	1	3	28	401300101	2	1074	300	300	300	300	0	0	0	0	0	0	0	0	0	0	0	0	0	0	0	2065	50	0	0	0	0	0	0	0	0	0	0	神赐雷动石
11	5	2	1	3	72	401300101	6	1074	350	350	350	350	0	0	0	0	0	0	0	0	0	0	0	0	0	0	0	4131	130	0	0	0	0	0	0	0	0	0	0	神赐雷动石
11	5	3	1	3	194	401300101	18	1074	400	400	400	400	0	0	0	0	0	0	0	0	0	0	0	0	0	0	0	6196	350	0	0	0	0	0	0	0	0	0	0	神赐雷动石
11	5	4	1	3	500	401300201	18	1074	500	500	500	500	0	0	0	0	0	0	0	0	0	0	0	0	0	0	0	9295	900	0	0	0	0	0	0	0	0	0	0	神赐雷动石
11	5	5	1	3	944	401300201	27	1074	600	600	600	600	0	0	0	0	0	0	0	0	0	0	0	0	0	0	0	13942	1700	0	0	0	0	0	0	0	0	0	0	神赐雷动石
11	5	6	1	3	1778	401300201	36	1074	800	800	800	800	0	0	0	0	0	0	0	0	0	0	0	0	0	0	0	20914	3200	0	0	0	0	0	0	0	0	0	0	神赐雷动石
11	5	7	1	3	3611	401300301	36	1074	1000	1000	1000	1000	0	0	0	0	0	0	0	0	0	0	0	0	0	0	0	31371	6500	0	0	0	0	0	0	0	0	0	0	神赐雷动石
11	5	8	1	3	7500	401300301	54	1074	1200	1200	1200	1200	0	0	0	0	0	0	0	0	0	0	0	0	0	0	0	43919	13500	0	0	0	0	0	0	0	0	0	0	神赐雷动石
11	5	9	1	3	15556	401300301	72	1074	1400	1400	1400	1400	0	0	0	0	0	0	0	0	0	0	0	0	0	0	0	61487	28000	0	0	0	0	0	0	0	0	0	0	神赐雷动石
12	3	0	1	3	0	401300101	0	1075	0	0	0	0	0	0	0	0	0	0	0	0	0	0	0	0	0	0	0	0	0	0	0	0	0	0	0	0	0	0	0	冥思石
12	3	1	1	3	28	401300101	2	1075	50	50	50	50	0	0	0	0	0	0	0	0	0	0	0	0	0	0	0	96	50	0	0	0	0	0	0	0	0	0	0	冥思石
12	3	2	1	3	72	401300101	6	1075	100	100	100	100	0	0	0	0	0	0	0	0	0	0	0	0	0	0	0	192	130	0	0	0	0	0	0	0	0	0	0	冥思石
12	3	3	1	3	194	401300101	18	1075	150	150	150	150	0	0	0	0	0	0	0	0	0	0	0	0	0	0	0	384	350	0	0	0	0	0	0	0	0	0	0	冥思石
12	3	4	1	3	500	401300201	18	1075	250	250	250	250	0	0	0	0	0	0	0	0	0	0	0	0	0	0	0	768	900	0	0	0	0	0	0	0	0	0	0	冥思石
12	3	5	1	3	944	401300201	27	1075	400	400	400	400	0	0	0	0	0	0	0	0	0	0	0	0	0	0	0	1536	1700	0	0	0	0	0	0	0	0	0	0	冥思石
12	3	6	1	3	1778	401300201	36	1075	600	600	600	600	0	0	0	0	0	0	0	0	0	0	0	0	0	0	0	2304	3200	0	0	0	0	0	0	0	0	0	0	冥思石
12	3	7	1	3	3611	401300301	36	1075	800	800	800	800	0	0	0	0	0	0	0	0	0	0	0	0	0	0	0	3456	6500	0	0	0	0	0	0	0	0	0	0	冥思石
12	3	8	1	3	7500	401300301	54	1075	1000	1000	1000	1000	0	0	0	0	0	0	0	0	0	0	0	0	0	0	0	5184	13500	0	0	0	0	0	0	0	0	0	0	冥思石
12	3	9	1	3	15556	401300301	72	1075	1200	1200	1200	1200	0	0	0	0	0	0	0	0	0	0	0	0	0	0	0	7257	28000	0	0	0	0	0	0	0	0	0	0	冥思石
12	4	0	1	3	0	401300101	0	1075	0	0	0	0	0	0	0	0	0	0	0	0	0	0	0	0	0	0	0	0	0	0	0	0	0	0	0	0	0	0	0	上古冥思石
12	4	1	1	3	28	401300101	2	1075	150	150	150	150	0	0	0	0	0	0	0	0	0	0	0	0	0	0	0	485	50	0	0	0	0	0	0	0	0	0	0	上古冥思石
12	4	2	1	3	72	401300101	6	1075	200	200	200	200	0	0	0	0	0	0	0	0	0	0	0	0	0	0	0	970	130	0	0	0	0	0	0	0	0	0	0	上古冥思石
12	4	3	1	3	194	401300101	18	1075	250	250	250	250	0	0	0	0	0	0	0	0	0	0	0	0	0	0	0	1941	350	0	0	0	0	0	0	0	0	0	0	上古冥思石
12	4	4	1	3	500	401300201	18	1075	350	350	350	350	0	0	0	0	0	0	0	0	0	0	0	0	0	0	0	3883	900	0	0	0	0	0	0	0	0	0	0	上古冥思石
12	4	5	1	3	944	401300201	27	1075	500	500	500	500	0	0	0	0	0	0	0	0	0	0	0	0	0	0	0	5824	1700	0	0	0	0	0	0	0	0	0	0	上古冥思石
12	4	6	1	3	1778	401300201	36	1075	700	700	700	700	0	0	0	0	0	0	0	0	0	0	0	0	0	0	0	8737	3200	0	0	0	0	0	0	0	0	0	0	上古冥思石
12	4	7	1	3	3611	401300301	36	1075	900	900	900	900	0	0	0	0	0	0	0	0	0	0	0	0	0	0	0	13105	6500	0	0	0	0	0	0	0	0	0	0	上古冥思石
12	4	8	1	3	7500	401300301	54	1075	1100	1100	1100	1100	0	0	0	0	0	0	0	0	0	0	0	0	0	0	0	19659	13500	0	0	0	0	0	0	0	0	0	0	上古冥思石
12	4	9	1	3	15556	401300301	72	1075	1300	1300	1300	1300	0	0	0	0	0	0	0	0	0	0	0	0	0	0	0	27522	28000	0	0	0	0	0	0	0	0	0	0	上古冥思石
12	5	0	1	3	0	401300101	0	1075	0	0	0	0	0	0	0	0	0	0	0	0	0	0	0	0	0	0	0	0	0	0	0	0	0	0	0	0	0	0	0	神赐冥思石
12	5	1	1	3	28	401300101	2	1075	300	300	300	300	0	0	0	0	0	0	0	0	0	0	0	0	0	0	0	2065	50	0	0	0	0	0	0	0	0	0	0	神赐冥思石
12	5	2	1	3	72	401300101	6	1075	350	350	350	350	0	0	0	0	0	0	0	0	0	0	0	0	0	0	0	4131	130	0	0	0	0	0	0	0	0	0	0	神赐冥思石
12	5	3	1	3	194	401300101	18	1075	400	400	400	400	0	0	0	0	0	0	0	0	0	0	0	0	0	0	0	6196	350	0	0	0	0	0	0	0	0	0	0	神赐冥思石
12	5	4	1	3	500	401300201	18	1075	500	500	500	500	0	0	0	0	0	0	0	0	0	0	0	0	0	0	0	9295	900	0	0	0	0	0	0	0	0	0	0	神赐冥思石
12	5	5	1	3	944	401300201	27	1075	600	600	600	600	0	0	0	0	0	0	0	0	0	0	0	0	0	0	0	13942	1700	0	0	0	0	0	0	0	0	0	0	神赐冥思石
12	5	6	1	3	1778	401300201	36	1075	800	800	800	800	0	0	0	0	0	0	0	0	0	0	0	0	0	0	0	20914	3200	0	0	0	0	0	0	0	0	0	0	神赐冥思石
12	5	7	1	3	3611	401300301	36	1075	1000	1000	1000	1000	0	0	0	0	0	0	0	0	0	0	0	0	0	0	0	31371	6500	0	0	0	0	0	0	0	0	0	0	神赐冥思石
12	5	8	1	3	7500	401300301	54	1075	1200	1200	1200	1200	0	0	0	0	0	0	0	0	0	0	0	0	0	0	0	43919	13500	0	0	0	0	0	0	0	0	0	0	神赐冥思石
12	5	9	1	3	15556	401300301	72	1075	1400	1400	1400	1400	0	0	0	0	0	0	0	0	0	0	0	0	0	0	0	61487	28000	0	0	0	0	0	0	0	0	0	0	神赐冥思石
13	3	0	1	3	0	401300101	0	1065	0	0	0	0	0	0	0	0	0	0	0	0	0	0	0	0	0	0	0	0	0	0	0	0	0	0	0	0	0	0	0	真武石
13	3	1	1	3	56	401300101	2	1065	45	45	45	45	0	0	0	0	0	0	0	0	0	0	0	0	0	0	0	96	100	0	0	0	0	0	0	0	0	0	0	真武石
13	3	2	1	3	144	401300101	6	1065	65	65	65	65	0	0	0	0	0	0	0	0	0	0	0	0	0	0	0	192	260	0	0	0	0	0	0	0	0	0	0	真武石
13	3	3	1	3	378	401300101	18	1065	85	85	85	85	0	0	0	0	0	0	0	0	0	0	0	0	0	0	0	384	680	0	0	0	0	0	0	0	0	0	0	真武石
13	3	4	1	3	1000	401300201	18	1065	135	135	135	135	0	0	0	0	0	0	0	0	0	0	0	0	0	0	0	768	1800	0	0	0	0	0	0	0	0	0	0	真武石
13	3	5	1	3	1944	401300201	27	1065	190	190	190	190	0	0	0	0	0	0	0	0	0	0	0	0	0	0	0	1536	3500	0	0	0	0	0	0	0	0	0	0	真武石
13	3	6	1	3	3611	401300201	36	1065	290	290	290	290	0	0	0	0	0	0	0	0	0	0	0	0	0	0	0	2304	6500	0	0	0	0	0	0	0	0	0	0	真武石
13	3	7	1	3	7111	401300301	36	1065	390	390	390	390	0	0	0	0	0	0	0	0	0	0	0	0	0	0	0	3456	12800	0	0	0	0	0	0	0	0	0	0	真武石
13	3	8	1	3	14889	401300301	54	1065	670	670	670	670	0	0	0	0	0	0	0	0	0	0	0	0	0	0	0	5184	26800	0	0	0	0	0	0	0	0	0	0	真武石
13	3	9	1	3	31111	401300301	72	1065	960	960	960	960	0	0	0	0	0	0	0	0	0	0	0	0	0	0	0	7257	56000	0	0	0	0	0	0	0	0	0	0	真武石
13	4	0	1	3	0	401300101	0	1065	0	0	0	0	0	0	0	0	0	0	0	0	0	0	0	0	0	0	0	0	0	0	0	0	0	0	0	0	0	0	0	上古真武石
13	4	1	1	3	56	401300101	2	1065	150	150	150	150	0	0	0	0	0	0	0	0	0	0	0	0	0	0	0	485	100	0	0	0	0	0	0	0	0	0	0	上古真武石
13	4	2	1	3	144	401300101	6	1065	200	200	200	200	0	0	0	0	0	0	0	0	0	0	0	0	0	0	0	970	260	0	0	0	0	0	0	0	0	0	0	上古真武石
13	4	3	1	3	378	401300101	18	1065	250	250	250	250	0	0	0	0	0	0	0	0	0	0	0	0	0	0	0	1941	680	0	0	0	0	0	0	0	0	0	0	上古真武石
13	4	4	1	3	1000	401300201	18	1065	300	300	300	300	0	0	0	0	0	0	0	0	0	0	0	0	0	0	0	3883	1800	0	0	0	0	0	0	0	0	0	0	上古真武石
13	4	5	1	3	1944	401300201	27	1065	350	350	350	350	0	0	0	0	0	0	0	0	0	0	0	0	0	0	0	5824	3500	0	0	0	0	0	0	0	0	0	0	上古真武石
13	4	6	1	3	3611	401300201	36	1065	450	450	450	450	0	0	0	0	0	0	0	0	0	0	0	0	0	0	0	8737	6500	0	0	0	0	0	0	0	0	0	0	上古真武石
13	4	7	1	3	7111	401300301	36	1065	550	550	550	550	0	0	0	0	0	0	0	0	0	0	0	0	0	0	0	13105	12800	0	0	0	0	0	0	0	0	0	0	上古真武石
13	4	8	1	3	14889	401300301	54	1065	850	850	850	850	0	0	0	0	0	0	0	0	0	0	0	0	0	0	0	19659	26800	0	0	0	0	0	0	0	0	0	0	上古真武石
13	4	9	1	3	31111	401300301	72	1065	1150	1150	1150	1150	0	0	0	0	0	0	0	0	0	0	0	0	0	0	0	27522	56000	0	0	0	0	0	0	0	0	0	0	上古真武石
13	5	0	1	3	0	401300101	0	1065	0	0	0	0	0	0	0	0	0	0	0	0	0	0	0	0	0	0	0	0	0	0	0	0	0	0	0	0	0	0	0	神赐真武石
13	5	1	1	3	56	401300101	2	1065	280	280	280	280	0	0	0	0	0	0	0	0	0	0	0	0	0	0	0	2065	100	0	0	0	0	0	0	0	0	0	0	神赐真武石
13	5	2	1	3	144	401300101	6	1065	380	380	380	380	0	0	0	0	0	0	0	0	0	0	0	0	0	0	0	4131	260	0	0	0	0	0	0	0	0	0	0	神赐真武石
13	5	3	1	3	378	401300101	18	1065	480	480	480	480	0	0	0	0	0	0	0	0	0	0	0	0	0	0	0	6196	680	0	0	0	0	0	0	0	0	0	0	神赐真武石
13	5	4	1	3	1000	401300201	18	1065	580	580	580	580	0	0	0	0	0	0	0	0	0	0	0	0	0	0	0	9295	1800	0	0	0	0	0	0	0	0	0	0	神赐真武石
13	5	5	1	3	1944	401300201	27	1065	680	680	680	680	0	0	0	0	0	0	0	0	0	0	0	0	0	0	0	13942	3500	0	0	0	0	0	0	0	0	0	0	神赐真武石
13	5	6	1	3	3611	401300201	36	1065	900	900	900	900	0	0	0	0	0	0	0	0	0	0	0	0	0	0	0	20914	6500	0	0	0	0	0	0	0	0	0	0	神赐真武石
13	5	7	1	3	7111	401300301	36	1065	1150	1150	1150	1150	0	0	0	0	0	0	0	0	0	0	0	0	0	0	0	31371	12800	0	0	0	0	0	0	0	0	0	0	神赐真武石
13	5	8	1	3	14889	401300301	54	1065	1800	1800	1800	1800	0	0	0	0	0	0	0	0	0	0	0	0	0	0	0	43919	26800	0	0	0	0	0	0	0	0	0	0	神赐真武石
13	5	9	1	3	31111	401300301	72	1065	2500	2500	2500	2500	0	0	0	0	0	0	0	0	0	0	0	0	0	0	0	61487	56000	0	0	0	0	0	0	0	0	0	0	神赐真武石
14	3	0	1	3	0	401300101	0	1072	0	0	0	0	0	0	0	0	0	0	0	0	0	0	0	0	0	0	0	0	0	0	0	0	0	0	0	0	0	0	0	韬光石
14	3	1	1	3	56	401300101	2	1072	1485	1485	1485	1485	0	0	0	0	0	0	0	0	0	0	0	0	0	0	0	96	100	0	0	0	0	0	0	0	0	0	0	韬光石
14	3	2	1	3	144	401300101	6	1072	2145	2145	2145	2145	0	0	0	0	0	0	0	0	0	0	0	0	0	0	0	192	260	0	0	0	0	0	0	0	0	0	0	韬光石
14	3	3	1	3	378	401300101	18	1072	2805	2805	2805	2805	0	0	0	0	0	0	0	0	0	0	0	0	0	0	0	384	680	0	0	0	0	0	0	0	0	0	0	韬光石
14	3	4	1	3	1000	401300201	18	1072	4455	4455	4455	4455	0	0	0	0	0	0	0	0	0	0	0	0	0	0	0	768	1800	0	0	0	0	0	0	0	0	0	0	韬光石
14	3	5	1	3	1944	401300201	27	1072	6270	6270	6270	6270	0	0	0	0	0	0	0	0	0	0	0	0	0	0	0	1536	3500	0	0	0	0	0	0	0	0	0	0	韬光石
14	3	6	1	3	3611	401300201	36	1072	9570	9570	9570	9570	0	0	0	0	0	0	0	0	0	0	0	0	0	0	0	2304	6500	0	0	0	0	0	0	0	0	0	0	韬光石
14	3	7	1	3	7111	401300301	36	1072	12870	12870	12870	12870	0	0	0	0	0	0	0	0	0	0	0	0	0	0	0	3456	12800	0	0	0	0	0	0	0	0	0	0	韬光石
14	3	8	1	3	14889	401300301	54	1072	22110	22110	22110	22110	0	0	0	0	0	0	0	0	0	0	0	0	0	0	0	5184	26800	0	0	0	0	0	0	0	0	0	0	韬光石
14	3	9	1	3	31111	401300301	72	1072	31680	31680	31680	31680	0	0	0	0	0	0	0	0	0	0	0	0	0	0	0	7257	56000	0	0	0	0	0	0	0	0	0	0	韬光石
14	4	0	1	3	0	401300101	0	1072	0	0	0	0	0	0	0	0	0	0	0	0	0	0	0	0	0	0	0	0	0	0	0	0	0	0	0	0	0	0	0	上古韬光石
14	4	1	1	3	56	401300101	2	1072	6750	6750	6750	6750	0	0	0	0	0	0	0	0	0	0	0	0	0	0	0	485	100	0	0	0	0	0	0	0	0	0	0	上古韬光石
14	4	2	1	3	144	401300101	6	1072	9000	9000	9000	9000	0	0	0	0	0	0	0	0	0	0	0	0	0	0	0	970	260	0	0	0	0	0	0	0	0	0	0	上古韬光石
14	4	3	1	3	378	401300101	18	1072	11250	11250	11250	11250	0	0	0	0	0	0	0	0	0	0	0	0	0	0	0	1941	680	0	0	0	0	0	0	0	0	0	0	上古韬光石
14	4	4	1	3	1000	401300201	18	1072	13500	13500	13500	13500	0	0	0	0	0	0	0	0	0	0	0	0	0	0	0	3883	1800	0	0	0	0	0	0	0	0	0	0	上古韬光石
14	4	5	1	3	1944	401300201	27	1072	15750	15750	15750	15750	0	0	0	0	0	0	0	0	0	0	0	0	0	0	0	5824	3500	0	0	0	0	0	0	0	0	0	0	上古韬光石
14	4	6	1	3	3611	401300201	36	1072	20250	20250	20250	20250	4072	50	50	50	50	0	0	0	0	0	0	0	0	0	0	8737	6500	0	0	0	0	0	0	0	0	0	0	上古韬光石
14	4	7	1	3	7111	401300301	36	1072	24750	24750	24750	24750	4072	150	150	150	150	0	0	0	0	0	0	0	0	0	0	13105	12800	0	0	0	0	0	0	0	0	0	0	上古韬光石
14	4	8	1	3	14889	401300301	54	1072	38250	38250	38250	38250	4072	250	250	250	250	0	0	0	0	0	0	0	0	0	0	19659	26800	0	0	0	0	0	0	0	0	0	0	上古韬光石
14	4	9	1	3	31111	401300301	72	1072	51750	51750	51750	51750	4072	350	350	350	350	0	0	0	0	0	0	0	0	0	0	27522	56000	0	0	0	0	0	0	0	0	0	0	上古韬光石
14	5	0	1	3	0	401300101	0	1072	0	0	0	0	0	0	0	0	0	0	0	0	0	0	0	0	0	0	0	0	0	0	0	0	0	0	0	0	0	0	0	神赐韬光石
14	5	1	1	3	56	401300101	2	1072	12600	12600	12600	12600	0	0	0	0	0	0	0	0	0	0	0	0	0	0	0	2065	100	0	0	0	0	0	0	0	0	0	0	神赐韬光石
14	5	2	1	3	144	401300101	6	1072	17100	17100	17100	17100	0	0	0	0	0	0	0	0	0	0	0	0	0	0	0	4131	260	0	0	0	0	0	0	0	0	0	0	神赐韬光石
14	5	3	1	3	378	401300101	18	1072	21600	21600	21600	21600	0	0	0	0	0	0	0	0	0	0	0	0	0	0	0	6196	680	0	0	0	0	0	0	0	0	0	0	神赐韬光石
14	5	4	1	3	1000	401300201	18	1072	26100	26100	26100	26100	0	0	0	0	0	0	0	0	0	0	0	0	0	0	0	9295	1800	0	0	0	0	0	0	0	0	0	0	神赐韬光石
14	5	5	1	3	1944	401300201	27	1072	30600	30600	30600	30600	4072	50	50	50	50	0	0	0	0	0	0	0	0	0	0	13942	3500	0	0	0	0	0	0	0	0	0	0	神赐韬光石
14	5	6	1	3	3611	401300201	36	1072	40500	40500	40500	40500	4072	150	150	150	150	0	0	0	0	0	0	0	0	0	0	20914	6500	0	0	0	0	0	0	0	0	0	0	神赐韬光石
14	5	7	1	3	7111	401300301	36	1072	51750	51750	51750	51750	4072	300	300	300	300	0	0	0	0	0	0	0	0	0	0	31371	12800	0	0	0	0	0	0	0	0	0	0	神赐韬光石
14	5	8	1	3	14889	401300301	54	1072	81000	81000	81000	81000	4072	500	500	500	500	0	0	0	0	0	0	0	0	0	0	43919	26800	0	0	0	0	0	0	0	0	0	0	神赐韬光石
14	5	9	1	3	31111	401300301	72	1072	112500	112500	112500	112500	4072	700	700	700	700	0	0	0	0	0	0	0	0	0	0	61487	56000	0	0	0	0	0	0	0	0	0	0	神赐韬光石
15	3	0	1	3	0	401300101	0	1076	0	0	0	0	0	0	0	0	0	0	0	0	0	0	0	0	0	0	0	0	0	0	0	0	0	0	0	0	0	0	0	混元石
15	3	1	1	3	56	401300101	2	1076	50	50	50	50	0	0	0	0	0	0	0	0	0	0	0	0	0	0	0	96	100	0	0	0	0	0	0	0	0	0	0	混元石
15	3	2	1	3	144	401300101	6	1076	100	100	100	100	0	0	0	0	0	0	0	0	0	0	0	0	0	0	0	192	260	0	0	0	0	0	0	0	0	0	0	混元石
15	3	3	1	3	378	401300101	18	1076	150	150	150	150	0	0	0	0	0	0	0	0	0	0	0	0	0	0	0	384	680	0	0	0	0	0	0	0	0	0	0	混元石
15	3	4	1	3	1000	401300201	18	1076	200	200	200	200	0	0	0	0	0	0	0	0	0	0	0	0	0	0	0	768	1800	0	0	0	0	0	0	0	0	0	0	混元石
15	3	5	1	3	1944	401300201	27	1076	300	300	300	300	0	0	0	0	0	0	0	0	0	0	0	0	0	0	0	1536	3500	0	0	0	0	0	0	0	0	0	0	混元石
15	3	6	1	3	3611	401300201	36	1076	400	400	400	400	0	0	0	0	0	0	0	0	0	0	0	0	0	0	0	2304	6500	0	0	0	0	0	0	0	0	0	0	混元石
15	3	7	1	3	7111	401300301	36	1076	500	500	500	500	0	0	0	0	0	0	0	0	0	0	0	0	0	0	0	3456	12800	0	0	0	0	0	0	0	0	0	0	混元石
15	3	8	1	3	14889	401300301	54	1076	600	600	600	600	0	0	0	0	0	0	0	0	0	0	0	0	0	0	0	5184	26800	0	0	0	0	0	0	0	0	0	0	混元石
15	3	9	1	3	31111	401300301	72	1076	700	700	700	700	0	0	0	0	0	0	0	0	0	0	0	0	0	0	0	7257	56000	0	0	0	0	0	0	0	0	0	0	混元石
15	4	0	1	3	0	401300101	0	1076	0	0	0	0	0	0	0	0	0	0	0	0	0	0	0	0	0	0	0	0	0	0	0	0	0	0	0	0	0	0	0	上古混元石
15	4	1	1	3	56	401300101	2	1076	100	100	100	100	0	0	0	0	0	0	0	0	0	0	0	0	0	0	0	485	100	0	0	0	0	0	0	0	0	0	0	上古混元石
15	4	2	1	3	144	401300101	6	1076	150	150	150	150	0	0	0	0	0	0	0	0	0	0	0	0	0	0	0	970	260	0	0	0	0	0	0	0	0	0	0	上古混元石
15	4	3	1	3	378	401300101	18	1076	200	200	200	200	0	0	0	0	0	0	0	0	0	0	0	0	0	0	0	1941	680	0	0	0	0	0	0	0	0	0	0	上古混元石
15	4	4	1	3	1000	401300201	18	1076	250	250	250	250	0	0	0	0	0	0	0	0	0	0	0	0	0	0	0	3883	1800	0	0	0	0	0	0	0	0	0	0	上古混元石
15	4	5	1	3	1944	401300201	27	1076	350	350	350	350	0	0	0	0	0	0	0	0	0	0	0	0	0	0	0	5824	3500	0	0	0	0	0	0	0	0	0	0	上古混元石
15	4	6	1	3	3611	401300201	36	1076	450	450	450	450	0	0	0	0	0	0	0	0	0	0	0	0	0	0	0	8737	6500	0	0	0	0	0	0	0	0	0	0	上古混元石
15	4	7	1	3	7111	401300301	36	1076	550	550	550	550	0	0	0	0	0	0	0	0	0	0	0	0	0	0	0	13105	12800	0	0	0	0	0	0	0	0	0	0	上古混元石
15	4	8	1	3	14889	401300301	54	1076	650	650	650	650	0	0	0	0	0	0	0	0	0	0	0	0	0	0	0	19659	26800	0	0	0	0	0	0	0	0	0	0	上古混元石
15	4	9	1	3	31111	401300301	72	1076	750	750	750	750	0	0	0	0	0	0	0	0	0	0	0	0	0	0	0	27522	56000	0	0	0	0	0	0	0	0	0	0	上古混元石
15	5	0	1	3	0	401300101	0	1076	0	0	0	0	0	0	0	0	0	0	0	0	0	0	0	0	0	0	0	0	0	0	0	0	0	0	0	0	0	0	0	神赐混元石
15	5	1	1	3	56	401300101	2	1076	150	150	150	150	0	0	0	0	0	0	0	0	0	0	0	0	0	0	0	2065	100	0	0	0	0	0	0	0	0	0	0	神赐混元石
15	5	2	1	3	144	401300101	6	1076	200	200	200	200	0	0	0	0	0	0	0	0	0	0	0	0	0	0	0	4131	260	0	0	0	0	0	0	0	0	0	0	神赐混元石
15	5	3	1	3	378	401300101	18	1076	250	250	250	250	0	0	0	0	0	0	0	0	0	0	0	0	0	0	0	6196	680	0	0	0	0	0	0	0	0	0	0	神赐混元石
15	5	4	1	3	1000	401300201	18	1076	300	300	300	300	0	0	0	0	0	0	0	0	0	0	0	0	0	0	0	9295	1800	0	0	0	0	0	0	0	0	0	0	神赐混元石
15	5	5	1	3	1944	401300201	27	1076	350	350	350	350	0	0	0	0	0	0	0	0	0	0	0	0	0	0	0	13942	3500	0	0	0	0	0	0	0	0	0	0	神赐混元石
15	5	6	1	3	3611	401300201	36	1076	400	400	400	400	0	0	0	0	0	0	0	0	0	0	0	0	0	0	0	20914	6500	0	0	0	0	0	0	0	0	0	0	神赐混元石
15	5	7	1	3	7111	401300301	36	1076	550	550	550	550	0	0	0	0	0	0	0	0	0	0	0	0	0	0	0	31371	12800	0	0	0	0	0	0	0	0	0	0	神赐混元石
15	5	8	1	3	14889	401300301	54	1076	750	750	750	750	0	0	0	0	0	0	0	0	0	0	0	0	0	0	0	43919	26800	0	0	0	0	0	0	0	0	0	0	神赐混元石
15	5	9	1	3	31111	401300301	72	1076	950	950	950	950	0	0	0	0	0	0	0	0	0	0	0	0	0	0	0	61487	56000	0	0	0	0	0	0	0	0	0	0	神赐混元石
16	3	0	1	3	0	401300101	0	1077	0	0	0	0	0	0	0	0	0	0	0	0	0	0	0	0	0	0	0	0	0	0	0	0	0	0	0	0	0	0	0	虚谷石
16	3	1	1	3	56	401300101	2	1077	50	50	50	50	0	0	0	0	0	0	0	0	0	0	0	0	0	0	0	96	100	0	0	0	0	0	0	0	0	0	0	虚谷石
16	3	2	1	3	144	401300101	6	1077	100	100	100	100	0	0	0	0	0	0	0	0	0	0	0	0	0	0	0	192	260	0	0	0	0	0	0	0	0	0	0	虚谷石
16	3	3	1	3	378	401300101	18	1077	150	150	150	150	0	0	0	0	0	0	0	0	0	0	0	0	0	0	0	384	680	0	0	0	0	0	0	0	0	0	0	虚谷石
16	3	4	1	3	1000	401300201	18	1077	200	200	200	200	0	0	0	0	0	0	0	0	0	0	0	0	0	0	0	768	1800	0	0	0	0	0	0	0	0	0	0	虚谷石
16	3	5	1	3	1944	401300201	27	1077	300	300	300	300	0	0	0	0	0	0	0	0	0	0	0	0	0	0	0	1536	3500	0	0	0	0	0	0	0	0	0	0	虚谷石
16	3	6	1	3	3611	401300201	36	1077	400	400	400	400	0	0	0	0	0	0	0	0	0	0	0	0	0	0	0	2304	6500	0	0	0	0	0	0	0	0	0	0	虚谷石
16	3	7	1	3	7111	401300301	36	1077	500	500	500	500	0	0	0	0	0	0	0	0	0	0	0	0	0	0	0	3456	12800	0	0	0	0	0	0	0	0	0	0	虚谷石
16	3	8	1	3	14889	401300301	54	1077	600	600	600	600	0	0	0	0	0	0	0	0	0	0	0	0	0	0	0	5184	26800	0	0	0	0	0	0	0	0	0	0	虚谷石
16	3	9	1	3	31111	401300301	72	1077	700	700	700	700	0	0	0	0	0	0	0	0	0	0	0	0	0	0	0	7257	56000	0	0	0	0	0	0	0	0	0	0	虚谷石
16	4	0	1	3	0	401300101	0	1077	0	0	0	0	0	0	0	0	0	0	0	0	0	0	0	0	0	0	0	0	0	0	0	0	0	0	0	0	0	0	0	上古虚谷石
16	4	1	1	3	56	401300101	2	1077	100	100	100	100	0	0	0	0	0	0	0	0	0	0	0	0	0	0	0	485	100	0	0	0	0	0	0	0	0	0	0	上古虚谷石
16	4	2	1	3	144	401300101	6	1077	150	150	150	150	0	0	0	0	0	0	0	0	0	0	0	0	0	0	0	970	260	0	0	0	0	0	0	0	0	0	0	上古虚谷石
16	4	3	1	3	378	401300101	18	1077	200	200	200	200	0	0	0	0	0	0	0	0	0	0	0	0	0	0	0	1941	680	0	0	0	0	0	0	0	0	0	0	上古虚谷石
16	4	4	1	3	1000	401300201	18	1077	250	250	250	250	0	0	0	0	0	0	0	0	0	0	0	0	0	0	0	3883	1800	0	0	0	0	0	0	0	0	0	0	上古虚谷石
16	4	5	1	3	1944	401300201	27	1077	350	350	350	350	0	0	0	0	0	0	0	0	0	0	0	0	0	0	0	5824	3500	0	0	0	0	0	0	0	0	0	0	上古虚谷石
16	4	6	1	3	3611	401300201	36	1077	450	450	450	450	0	0	0	0	0	0	0	0	0	0	0	0	0	0	0	8737	6500	0	0	0	0	0	0	0	0	0	0	上古虚谷石
16	4	7	1	3	7111	401300301	36	1077	550	550	550	550	0	0	0	0	0	0	0	0	0	0	0	0	0	0	0	13105	12800	0	0	0	0	0	0	0	0	0	0	上古虚谷石
16	4	8	1	3	14889	401300301	54	1077	650	650	650	650	0	0	0	0	0	0	0	0	0	0	0	0	0	0	0	19659	26800	0	0	0	0	0	0	0	0	0	0	上古虚谷石
16	4	9	1	3	31111	401300301	72	1077	750	750	750	750	0	0	0	0	0	0	0	0	0	0	0	0	0	0	0	27522	56000	0	0	0	0	0	0	0	0	0	0	上古虚谷石
16	5	0	1	3	0	401300101	0	1077	0	0	0	0	0	0	0	0	0	0	0	0	0	0	0	0	0	0	0	0	0	0	0	0	0	0	0	0	0	0	0	神赐虚谷石
16	5	1	1	3	56	401300101	2	1077	150	150	150	150	0	0	0	0	0	0	0	0	0	0	0	0	0	0	0	2065	100	0	0	0	0	0	0	0	0	0	0	神赐虚谷石
16	5	2	1	3	144	401300101	6	1077	200	200	200	200	0	0	0	0	0	0	0	0	0	0	0	0	0	0	0	4131	260	0	0	0	0	0	0	0	0	0	0	神赐虚谷石
16	5	3	1	3	378	401300101	18	1077	250	250	250	250	0	0	0	0	0	0	0	0	0	0	0	0	0	0	0	6196	680	0	0	0	0	0	0	0	0	0	0	神赐虚谷石
16	5	4	1	3	1000	401300201	18	1077	300	300	300	300	0	0	0	0	0	0	0	0	0	0	0	0	0	0	0	9295	1800	0	0	0	0	0	0	0	0	0	0	神赐虚谷石
16	5	5	1	3	1944	401300201	27	1077	350	350	350	350	0	0	0	0	0	0	0	0	0	0	0	0	0	0	0	13942	3500	0	0	0	0	0	0	0	0	0	0	神赐虚谷石
16	5	6	1	3	3611	401300201	36	1077	400	400	400	400	0	0	0	0	0	0	0	0	0	0	0	0	0	0	0	20914	6500	0	0	0	0	0	0	0	0	0	0	神赐虚谷石
16	5	7	1	3	7111	401300301	36	1077	550	550	550	550	0	0	0	0	0	0	0	0	0	0	0	0	0	0	0	31371	12800	0	0	0	0	0	0	0	0	0	0	神赐虚谷石
16	5	8	1	3	14889	401300301	54	1077	750	750	750	750	0	0	0	0	0	0	0	0	0	0	0	0	0	0	0	43919	26800	0	0	0	0	0	0	0	0	0	0	神赐虚谷石
16	5	9	1	3	31111	401300301	72	1077	950	950	950	950	0	0	0	0	0	0	0	0	0	0	0	0	0	0	0	61487	56000	0	0	0	0	0	0	0	0	0	0	神赐虚谷石
17	3	0	1	3	0	401300101	0	1016	0	0	0	0	0	0	0	0	0	0	0	0	0	0	0	0	0	0	0	0	0	0	0	0	0	0	0	0	0	0	0	无双石
17	3	1	1	3	42	401300101	2	1016	100	100	100	100	0	0	0	0	0	0	0	0	0	0	0	0	0	0	0	96	75	0	0	0	0	0	0	0	0	0	0	无双石
17	3	2	1	3	111	401300101	6	1016	200	200	200	200	0	0	0	0	0	0	0	0	0	0	0	0	0	0	0	192	200	0	0	0	0	0	0	0	0	0	0	无双石
17	3	3	1	3	278	401300101	18	1016	300	300	300	300	0	0	0	0	0	0	0	0	0	0	0	0	0	0	0	384	500	0	0	0	0	0	0	0	0	0	0	无双石
17	3	4	1	3	722	401300201	18	1016	400	400	400	400	0	0	0	0	0	0	0	0	0	0	0	0	0	0	0	768	1300	0	0	0	0	0	0	0	0	0	0	无双石
17	3	5	1	3	1444	401300201	27	1016	600	600	600	600	0	0	0	0	0	0	0	0	0	0	0	0	0	0	0	1536	2600	0	0	0	0	0	0	0	0	0	0	无双石
17	3	6	1	3	2722	401300201	36	1016	800	800	800	800	0	0	0	0	0	0	0	0	0	0	0	0	0	0	0	2304	4900	0	0	0	0	0	0	0	0	0	0	无双石
17	3	7	1	3	5278	401300301	36	1016	1000	1000	1000	1000	0	0	0	0	0	0	0	0	0	0	0	0	0	0	0	3456	9500	0	0	0	0	0	0	0	0	0	0	无双石
17	3	8	1	3	11111	401300301	54	1016	1200	1200	1200	1200	0	0	0	0	0	0	0	0	0	0	0	0	0	0	0	5184	20000	0	0	0	0	0	0	0	0	0	0	无双石
17	3	9	1	3	23333	401300301	72	1016	1400	1400	1400	1400	0	0	0	0	0	0	0	0	0	0	0	0	0	0	0	7257	42000	0	0	0	0	0	0	0	0	0	0	无双石
17	4	0	1	3	0	401300101	0	1016	0	0	0	0	0	0	0	0	0	0	0	0	0	0	0	0	0	0	0	0	0	0	0	0	0	0	0	0	0	0	0	上古无双石
17	4	1	1	3	42	401300101	2	1016	300	300	300	300	0	0	0	0	0	0	0	0	0	0	0	0	0	0	0	485	75	0	0	0	0	0	0	0	0	0	0	上古无双石
17	4	2	1	3	111	401300101	6	1016	400	400	400	400	0	0	0	0	0	0	0	0	0	0	0	0	0	0	0	970	200	0	0	0	0	0	0	0	0	0	0	上古无双石
17	4	3	1	3	278	401300101	18	1016	500	500	500	500	0	0	0	0	0	0	0	0	0	0	0	0	0	0	0	1941	500	0	0	0	0	0	0	0	0	0	0	上古无双石
17	4	4	1	3	722	401300201	18	1016	600	600	600	600	0	0	0	0	0	0	0	0	0	0	0	0	0	0	0	3883	1300	0	0	0	0	0	0	0	0	0	0	上古无双石
17	4	5	1	3	1444	401300201	27	1016	800	800	800	800	0	0	0	0	0	0	0	0	0	0	0	0	0	0	0	5824	2600	0	0	0	0	0	0	0	0	0	0	上古无双石
17	4	6	1	3	2722	401300201	36	1016	1000	1000	1000	1000	0	0	0	0	0	0	0	0	0	0	0	0	0	0	0	8737	4900	0	0	0	0	0	0	0	0	0	0	上古无双石
17	4	7	1	3	5278	401300301	36	1016	1200	1200	1200	1200	0	0	0	0	0	0	0	0	0	0	0	0	0	0	0	13105	9500	0	0	0	0	0	0	0	0	0	0	上古无双石
17	4	8	1	3	11111	401300301	54	1016	1400	1400	1400	1400	0	0	0	0	0	0	0	0	0	0	0	0	0	0	0	19659	20000	0	0	0	0	0	0	0	0	0	0	上古无双石
17	4	9	1	3	23333	401300301	72	1016	1600	1600	1600	1600	0	0	0	0	0	0	0	0	0	0	0	0	0	0	0	27522	42000	0	0	0	0	0	0	0	0	0	0	上古无双石
17	5	0	1	3	0	401300101	0	1016	0	0	0	0	0	0	0	0	0	0	0	0	0	0	0	0	0	0	0	0	0	0	0	0	0	0	0	0	0	0	0	神赐无双石
17	5	1	1	3	42	401300101	2	1016	500	500	500	500	0	0	0	0	0	0	0	0	0	0	0	0	0	0	0	2065	75	0	0	0	0	0	0	0	0	0	0	神赐无双石
17	5	2	1	3	111	401300101	6	1016	600	600	600	600	0	0	0	0	0	0	0	0	0	0	0	0	0	0	0	4131	200	0	0	0	0	0	0	0	0	0	0	神赐无双石
17	5	3	1	3	278	401300101	18	1016	700	700	700	700	0	0	0	0	0	0	0	0	0	0	0	0	0	0	0	6196	500	0	0	0	0	0	0	0	0	0	0	神赐无双石
17	5	4	1	3	722	401300201	18	1016	800	800	800	800	0	0	0	0	0	0	0	0	0	0	0	0	0	0	0	9295	1300	0	0	0	0	0	0	0	0	0	0	神赐无双石
17	5	5	1	3	1444	401300201	27	1016	1000	1000	1000	1000	0	0	0	0	0	0	0	0	0	0	0	0	0	0	0	13942	2600	0	0	0	0	0	0	0	0	0	0	神赐无双石
17	5	6	1	3	2722	401300201	36	1016	1200	1200	1200	1200	0	0	0	0	0	0	0	0	0	0	0	0	0	0	0	20914	4900	0	0	0	0	0	0	0	0	0	0	神赐无双石
17	5	7	1	3	5278	401300301	36	1016	1400	1400	1400	1400	0	0	0	0	0	0	0	0	0	0	0	0	0	0	0	31371	9500	0	0	0	0	0	0	0	0	0	0	神赐无双石
17	5	8	1	3	11111	401300301	54	1016	1600	1600	1600	1600	0	0	0	0	0	0	0	0	0	0	0	0	0	0	0	43919	20000	0	0	0	0	0	0	0	0	0	0	神赐无双石
17	5	9	1	3	23333	401300301	72	1016	1800	1800	1800	1800	0	0	0	0	0	0	0	0	0	0	0	0	0	0	0	61487	42000	0	0	0	0	0	0	0	0	0	0	神赐无双石
18	3	0	1	3	0	401300101	0	1015	0	0	0	0	0	0	0	0	0	0	0	0	0	0	0	0	0	0	0	0	0	0	0	0	0	0	0	0	0	0	0	太极石
18	3	1	1	3	42	401300101	2	1015	100	100	100	100	0	0	0	0	0	0	0	0	0	0	0	0	0	0	0	96	75	0	0	0	0	0	0	0	0	0	0	太极石
18	3	2	1	3	111	401300101	6	1015	200	200	200	200	0	0	0	0	0	0	0	0	0	0	0	0	0	0	0	192	200	0	0	0	0	0	0	0	0	0	0	太极石
18	3	3	1	3	278	401300101	18	1015	300	300	300	300	0	0	0	0	0	0	0	0	0	0	0	0	0	0	0	384	500	0	0	0	0	0	0	0	0	0	0	太极石
18	3	4	1	3	722	401300201	18	1015	400	400	400	400	0	0	0	0	0	0	0	0	0	0	0	0	0	0	0	768	1300	0	0	0	0	0	0	0	0	0	0	太极石
18	3	5	1	3	1444	401300201	27	1015	600	600	600	600	0	0	0	0	0	0	0	0	0	0	0	0	0	0	0	1536	2600	0	0	0	0	0	0	0	0	0	0	太极石
18	3	6	1	3	2722	401300201	36	1015	800	800	800	800	0	0	0	0	0	0	0	0	0	0	0	0	0	0	0	2304	4900	0	0	0	0	0	0	0	0	0	0	太极石
18	3	7	1	3	5278	401300301	36	1015	1000	1000	1000	1000	0	0	0	0	0	0	0	0	0	0	0	0	0	0	0	3456	9500	0	0	0	0	0	0	0	0	0	0	太极石
18	3	8	1	3	11111	401300301	54	1015	1200	1200	1200	1200	0	0	0	0	0	0	0	0	0	0	0	0	0	0	0	5184	20000	0	0	0	0	0	0	0	0	0	0	太极石
18	3	9	1	3	23333	401300301	72	1015	1400	1400	1400	1400	0	0	0	0	0	0	0	0	0	0	0	0	0	0	0	7257	42000	0	0	0	0	0	0	0	0	0	0	太极石
18	4	0	1	3	0	401300101	0	1015	0	0	0	0	0	0	0	0	0	0	0	0	0	0	0	0	0	0	0	0	0	0	0	0	0	0	0	0	0	0	0	上古太极石
18	4	1	1	3	42	401300101	2	1015	300	300	300	300	0	0	0	0	0	0	0	0	0	0	0	0	0	0	0	485	75	0	0	0	0	0	0	0	0	0	0	上古太极石
18	4	2	1	3	111	401300101	6	1015	400	400	400	400	0	0	0	0	0	0	0	0	0	0	0	0	0	0	0	970	200	0	0	0	0	0	0	0	0	0	0	上古太极石
18	4	3	1	3	278	401300101	18	1015	500	500	500	500	0	0	0	0	0	0	0	0	0	0	0	0	0	0	0	1941	500	0	0	0	0	0	0	0	0	0	0	上古太极石
18	4	4	1	3	722	401300201	18	1015	600	600	600	600	0	0	0	0	0	0	0	0	0	0	0	0	0	0	0	3883	1300	0	0	0	0	0	0	0	0	0	0	上古太极石
18	4	5	1	3	1444	401300201	27	1015	800	800	800	800	0	0	0	0	0	0	0	0	0	0	0	0	0	0	0	5824	2600	0	0	0	0	0	0	0	0	0	0	上古太极石
18	4	6	1	3	2722	401300201	36	1015	1000	1000	1000	1000	0	0	0	0	0	0	0	0	0	0	0	0	0	0	0	8737	4900	0	0	0	0	0	0	0	0	0	0	上古太极石
18	4	7	1	3	5278	401300301	36	1015	1200	1200	1200	1200	0	0	0	0	0	0	0	0	0	0	0	0	0	0	0	13105	9500	0	0	0	0	0	0	0	0	0	0	上古太极石
18	4	8	1	3	11111	401300301	54	1015	1400	1400	1400	1400	0	0	0	0	0	0	0	0	0	0	0	0	0	0	0	19659	20000	0	0	0	0	0	0	0	0	0	0	上古太极石
18	4	9	1	3	23333	401300301	72	1015	1600	1600	1600	1600	0	0	0	0	0	0	0	0	0	0	0	0	0	0	0	27522	42000	0	0	0	0	0	0	0	0	0	0	上古太极石
18	5	0	1	3	0	401300101	0	1015	0	0	0	0	0	0	0	0	0	0	0	0	0	0	0	0	0	0	0	0	0	0	0	0	0	0	0	0	0	0	0	神赐太极石
18	5	1	1	3	42	401300101	2	1015	500	500	500	500	0	0	0	0	0	0	0	0	0	0	0	0	0	0	0	2065	75	0	0	0	0	0	0	0	0	0	0	神赐太极石
18	5	2	1	3	111	401300101	6	1015	600	600	600	600	0	0	0	0	0	0	0	0	0	0	0	0	0	0	0	4131	200	0	0	0	0	0	0	0	0	0	0	神赐太极石
18	5	3	1	3	278	401300101	18	1015	700	700	700	700	0	0	0	0	0	0	0	0	0	0	0	0	0	0	0	6196	500	0	0	0	0	0	0	0	0	0	0	神赐太极石
18	5	4	1	3	722	401300201	18	1015	800	800	800	800	0	0	0	0	0	0	0	0	0	0	0	0	0	0	0	9295	1300	0	0	0	0	0	0	0	0	0	0	神赐太极石
18	5	5	1	3	1444	401300201	27	1015	1000	1000	1000	1000	0	0	0	0	0	0	0	0	0	0	0	0	0	0	0	13942	2600	0	0	0	0	0	0	0	0	0	0	神赐太极石
18	5	6	1	3	2722	401300201	36	1015	1200	1200	1200	1200	0	0	0	0	0	0	0	0	0	0	0	0	0	0	0	20914	4900	0	0	0	0	0	0	0	0	0	0	神赐太极石
18	5	7	1	3	5278	401300301	36	1015	1400	1400	1400	1400	0	0	0	0	0	0	0	0	0	0	0	0	0	0	0	31371	9500	0	0	0	0	0	0	0	0	0	0	神赐太极石
18	5	8	1	3	11111	401300301	54	1015	1600	1600	1600	1600	0	0	0	0	0	0	0	0	0	0	0	0	0	0	0	43919	20000	0	0	0	0	0	0	0	0	0	0	神赐太极石
18	5	9	1	3	23333	401300301	72	1015	1800	1800	1800	1800	0	0	0	0	0	0	0	0	0	0	0	0	0	0	0	61487	42000	0	0	0	0	0	0	0	0	0	0	神赐太极石
