宝石道具ID	有效标志	镶嵌的部位	镶嵌孔的形状	宝石类型	宝石颜色	宝石等级	下级宝石ID	上级宝石ID	境界限制	升级需要同级宝石数（要算上自己）	升级需要晶石	分解材料副ID（1位类型<1装备2宝石>+1位颜色+2位分类(部位)+1位等级）	付费升级消耗ID	升级宝石成功率	属性类型1	剑客数值1	御灵数值1	刀客数值1	弓手数值1	属性类型2	剑客数值1	御灵数值1	刀客数值1	弓手数值1	属性类型2	剑客数值1	御灵数值1	刀客数值1	弓手数值1	属性类型2	剑客数值1	御灵数值1	刀客数值1	弓手数值1	增加战力值1	增加战力值2	属性类型2	剑客数值1	御灵数值1	刀客数值1	弓手数值1	下阶宝石ID
[K][C][S]ID	0	[C][S]Part	[C][S]ShapeType	[C][S]Type	[C][S]Color	[C][S]Lvl	[C][S]NextID	[C][S]LastID	[C][S]RealmLimit	[C][S]ConsumeNum	[C][S]CostBindCoin	[C][S]stuff_second_id	[C][S]LvlUpCostByGold	[C][S]LvlUpRate	[C][S]ExAttrType1	[C][S]ExAttrValue11	[C][S]ExAttrValue12	[C][S]ExAttrValue13	[C][S]ExAttrValue14	[C][S]ExAttrType2	[C][S]ExAttrValue21	[C][S]ExAttrValue22	[C][S]ExAttrValue23	[C][S]ExAttrValue24	[S]ExAttrType3	[S]ExAttrValue31	[S]ExAttrValue32	[S]ExAttrValue33	[S]ExAttrValue34	[S]ExAttrType4	[S]ExAttrValue41	[S]ExAttrValue42	[S]ExAttrValue43	[S]ExAttrValue44	[C][S]FightScore	[S]add_fighting2_	[C]ExAttrType3	[C]ExAttrValue31	[C]ExAttrValue32	[C]ExAttrValue33	[C]ExAttrValue34	[C][S]NextClassStoneId
400130100	1	1023	1	1	3	1	400130200	-1	2	3	12500	230101	50231	10000	67	100	90	75	125	70	100	90	75	125	0	0	0	0	0	0	0	0	0	0	120	0	0	0	0	0	0	400140100
400130200	1	1023	1	1	3	2	400130300	400130100	2	3	25000	230102	50231	10000	67	200	180	150	250	70	200	180	150	250	0	0	0	0	0	0	0	0	0	0	240	0	0	0	0	0	0	400140200
400130300	1	1023	1	1	3	3	400130400	400130200	2	3	100000	230103	50231	10000	67	470	423	352	587	70	470	423	352	587	0	0	0	0	0	0	0	0	0	0	480	0	0	0	0	0	0	400140300
400130400	1	1023	1	1	3	4	400130500	400130300	2	3	400000	230104	50231	10000	67	620	558	465	775	70	620	558	465	775	0	0	0	0	0	0	0	0	0	0	960	0	0	0	0	0	0	400140400
400130500	1	1023	1	1	3	5	400130600	400130400	2	3	1600000	230105	50231	10000	67	1040	936	780	1300	70	1040	936	780	1300	0	0	0	0	0	0	0	0	0	0	1920	0	0	0	0	0	0	400140500
400130600	1	1023	1	1	3	6	400130700	400130500	2	3	6400000	230106	50231	10000	67	1350	1215	1012	1687	70	1350	1215	1012	1687	0	0	0	0	0	0	0	0	0	0	2880	0	0	0	0	0	0	400140600
400130700	1	1023	1	1	3	7	400130800	400130600	5	3	25600000	230107	50231	10000	67	2400	2160	1800	3000	70	2400	2160	1800	3000	0	0	0	0	0	0	0	0	0	0	4320	0	0	0	0	0	0	400140700
400130800	1	1023	1	1	3	8	400130900	400130700	5	3	25600000	230108	50231	10000	67	3000	2700	2250	3750	70	3000	2700	2250	3750	0	0	0	0	0	0	0	0	0	0	6480	0	0	0	0	0	0	400140800
400130900	1	1023	1	1	3	9	-1	400130800	8	-1	-1	230108	-1	10000	67	3960	3564	2970	4950	70	3960	3564	2970	4950	0	0	0	0	0	0	0	0	0	0	9072	0	0	0	0	0	0	400140900
400140100	1	1023	1	1	4	1	400140200	-1	10	3	38750	240101	50241	10000	67	490	441	367	612	70	490	441	367	612	0	0	0	0	0	0	0	0	0	0	809	0	0	0	0	0	0	400150100
400140200	1	1023	1	1	4	2	400140300	400140100	10	3	77500	240102	50241	10000	67	670	603	502	837	70	670	603	502	837	0	0	0	0	0	0	0	0	0	0	1618	0	0	0	0	0	0	400150200
400140300	1	1023	1	1	4	3	400140400	400140200	10	3	310000	240103	50241	10000	67	1080	972	810	1350	70	1080	972	810	1350	0	0	0	0	0	0	0	0	0	0	3236	0	0	0	0	0	0	400150300
400140400	1	1023	1	1	4	4	400140500	400140300	10	3	1240000	240104	50241	10000	67	1540	1386	1155	1925	70	1540	1386	1155	1925	0	0	0	0	0	0	0	0	0	0	6472	0	0	0	0	0	0	400150400
400140500	1	1023	1	1	4	5	400140600	400140400	10	3	4960000	240105	50241	10000	67	2440	2196	1830	3050	70	2440	2196	1830	3050	0	0	0	0	0	0	0	0	0	0	9708	0	0	0	0	0	0	400150500
400140600	1	1023	1	1	4	6	400140700	400140500	10	3	19840000	240106	50241	10000	67	3500	3150	2625	4375	70	3500	3150	2625	4375	0	0	0	0	0	0	0	0	0	0	14562	0	0	0	0	0	0	400150600
400140700	1	1023	1	1	4	7	400140800	400140600	10	3	79360000	240107	50241	10000	67	4740	4266	3555	5925	70	4740	4266	3555	5925	0	0	0	0	0	0	0	0	0	0	21843	0	0	0	0	0	0	400150700
400140800	1	1023	1	1	4	8	400140900	400140700	10	3	79360000	240108	50241	10000	67	6900	6210	5175	8625	70	6900	6210	5175	8625	0	0	0	0	0	0	0	0	0	0	32765	0	0	0	0	0	0	400150800
400140900	1	1023	1	1	4	9	-1	400140800	10	-1	-1	240108	-1	10000	67	9090	8181	6817	11362	70	9090	8181	6817	11362	0	0	0	0	0	0	0	0	0	0	45871	0	0	0	0	0	0	400150900
400150100	1	1023	1	1	5	1	400150200	-1	17	3	107500	250101	50251	10000	67	730	657	547	912	70	730	657	547	912	0	0	0	0	0	0	0	0	0	0	4131	0	0	0	0	0	0	-1
400150200	1	1023	1	1	5	2	400150300	400150100	17	3	215000	250102	50251	10000	67	1460	1314	1095	1825	70	1460	1314	1095	1825	0	0	0	0	0	0	0	0	0	0	8262	0	0	0	0	0	0	-1
400150300	1	1023	1	1	5	3	400150400	400150200	17	3	860000	250103	50251	10000	67	2290	2061	1717	2862	70	2290	2061	1717	2862	0	0	0	0	0	0	0	0	0	0	12393	0	0	0	0	0	0	-1
400150400	1	1023	1	1	5	4	400150500	400150300	17	3	3440000	250104	50251	10000	67	3050	2745	2287	3812	70	3050	2745	2287	3812	0	0	0	0	0	0	0	0	0	0	18590	0	0	0	0	0	0	-1
400150500	1	1023	1	1	5	5	400150600	400150400	17	3	13760000	250105	50251	10000	67	5450	4905	4087	6812	70	5450	4905	4087	6812	0	0	0	0	0	0	0	0	0	0	27885	0	0	0	0	0	0	-1
400150600	1	1023	1	1	5	6	400150700	400150500	17	3	55040000	250106	50251	10000	67	7110	6399	5332	8887	70	7110	6399	5332	8887	0	0	0	0	0	0	0	0	0	0	41828	0	0	0	0	0	0	-1
400150700	1	1023	1	1	5	7	400150800	400150600	17	3	220160000	250107	50251	10000	67	9900	8910	7425	12375	70	9900	8910	7425	12375	0	0	0	0	0	0	0	0	0	0	62742	0	0	0	0	0	0	-1
400150800	1	1023	1	1	5	8	400150900	400150700	17	3	220160000	250108	50251	10000	67	12380	11142	9285	15475	70	12380	11142	9285	15475	0	0	0	0	0	0	0	0	0	0	87839	0	0	0	0	0	0	-1
400150900	1	1023	1	1	5	9	-1	400150800	17	-1	-1	250108	-1	10000	67	14850	13365	11137	18562	70	14850	13365	11137	18562	0	0	0	0	0	0	0	0	0	0	122975	0	0	0	0	0	0	-1
400130101	1	1023	2	3	3	1	400130201	-1	2	3	12500	230301	50131	10000	68	50	50	55	40	71	50	50	55	40	0	0	0	0	0	0	0	0	0	0	120	0	0	0	0	0	0	400140101
400130201	1	1023	2	3	3	2	400130301	400130101	2	3	25000	230302	50131	10000	68	100	100	110	80	71	100	100	110	80	0	0	0	0	0	0	0	0	0	0	240	0	0	0	0	0	0	400140201
400130301	1	1023	2	3	3	3	400130401	400130201	2	3	100000	230303	50131	10000	68	235	235	258	188	71	235	235	258	188	0	0	0	0	0	0	0	0	0	0	480	0	0	0	0	0	0	400140301
400130401	1	1023	2	3	3	4	400130501	400130301	2	3	400000	230304	50131	10000	68	310	310	341	248	71	310	310	341	248	0	0	0	0	0	0	0	0	0	0	960	0	0	0	0	0	0	400140401
400130501	1	1023	2	3	3	5	400130601	400130401	2	3	1600000	230305	50131	10000	68	520	520	572	416	71	520	520	572	416	0	0	0	0	0	0	0	0	0	0	1920	0	0	0	0	0	0	400140501
400130601	1	1023	2	3	3	6	400130701	400130501	2	3	6400000	230306	50131	10000	68	675	675	742	540	71	675	675	742	540	0	0	0	0	0	0	0	0	0	0	2880	0	0	0	0	0	0	400140601
400130701	1	1023	2	3	3	7	400130801	400130601	5	3	25600000	230307	50131	10000	68	1200	1200	1320	960	71	1200	1200	1320	960	0	0	0	0	0	0	0	0	0	0	4320	0	0	0	0	0	0	400140701
400130801	1	1023	2	3	3	8	400130901	400130701	5	3	25600000	230308	50131	10000	68	1500	1500	1650	1200	71	1500	1500	1650	1200	0	0	0	0	0	0	0	0	0	0	6480	0	0	0	0	0	0	400140801
400130901	1	1023	2	3	3	9	-1	400130801	8	-1	-1	230308	-1	10000	68	1980	1980	2178	1584	71	1980	1980	2178	1584	0	0	0	0	0	0	0	0	0	0	9072	0	0	0	0	0	0	400140901
400140101	1	1023	2	3	4	1	400140201	-1	10	3	38750	240301	50141	10000	68	245	245	269	196	71	245	245	269	196	0	0	0	0	0	0	0	0	0	0	809	0	0	0	0	0	0	400150101
400140201	1	1023	2	3	4	2	400140301	400140101	10	3	77500	240302	50141	10000	68	335	335	368	268	71	335	335	368	268	0	0	0	0	0	0	0	0	0	0	1618	0	0	0	0	0	0	400150201
400140301	1	1023	2	3	4	3	400140401	400140201	10	3	310000	240303	50141	10000	68	540	540	594	432	71	540	540	594	432	0	0	0	0	0	0	0	0	0	0	3236	0	0	0	0	0	0	400150301
400140401	1	1023	2	3	4	4	400140501	400140301	10	3	1240000	240304	50141	10000	68	770	770	847	616	71	770	770	847	616	0	0	0	0	0	0	0	0	0	0	6472	0	0	0	0	0	0	400150401
400140501	1	1023	2	3	4	5	400140601	400140401	10	3	4960000	240305	50141	10000	68	1220	1220	1342	976	71	1220	1220	1342	976	0	0	0	0	0	0	0	0	0	0	9708	0	0	0	0	0	0	400150501
400140601	1	1023	2	3	4	6	400140701	400140501	10	3	19840000	240306	50141	10000	68	1750	1750	1925	1400	71	1750	1750	1925	1400	0	0	0	0	0	0	0	0	0	0	14562	0	0	0	0	0	0	400150601
400140701	1	1023	2	3	4	7	400140801	400140601	10	3	79360000	240307	50141	10000	68	2370	2370	2607	1896	71	2370	2370	2607	1896	0	0	0	0	0	0	0	0	0	0	21843	0	0	0	0	0	0	400150701
400140801	1	1023	2	3	4	8	400140901	400140701	10	3	79360000	240308	50141	10000	68	3450	3450	3795	2760	71	3450	3450	3795	2760	0	0	0	0	0	0	0	0	0	0	32765	0	0	0	0	0	0	400150801
400140901	1	1023	2	3	4	9	-1	400140801	10	-1	-1	240308	-1	10000	68	4545	4545	4999	3636	71	4545	4545	4999	3636	0	0	0	0	0	0	0	0	0	0	45871	0	0	0	0	0	0	400150901
400150101	1	1023	2	3	5	1	400150201	-1	17	3	107500	250301	50151	10000	68	365	365	401	292	71	365	365	401	292	0	0	0	0	0	0	0	0	0	0	4131	0	0	0	0	0	0	-1
400150201	1	1023	2	3	5	2	400150301	400150101	17	3	215000	250302	50151	10000	68	730	730	803	584	71	730	730	803	584	0	0	0	0	0	0	0	0	0	0	8262	0	0	0	0	0	0	-1
400150301	1	1023	2	3	5	3	400150401	400150201	17	3	860000	250303	50151	10000	68	1145	1145	1259	916	71	1145	1145	1259	916	0	0	0	0	0	0	0	0	0	0	12393	0	0	0	0	0	0	-1
400150401	1	1023	2	3	5	4	400150501	400150301	17	3	3440000	250304	50151	10000	68	1525	1525	1677	1220	71	1525	1525	1677	1220	0	0	0	0	0	0	0	0	0	0	18590	0	0	0	0	0	0	-1
400150501	1	1023	2	3	5	5	400150601	400150401	17	3	13760000	250305	50151	10000	68	2725	2725	2997	2180	71	2725	2725	2997	2180	0	0	0	0	0	0	0	0	0	0	27885	0	0	0	0	0	0	-1
400150601	1	1023	2	3	5	6	400150701	400150501	17	3	55040000	250306	50151	10000	68	3555	3555	3910	2844	71	3555	3555	3910	2844	0	0	0	0	0	0	0	0	0	0	41828	0	0	0	0	0	0	-1
400150701	1	1023	2	3	5	7	400150801	400150601	17	3	220160000	250307	50151	10000	68	4950	4950	5445	3960	71	4950	4950	5445	3960	0	0	0	0	0	0	0	0	0	0	62742	0	0	0	0	0	0	-1
400150801	1	1023	2	3	5	8	400150901	400150701	17	3	220160000	250308	50151	10000	68	6190	6190	6809	4952	71	6190	6190	6809	4952	0	0	0	0	0	0	0	0	0	0	87839	0	0	0	0	0	0	-1
400150901	1	1023	2	3	5	9	-1	400150801	17	-1	-1	250308	-1	10000	68	7425	7425	8167	5940	71	7425	7425	8167	5940	0	0	0	0	0	0	0	0	0	0	122975	0	0	0	0	0	0	-1
400130102	1	65	1	5	3	1	400130202	-1	2	3	12500	230501	50231	10000	7	100	100	100	100	0	0	0	0	0	0	0	0	0	0	0	0	0	0	0	240	0	0	0	0	0	0	400140102
400130202	1	65	1	5	3	2	400130302	400130102	2	3	25000	230502	50231	10000	7	200	200	200	200	0	0	0	0	0	0	0	0	0	0	0	0	0	0	0	480	0	0	0	0	0	0	400140202
400130302	1	65	1	5	3	3	400130402	400130202	2	3	100000	230503	50231	10000	7	300	300	300	300	0	0	0	0	0	0	0	0	0	0	0	0	0	0	0	960	0	0	0	0	0	0	400140302
400130402	1	65	1	5	3	4	400130502	400130302	2	3	400000	230504	50231	10000	7	400	400	400	400	0	0	0	0	0	0	0	0	0	0	0	0	0	0	0	1920	0	0	0	0	0	0	400140402
400130502	1	65	1	5	3	5	400130602	400130402	2	3	1600000	230505	50231	10000	7	575	575	575	575	0	0	0	0	0	0	0	0	0	0	0	0	0	0	0	3840	0	0	0	0	0	0	400140502
400130602	1	65	1	5	3	6	400130702	400130502	2	3	6400000	230506	50231	10000	7	750	750	750	750	0	0	0	0	0	0	0	0	0	0	0	0	0	0	0	5760	0	0	0	0	0	0	400140602
400130702	1	65	1	5	3	7	400130802	400130602	5	3	25600000	230507	50231	10000	7	1000	1000	1000	1000	0	0	0	0	0	0	0	0	0	0	0	0	0	0	0	8640	0	0	0	0	0	0	400140702
400130802	1	65	1	5	3	8	400130902	400130702	5	3	25600000	230508	50231	10000	7	1250	1250	1250	1250	0	0	0	0	0	0	0	0	0	0	0	0	0	0	0	12960	0	0	0	0	0	0	400140802
400130902	1	65	1	5	3	9	-1	400130802	8	-1	-1	230508	-1	10000	7	1500	1500	1500	1500	0	0	0	0	0	0	0	0	0	0	0	0	0	0	0	18144	0	0	0	0	0	0	400140902
400140102	1	65	1	5	4	1	400140202	-1	10	3	38750	240501	50241	10000	7	300	300	300	300	0	0	0	0	0	0	0	0	0	0	0	0	0	0	0	1618	0	0	0	0	0	0	400150102
400140202	1	65	1	5	4	2	400140302	400140102	10	3	77500	240502	50241	10000	7	400	400	400	400	0	0	0	0	0	0	0	0	0	0	0	0	0	0	0	3236	0	0	0	0	0	0	400150202
400140302	1	65	1	5	4	3	400140402	400140202	10	3	310000	240503	50241	10000	7	600	600	600	600	0	0	0	0	0	0	0	0	0	0	0	0	0	0	0	6472	0	0	0	0	0	0	400150302
400140402	1	65	1	5	4	4	400140502	400140302	10	3	1240000	240504	50241	10000	7	800	800	800	800	0	0	0	0	0	0	0	0	0	0	0	0	0	0	0	12944	0	0	0	0	0	0	400150402
400140502	1	65	1	5	4	5	400140602	400140402	10	3	4960000	240505	50241	10000	7	1150	1150	1150	1150	0	0	0	0	0	0	0	0	0	0	0	0	0	0	0	19416	0	0	0	0	0	0	400150502
400140602	1	65	1	5	4	6	400140702	400140502	10	3	19840000	240506	50241	10000	7	1500	1500	1500	1500	0	0	0	0	0	0	0	0	0	0	0	0	0	0	0	29124	0	0	0	0	0	0	400150602
400140702	1	65	1	5	4	7	400140802	400140602	10	3	79360000	240507	50241	10000	7	1850	1850	1850	1850	0	0	0	0	0	0	0	0	0	0	0	0	0	0	0	43686	0	0	0	0	0	0	400150702
400140802	1	65	1	5	4	8	400140902	400140702	10	3	79360000	240508	50241	10000	7	2250	2250	2250	2250	0	0	0	0	0	0	0	0	0	0	0	0	0	0	0	65530	0	0	0	0	0	0	400150802
400140902	1	65	1	5	4	9	-1	400140802	10	-1	-1	240508	-1	10000	7	2750	2750	2750	2750	0	0	0	0	0	0	0	0	0	0	0	0	0	0	0	91742	0	0	0	0	0	0	400150902
400150102	1	65	1	5	5	1	400150202	-1	17	3	107500	250501	50251	10000	7	400	400	400	400	0	0	0	0	0	0	0	0	0	0	0	0	0	0	0	8262	0	0	0	0	0	0	-1
400150202	1	65	1	5	5	2	400150302	400150102	17	3	215000	250502	50251	10000	7	800	800	800	800	0	0	0	0	0	0	0	0	0	0	0	0	0	0	0	16524	0	0	0	0	0	0	-1
400150302	1	65	1	5	5	3	400150402	400150202	17	3	860000	250503	50251	10000	7	1200	1200	1200	1200	0	0	0	0	0	0	0	0	0	0	0	0	0	0	0	24786	0	0	0	0	0	0	-1
400150402	1	65	1	5	5	4	400150502	400150302	17	3	3440000	250504	50251	10000	7	1600	1600	1600	1600	0	0	0	0	0	0	0	0	0	0	0	0	0	0	0	37180	0	0	0	0	0	0	-1
400150502	1	65	1	5	5	5	400150602	400150402	17	3	13760000	250505	50251	10000	7	2300	2300	2300	2300	0	0	0	0	0	0	0	0	0	0	0	0	0	0	0	55770	0	0	0	0	0	0	-1
400150602	1	65	1	5	5	6	400150702	400150502	17	3	55040000	250506	50251	10000	7	3000	3000	3000	3000	0	0	0	0	0	0	0	0	0	0	0	0	0	0	0	83656	0	0	0	0	0	0	-1
400150702	1	65	1	5	5	7	400150802	400150602	17	3	220160000	250507	50251	10000	7	4000	4000	4000	4000	0	0	0	0	0	0	0	0	0	0	0	0	0	0	0	125484	0	0	0	0	0	0	-1
400150802	1	65	1	5	5	8	400150902	400150702	17	3	220160000	250508	50251	10000	7	5000	5000	5000	5000	0	0	0	0	0	0	0	0	0	0	0	0	0	0	0	175678	0	0	0	0	0	0	-1
400150902	1	65	1	5	5	9	-1	400150802	17	-1	-1	250508	-1	10000	7	6000	6000	6000	6000	0	0	0	0	0	0	0	0	0	0	0	0	0	0	0	245950	0	0	0	0	0	0	-1
400130103	1	34	2	6	3	1	400130203	-1	2	3	12500	230601	50131	10000	8	100	100	100	100	0	0	0	0	0	0	0	0	0	0	0	0	0	0	0	240	0	0	0	0	0	0	400140103
400130203	1	34	2	6	3	2	400130303	400130103	2	3	25000	230602	50131	10000	8	200	200	200	200	0	0	0	0	0	0	0	0	0	0	0	0	0	0	0	480	0	0	0	0	0	0	400140203
400130303	1	34	2	6	3	3	400130403	400130203	2	3	100000	230603	50131	10000	8	300	300	300	300	0	0	0	0	0	0	0	0	0	0	0	0	0	0	0	960	0	0	0	0	0	0	400140303
400130403	1	34	2	6	3	4	400130503	400130303	2	3	400000	230604	50131	10000	8	400	400	400	400	0	0	0	0	0	0	0	0	0	0	0	0	0	0	0	1920	0	0	0	0	0	0	400140403
400130503	1	34	2	6	3	5	400130603	400130403	2	3	1600000	230605	50131	10000	8	575	575	575	575	0	0	0	0	0	0	0	0	0	0	0	0	0	0	0	3840	0	0	0	0	0	0	400140503
400130603	1	34	2	6	3	6	400130703	400130503	2	3	6400000	230606	50131	10000	8	750	750	750	750	0	0	0	0	0	0	0	0	0	0	0	0	0	0	0	5760	0	0	0	0	0	0	400140603
400130703	1	34	2	6	3	7	400130803	400130603	5	3	25600000	230607	50131	10000	8	1000	1000	1000	1000	0	0	0	0	0	0	0	0	0	0	0	0	0	0	0	8640	0	0	0	0	0	0	400140703
400130803	1	34	2	6	3	8	400130903	400130703	5	3	25600000	230608	50131	10000	8	1250	1250	1250	1250	0	0	0	0	0	0	0	0	0	0	0	0	0	0	0	12960	0	0	0	0	0	0	400140803
400130903	1	34	2	6	3	9	-1	400130803	8	-1	-1	230608	-1	10000	8	1500	1500	1500	1500	0	0	0	0	0	0	0	0	0	0	0	0	0	0	0	18144	0	0	0	0	0	0	400140903
400140103	1	34	2	6	4	1	400140203	-1	10	3	38750	240601	50141	10000	8	300	300	300	300	0	0	0	0	0	0	0	0	0	0	0	0	0	0	0	1618	0	0	0	0	0	0	400150103
400140203	1	34	2	6	4	2	400140303	400140103	10	3	77500	240602	50141	10000	8	400	400	400	400	0	0	0	0	0	0	0	0	0	0	0	0	0	0	0	3236	0	0	0	0	0	0	400150203
400140303	1	34	2	6	4	3	400140403	400140203	10	3	310000	240603	50141	10000	8	600	600	600	600	0	0	0	0	0	0	0	0	0	0	0	0	0	0	0	6472	0	0	0	0	0	0	400150303
400140403	1	34	2	6	4	4	400140503	400140303	10	3	1240000	240604	50141	10000	8	800	800	800	800	0	0	0	0	0	0	0	0	0	0	0	0	0	0	0	12944	0	0	0	0	0	0	400150403
400140503	1	34	2	6	4	5	400140603	400140403	10	3	4960000	240605	50141	10000	8	1150	1150	1150	1150	0	0	0	0	0	0	0	0	0	0	0	0	0	0	0	19416	0	0	0	0	0	0	400150503
400140603	1	34	2	6	4	6	400140703	400140503	10	3	19840000	240606	50141	10000	8	1500	1500	1500	1500	0	0	0	0	0	0	0	0	0	0	0	0	0	0	0	29124	0	0	0	0	0	0	400150603
400140703	1	34	2	6	4	7	400140803	400140603	10	3	79360000	240607	50141	10000	8	1850	1850	1850	1850	0	0	0	0	0	0	0	0	0	0	0	0	0	0	0	43686	0	0	0	0	0	0	400150703
400140803	1	34	2	6	4	8	400140903	400140703	10	3	79360000	240608	50141	10000	8	2250	2250	2250	2250	0	0	0	0	0	0	0	0	0	0	0	0	0	0	0	65530	0	0	0	0	0	0	400150803
400140903	1	34	2	6	4	9	-1	400140803	10	-1	-1	240608	-1	10000	8	2750	2750	2750	2750	0	0	0	0	0	0	0	0	0	0	0	0	0	0	0	91742	0	0	0	0	0	0	400150903
400150103	1	34	2	6	5	1	400150203	-1	17	3	107500	250601	50151	10000	8	400	400	400	400	0	0	0	0	0	0	0	0	0	0	0	0	0	0	0	8262	0	0	0	0	0	0	-1
400150203	1	34	2	6	5	2	400150303	400150103	17	3	215000	250602	50151	10000	8	800	800	800	800	0	0	0	0	0	0	0	0	0	0	0	0	0	0	0	16524	0	0	0	0	0	0	-1
400150303	1	34	2	6	5	3	400150403	400150203	17	3	860000	250603	50151	10000	8	1200	1200	1200	1200	0	0	0	0	0	0	0	0	0	0	0	0	0	0	0	24786	0	0	0	0	0	0	-1
400150403	1	34	2	6	5	4	400150503	400150303	17	3	3440000	250604	50151	10000	8	1600	1600	1600	1600	0	0	0	0	0	0	0	0	0	0	0	0	0	0	0	37180	0	0	0	0	0	0	-1
400150503	1	34	2	6	5	5	400150603	400150403	17	3	13760000	250605	50151	10000	8	2300	2300	2300	2300	0	0	0	0	0	0	0	0	0	0	0	0	0	0	0	55770	0	0	0	0	0	0	-1
400150603	1	34	2	6	5	6	400150703	400150503	17	3	55040000	250606	50151	10000	8	3000	3000	3000	3000	0	0	0	0	0	0	0	0	0	0	0	0	0	0	0	83656	0	0	0	0	0	0	-1
400150703	1	34	2	6	5	7	400150803	400150603	17	3	220160000	250607	50151	10000	8	4000	4000	4000	4000	0	0	0	0	0	0	0	0	0	0	0	0	0	0	0	125484	0	0	0	0	0	0	-1
400150803	1	34	2	6	5	8	400150903	400150703	17	3	220160000	250608	50151	10000	8	5000	5000	5000	5000	0	0	0	0	0	0	0	0	0	0	0	0	0	0	0	175678	0	0	0	0	0	0	-1
400150903	1	34	2	6	5	9	-1	400150803	17	-1	-1	250608	-1	10000	8	6000	6000	6000	6000	0	0	0	0	0	0	0	0	0	0	0	0	0	0	0	245950	0	0	0	0	0	0	-1
400130104	1	144	1	7	3	1	400130204	-1	2	3	12500	230701	50131	10000	5	100	100	100	100	0	0	0	0	0	0	0	0	0	0	0	0	0	0	0	240	0	0	0	0	0	0	400140104
400130204	1	144	1	7	3	2	400130304	400130104	2	3	25000	230702	50131	10000	5	200	200	200	200	0	0	0	0	0	0	0	0	0	0	0	0	0	0	0	480	0	0	0	0	0	0	400140204
400130304	1	144	1	7	3	3	400130404	400130204	2	3	100000	230703	50131	10000	5	300	300	300	300	0	0	0	0	0	0	0	0	0	0	0	0	0	0	0	960	0	0	0	0	0	0	400140304
400130404	1	144	1	7	3	4	400130504	400130304	2	3	400000	230704	50131	10000	5	400	400	400	400	0	0	0	0	0	0	0	0	0	0	0	0	0	0	0	1920	0	0	0	0	0	0	400140404
400130504	1	144	1	7	3	5	400130604	400130404	2	3	1600000	230705	50131	10000	5	575	575	575	575	0	0	0	0	0	0	0	0	0	0	0	0	0	0	0	3840	0	0	0	0	0	0	400140504
400130604	1	144	1	7	3	6	400130704	400130504	2	3	6400000	230706	50131	10000	5	750	750	750	750	0	0	0	0	0	0	0	0	0	0	0	0	0	0	0	5760	0	0	0	0	0	0	400140604
400130704	1	144	1	7	3	7	400130804	400130604	5	3	25600000	230707	50131	10000	5	1000	1000	1000	1000	0	0	0	0	0	0	0	0	0	0	0	0	0	0	0	8640	0	0	0	0	0	0	400140704
400130804	1	144	1	7	3	8	400130904	400130704	5	3	25600000	230708	50131	10000	5	1250	1250	1250	1250	0	0	0	0	0	0	0	0	0	0	0	0	0	0	0	12960	0	0	0	0	0	0	400140804
400130904	1	144	1	7	3	9	-1	400130804	8	-1	-1	230708	-1	10000	5	1500	1500	1500	1500	0	0	0	0	0	0	0	0	0	0	0	0	0	0	0	18144	0	0	0	0	0	0	400140904
400140104	1	144	1	7	4	1	400140204	-1	10	3	38750	240701	50141	10000	5	300	300	300	300	0	0	0	0	0	0	0	0	0	0	0	0	0	0	0	1618	0	0	0	0	0	0	400150104
400140204	1	144	1	7	4	2	400140304	400140104	10	3	77500	240702	50141	10000	5	400	400	400	400	0	0	0	0	0	0	0	0	0	0	0	0	0	0	0	3236	0	0	0	0	0	0	400150204
400140304	1	144	1	7	4	3	400140404	400140204	10	3	310000	240703	50141	10000	5	600	600	600	600	0	0	0	0	0	0	0	0	0	0	0	0	0	0	0	6472	0	0	0	0	0	0	400150304
400140404	1	144	1	7	4	4	400140504	400140304	10	3	1240000	240704	50141	10000	5	800	800	800	800	0	0	0	0	0	0	0	0	0	0	0	0	0	0	0	12944	0	0	0	0	0	0	400150404
400140504	1	144	1	7	4	5	400140604	400140404	10	3	4960000	240705	50141	10000	5	1150	1150	1150	1150	0	0	0	0	0	0	0	0	0	0	0	0	0	0	0	19416	0	0	0	0	0	0	400150504
400140604	1	144	1	7	4	6	400140704	400140504	10	3	19840000	240706	50141	10000	5	1500	1500	1500	1500	0	0	0	0	0	0	0	0	0	0	0	0	0	0	0	29124	0	0	0	0	0	0	400150604
400140704	1	144	1	7	4	7	400140804	400140604	10	3	79360000	240707	50141	10000	5	1850	1850	1850	1850	0	0	0	0	0	0	0	0	0	0	0	0	0	0	0	43686	0	0	0	0	0	0	400150704
400140804	1	144	1	7	4	8	400140904	400140704	10	3	79360000	240708	50141	10000	5	2250	2250	2250	2250	0	0	0	0	0	0	0	0	0	0	0	0	0	0	0	65530	0	0	0	0	0	0	400150804
400140904	1	144	1	7	4	9	-1	400140804	10	-1	-1	240708	-1	10000	5	2750	2750	2750	2750	0	0	0	0	0	0	0	0	0	0	0	0	0	0	0	91742	0	0	0	0	0	0	400150904
400150104	1	144	1	7	5	1	400150204	-1	17	3	107500	250701	50151	10000	5	400	400	400	400	0	0	0	0	0	0	0	0	0	0	0	0	0	0	0	8262	0	0	0	0	0	0	-1
400150204	1	144	1	7	5	2	400150304	400150104	17	3	215000	250702	50151	10000	5	800	800	800	800	0	0	0	0	0	0	0	0	0	0	0	0	0	0	0	16524	0	0	0	0	0	0	-1
400150304	1	144	1	7	5	3	400150404	400150204	17	3	860000	250703	50151	10000	5	1200	1200	1200	1200	0	0	0	0	0	0	0	0	0	0	0	0	0	0	0	24786	0	0	0	0	0	0	-1
400150404	1	144	1	7	5	4	400150504	400150304	17	3	3440000	250704	50151	10000	5	1600	1600	1600	1600	0	0	0	0	0	0	0	0	0	0	0	0	0	0	0	37180	0	0	0	0	0	0	-1
400150504	1	144	1	7	5	5	400150604	400150404	17	3	13760000	250705	50151	10000	5	2300	2300	2300	2300	0	0	0	0	0	0	0	0	0	0	0	0	0	0	0	55770	0	0	0	0	0	0	-1
400150604	1	144	1	7	5	6	400150704	400150504	17	3	55040000	250706	50151	10000	5	3000	3000	3000	3000	0	0	0	0	0	0	0	0	0	0	0	0	0	0	0	83656	0	0	0	0	0	0	-1
400150704	1	144	1	7	5	7	400150804	400150604	17	3	220160000	250707	50151	10000	5	4000	4000	4000	4000	0	0	0	0	0	0	0	0	0	0	0	0	0	0	0	125484	0	0	0	0	0	0	-1
400150804	1	144	1	7	5	8	400150904	400150704	17	3	220160000	250708	50151	10000	5	5000	5000	5000	5000	0	0	0	0	0	0	0	0	0	0	0	0	0	0	0	175678	0	0	0	0	0	0	-1
400150904	1	144	1	7	5	9	-1	400150804	17	-1	-1	250708	-1	10000	5	6000	6000	6000	6000	0	0	0	0	0	0	0	0	0	0	0	0	0	0	0	245950	0	0	0	0	0	0	-1
400130105	1	520	2	8	3	1	400130205	-1	2	3	12500	230801	50231	10000	6	100	100	100	100	0	0	0	0	0	0	0	0	0	0	0	0	0	0	0	240	0	0	0	0	0	0	400140105
400130205	1	520	2	8	3	2	400130305	400130105	2	3	25000	230802	50231	10000	6	200	200	200	200	0	0	0	0	0	0	0	0	0	0	0	0	0	0	0	480	0	0	0	0	0	0	400140205
400130305	1	520	2	8	3	3	400130405	400130205	2	3	100000	230803	50231	10000	6	300	300	300	300	0	0	0	0	0	0	0	0	0	0	0	0	0	0	0	960	0	0	0	0	0	0	400140305
400130405	1	520	2	8	3	4	400130505	400130305	2	3	400000	230804	50231	10000	6	400	400	400	400	0	0	0	0	0	0	0	0	0	0	0	0	0	0	0	1920	0	0	0	0	0	0	400140405
400130505	1	520	2	8	3	5	400130605	400130405	2	3	1600000	230805	50231	10000	6	575	575	575	575	0	0	0	0	0	0	0	0	0	0	0	0	0	0	0	3840	0	0	0	0	0	0	400140505
400130605	1	520	2	8	3	6	400130705	400130505	2	3	6400000	230806	50231	10000	6	750	750	750	750	0	0	0	0	0	0	0	0	0	0	0	0	0	0	0	5760	0	0	0	0	0	0	400140605
400130705	1	520	2	8	3	7	400130805	400130605	5	3	25600000	230807	50231	10000	6	1000	1000	1000	1000	0	0	0	0	0	0	0	0	0	0	0	0	0	0	0	8640	0	0	0	0	0	0	400140705
400130805	1	520	2	8	3	8	400130905	400130705	5	3	25600000	230808	50231	10000	6	1250	1250	1250	1250	0	0	0	0	0	0	0	0	0	0	0	0	0	0	0	12960	0	0	0	0	0	0	400140805
400130905	1	520	2	8	3	9	-1	400130805	8	-1	-1	230808	-1	10000	6	1500	1500	1500	1500	0	0	0	0	0	0	0	0	0	0	0	0	0	0	0	18144	0	0	0	0	0	0	400140905
400140105	1	520	2	8	4	1	400140205	-1	10	3	38750	240801	50241	10000	6	300	300	300	300	0	0	0	0	0	0	0	0	0	0	0	0	0	0	0	1618	0	0	0	0	0	0	400150105
400140205	1	520	2	8	4	2	400140305	400140105	10	3	77500	240802	50241	10000	6	400	400	400	400	0	0	0	0	0	0	0	0	0	0	0	0	0	0	0	3236	0	0	0	0	0	0	400150205
400140305	1	520	2	8	4	3	400140405	400140205	10	3	310000	240803	50241	10000	6	600	600	600	600	0	0	0	0	0	0	0	0	0	0	0	0	0	0	0	6472	0	0	0	0	0	0	400150305
400140405	1	520	2	8	4	4	400140505	400140305	10	3	1240000	240804	50241	10000	6	800	800	800	800	0	0	0	0	0	0	0	0	0	0	0	0	0	0	0	12944	0	0	0	0	0	0	400150405
400140505	1	520	2	8	4	5	400140605	400140405	10	3	4960000	240805	50241	10000	6	1150	1150	1150	1150	0	0	0	0	0	0	0	0	0	0	0	0	0	0	0	19416	0	0	0	0	0	0	400150505
400140605	1	520	2	8	4	6	400140705	400140505	10	3	19840000	240806	50241	10000	6	1500	1500	1500	1500	0	0	0	0	0	0	0	0	0	0	0	0	0	0	0	29124	0	0	0	0	0	0	400150605
400140705	1	520	2	8	4	7	400140805	400140605	10	3	79360000	240807	50241	10000	6	1850	1850	1850	1850	0	0	0	0	0	0	0	0	0	0	0	0	0	0	0	43686	0	0	0	0	0	0	400150705
400140805	1	520	2	8	4	8	400140905	400140705	10	3	79360000	240808	50241	10000	6	2250	2250	2250	2250	0	0	0	0	0	0	0	0	0	0	0	0	0	0	0	65530	0	0	0	0	0	0	400150805
400140905	1	520	2	8	4	9	-1	400140805	10	-1	-1	240808	-1	10000	6	2750	2750	2750	2750	0	0	0	0	0	0	0	0	0	0	0	0	0	0	0	91742	0	0	0	0	0	0	400150905
400150105	1	520	2	8	5	1	400150205	-1	17	3	107500	250801	50251	10000	6	400	400	400	400	0	0	0	0	0	0	0	0	0	0	0	0	0	0	0	8262	0	0	0	0	0	0	-1
400150205	1	520	2	8	5	2	400150305	400150105	17	3	215000	250802	50251	10000	6	800	800	800	800	0	0	0	0	0	0	0	0	0	0	0	0	0	0	0	16524	0	0	0	0	0	0	-1
400150305	1	520	2	8	5	3	400150405	400150205	17	3	860000	250803	50251	10000	6	1200	1200	1200	1200	0	0	0	0	0	0	0	0	0	0	0	0	0	0	0	24786	0	0	0	0	0	0	-1
400150405	1	520	2	8	5	4	400150505	400150305	17	3	3440000	250804	50251	10000	6	1600	1600	1600	1600	0	0	0	0	0	0	0	0	0	0	0	0	0	0	0	37180	0	0	0	0	0	0	-1
400150505	1	520	2	8	5	5	400150605	400150405	17	3	13760000	250805	50251	10000	6	2300	2300	2300	2300	0	0	0	0	0	0	0	0	0	0	0	0	0	0	0	55770	0	0	0	0	0	0	-1
400150605	1	520	2	8	5	6	400150705	400150505	17	3	55040000	250806	50251	10000	6	3000	3000	3000	3000	0	0	0	0	0	0	0	0	0	0	0	0	0	0	0	83656	0	0	0	0	0	0	-1
400150705	1	520	2	8	5	7	400150805	400150605	17	3	220160000	250807	50251	10000	6	4000	4000	4000	4000	0	0	0	0	0	0	0	0	0	0	0	0	0	0	0	125484	0	0	0	0	0	0	-1
400150805	1	520	2	8	5	8	400150905	400150705	17	3	220160000	250808	50251	10000	6	5000	5000	5000	5000	0	0	0	0	0	0	0	0	0	0	0	0	0	0	0	175678	0	0	0	0	0	0	-1
400150905	1	520	2	8	5	9	-1	400150805	17	-1	-1	250808	-1	10000	6	6000	6000	6000	6000	0	0	0	0	0	0	0	0	0	0	0	0	0	0	0	245950	0	0	0	0	0	0	-1
400130106	1	272	3	9	3	1	400130206	-1	2	3	12500	230901	50131	10000	11	100	100	100	100	0	0	0	0	0	0	0	0	0	0	0	0	0	0	0	240	0	0	0	0	0	0	400140106
400130206	1	272	3	9	3	2	400130306	400130106	2	3	25000	230902	50131	10000	11	200	200	200	200	0	0	0	0	0	0	0	0	0	0	0	0	0	0	0	480	0	0	0	0	0	0	400140206
400130306	1	272	3	9	3	3	400130406	400130206	2	3	100000	230903	50131	10000	11	300	300	300	300	0	0	0	0	0	0	0	0	0	0	0	0	0	0	0	960	0	0	0	0	0	0	400140306
400130406	1	272	3	9	3	4	400130506	400130306	2	3	400000	230904	50131	10000	11	400	400	400	400	0	0	0	0	0	0	0	0	0	0	0	0	0	0	0	1920	0	0	0	0	0	0	400140406
400130506	1	272	3	9	3	5	400130606	400130406	2	3	1600000	230905	50131	10000	11	575	575	575	575	0	0	0	0	0	0	0	0	0	0	0	0	0	0	0	3840	0	0	0	0	0	0	400140506
400130606	1	272	3	9	3	6	400130706	400130506	2	3	6400000	230906	50131	10000	11	750	750	750	750	0	0	0	0	0	0	0	0	0	0	0	0	0	0	0	5760	0	0	0	0	0	0	400140606
400130706	1	272	3	9	3	7	400130806	400130606	5	3	25600000	230907	50131	10000	11	1000	1000	1000	1000	0	0	0	0	0	0	0	0	0	0	0	0	0	0	0	8640	0	0	0	0	0	0	400140706
400130806	1	272	3	9	3	8	400130906	400130706	5	3	25600000	230908	50131	10000	11	1250	1250	1250	1250	0	0	0	0	0	0	0	0	0	0	0	0	0	0	0	12960	0	0	0	0	0	0	400140806
400130906	1	272	3	9	3	9	-1	400130806	8	-1	-1	230908	-1	10000	11	1500	1500	1500	1500	0	0	0	0	0	0	0	0	0	0	0	0	0	0	0	18144	0	0	0	0	0	0	400140906
400140106	1	272	3	9	4	1	400140206	-1	11	3	38750	240901	50141	10000	11	300	300	300	300	0	0	0	0	0	0	0	0	0	0	0	0	0	0	0	1618	0	0	0	0	0	0	400150106
400140206	1	272	3	9	4	2	400140306	400140106	11	3	77500	240902	50141	10000	11	400	400	400	400	0	0	0	0	0	0	0	0	0	0	0	0	0	0	0	3236	0	0	0	0	0	0	400150206
400140306	1	272	3	9	4	3	400140406	400140206	11	3	310000	240903	50141	10000	11	600	600	600	600	0	0	0	0	0	0	0	0	0	0	0	0	0	0	0	6472	0	0	0	0	0	0	400150306
400140406	1	272	3	9	4	4	400140506	400140306	11	3	1240000	240904	50141	10000	11	800	800	800	800	0	0	0	0	0	0	0	0	0	0	0	0	0	0	0	12944	0	0	0	0	0	0	400150406
400140506	1	272	3	9	4	5	400140606	400140406	11	3	4960000	240905	50141	10000	11	1150	1150	1150	1150	0	0	0	0	0	0	0	0	0	0	0	0	0	0	0	19416	0	0	0	0	0	0	400150506
400140606	1	272	3	9	4	6	400140706	400140506	11	3	19840000	240906	50141	10000	11	1500	1500	1500	1500	0	0	0	0	0	0	0	0	0	0	0	0	0	0	0	29124	0	0	0	0	0	0	400150606
400140706	1	272	3	9	4	7	400140806	400140606	11	3	79360000	240907	50141	10000	11	1850	1850	1850	1850	0	0	0	0	0	0	0	0	0	0	0	0	0	0	0	43686	0	0	0	0	0	0	400150706
400140806	1	272	3	9	4	8	400140906	400140706	11	3	79360000	240908	50141	10000	11	2250	2250	2250	2250	0	0	0	0	0	0	0	0	0	0	0	0	0	0	0	65530	0	0	0	0	0	0	400150806
400140906	1	272	3	9	4	9	-1	400140806	11	-1	-1	240908	-1	10000	11	2750	2750	2750	2750	0	0	0	0	0	0	0	0	0	0	0	0	0	0	0	91742	0	0	0	0	0	0	400150906
400150106	1	272	3	9	5	1	400150206	-1	20	3	107500	250901	50151	10000	11	400	400	400	400	0	0	0	0	0	0	0	0	0	0	0	0	0	0	0	8262	0	0	0	0	0	0	-1
400150206	1	272	3	9	5	2	400150306	400150106	20	3	215000	250902	50151	10000	11	800	800	800	800	0	0	0	0	0	0	0	0	0	0	0	0	0	0	0	16524	0	0	0	0	0	0	-1
400150306	1	272	3	9	5	3	400150406	400150206	20	3	860000	250903	50151	10000	11	1200	1200	1200	1200	0	0	0	0	0	0	0	0	0	0	0	0	0	0	0	24786	0	0	0	0	0	0	-1
400150406	1	272	3	9	5	4	400150506	400150306	20	3	3440000	250904	50151	10000	11	1600	1600	1600	1600	0	0	0	0	0	0	0	0	0	0	0	0	0	0	0	37180	0	0	0	0	0	0	-1
400150506	1	272	3	9	5	5	400150606	400150406	20	3	13760000	250905	50151	10000	11	2300	2300	2300	2300	0	0	0	0	0	0	0	0	0	0	0	0	0	0	0	55770	0	0	0	0	0	0	-1
400150606	1	272	3	9	5	6	400150706	400150506	20	3	55040000	250906	50151	10000	11	3000	3000	3000	3000	0	0	0	0	0	0	0	0	0	0	0	0	0	0	0	83656	0	0	0	0	0	0	-1
400150706	1	272	3	9	5	7	400150806	400150606	20	3	220160000	250907	50151	10000	11	4000	4000	4000	4000	0	0	0	0	0	0	0	0	0	0	0	0	0	0	0	125484	0	0	0	0	0	0	-1
400150806	1	272	3	9	5	8	400150906	400150706	20	3	220160000	250908	50151	10000	11	5000	5000	5000	5000	0	0	0	0	0	0	0	0	0	0	0	0	0	0	0	175678	0	0	0	0	0	0	-1
400150906	1	272	3	9	5	9	-1	400150806	23	-1	-1	250908	-1	10000	11	6000	6000	6000	6000	0	0	0	0	0	0	0	0	0	0	0	0	0	0	0	245950	0	0	0	0	0	0	-1
400130107	1	12	3	10	3	1	400130207	-1	2	3	12500	231001	50231	10000	10	100	100	100	100	0	0	0	0	0	0	0	0	0	0	0	0	0	0	0	240	0	0	0	0	0	0	400140107
400130207	1	12	3	10	3	2	400130307	400130107	2	3	25000	231002	50231	10000	10	200	200	200	200	0	0	0	0	0	0	0	0	0	0	0	0	0	0	0	480	0	0	0	0	0	0	400140207
400130307	1	12	3	10	3	3	400130407	400130207	2	3	100000	231003	50231	10000	10	300	300	300	300	0	0	0	0	0	0	0	0	0	0	0	0	0	0	0	960	0	0	0	0	0	0	400140307
400130407	1	12	3	10	3	4	400130507	400130307	2	3	400000	231004	50231	10000	10	400	400	400	400	0	0	0	0	0	0	0	0	0	0	0	0	0	0	0	1920	0	0	0	0	0	0	400140407
400130507	1	12	3	10	3	5	400130607	400130407	2	3	1600000	231005	50231	10000	10	575	575	575	575	0	0	0	0	0	0	0	0	0	0	0	0	0	0	0	3840	0	0	0	0	0	0	400140507
400130607	1	12	3	10	3	6	400130707	400130507	2	3	6400000	231006	50231	10000	10	750	750	750	750	0	0	0	0	0	0	0	0	0	0	0	0	0	0	0	5760	0	0	0	0	0	0	400140607
400130707	1	12	3	10	3	7	400130807	400130607	5	3	25600000	231007	50231	10000	10	1000	1000	1000	1000	0	0	0	0	0	0	0	0	0	0	0	0	0	0	0	8640	0	0	0	0	0	0	400140707
400130807	1	12	3	10	3	8	400130907	400130707	5	3	25600000	231008	50231	10000	10	1250	1250	1250	1250	0	0	0	0	0	0	0	0	0	0	0	0	0	0	0	12960	0	0	0	0	0	0	400140807
400130907	1	12	3	10	3	9	-1	400130807	8	-1	-1	231008	-1	10000	10	1500	1500	1500	1500	0	0	0	0	0	0	0	0	0	0	0	0	0	0	0	18144	0	0	0	0	0	0	400140907
400140107	1	12	3	10	4	1	400140207	-1	11	3	38750	241001	50241	10000	10	300	300	300	300	0	0	0	0	0	0	0	0	0	0	0	0	0	0	0	1618	0	0	0	0	0	0	400150107
400140207	1	12	3	10	4	2	400140307	400140107	11	3	77500	241002	50241	10000	10	400	400	400	400	0	0	0	0	0	0	0	0	0	0	0	0	0	0	0	3236	0	0	0	0	0	0	400150207
400140307	1	12	3	10	4	3	400140407	400140207	11	3	310000	241003	50241	10000	10	600	600	600	600	0	0	0	0	0	0	0	0	0	0	0	0	0	0	0	6472	0	0	0	0	0	0	400150307
400140407	1	12	3	10	4	4	400140507	400140307	11	3	1240000	241004	50241	10000	10	800	800	800	800	0	0	0	0	0	0	0	0	0	0	0	0	0	0	0	12944	0	0	0	0	0	0	400150407
400140507	1	12	3	10	4	5	400140607	400140407	11	3	4960000	241005	50241	10000	10	1150	1150	1150	1150	0	0	0	0	0	0	0	0	0	0	0	0	0	0	0	19416	0	0	0	0	0	0	400150507
400140607	1	12	3	10	4	6	400140707	400140507	11	3	19840000	241006	50241	10000	10	1500	1500	1500	1500	0	0	0	0	0	0	0	0	0	0	0	0	0	0	0	29124	0	0	0	0	0	0	400150607
400140707	1	12	3	10	4	7	400140807	400140607	11	3	79360000	241007	50241	10000	10	1850	1850	1850	1850	0	0	0	0	0	0	0	0	0	0	0	0	0	0	0	43686	0	0	0	0	0	0	400150707
400140807	1	12	3	10	4	8	400140907	400140707	11	3	79360000	241008	50241	10000	10	2250	2250	2250	2250	0	0	0	0	0	0	0	0	0	0	0	0	0	0	0	65530	0	0	0	0	0	0	400150807
400140907	1	12	3	10	4	9	-1	400140807	11	-1	-1	241008	-1	10000	10	2750	2750	2750	2750	0	0	0	0	0	0	0	0	0	0	0	0	0	0	0	91742	0	0	0	0	0	0	400150907
400150107	1	12	3	10	5	1	400150207	-1	20	3	107500	251001	50251	10000	10	400	400	400	400	0	0	0	0	0	0	0	0	0	0	0	0	0	0	0	8262	0	0	0	0	0	0	-1
400150207	1	12	3	10	5	2	400150307	400150107	20	3	215000	251002	50251	10000	10	800	800	800	800	0	0	0	0	0	0	0	0	0	0	0	0	0	0	0	16524	0	0	0	0	0	0	-1
400150307	1	12	3	10	5	3	400150407	400150207	20	3	860000	251003	50251	10000	10	1200	1200	1200	1200	0	0	0	0	0	0	0	0	0	0	0	0	0	0	0	24786	0	0	0	0	0	0	-1
400150407	1	12	3	10	5	4	400150507	400150307	20	3	3440000	251004	50251	10000	10	1600	1600	1600	1600	0	0	0	0	0	0	0	0	0	0	0	0	0	0	0	37180	0	0	0	0	0	0	-1
400150507	1	12	3	10	5	5	400150607	400150407	20	3	13760000	251005	50251	10000	10	2300	2300	2300	2300	0	0	0	0	0	0	0	0	0	0	0	0	0	0	0	55770	0	0	0	0	0	0	-1
400150607	1	12	3	10	5	6	400150707	400150507	20	3	55040000	251006	50251	10000	10	3000	3000	3000	3000	0	0	0	0	0	0	0	0	0	0	0	0	0	0	0	83656	0	0	0	0	0	0	-1
400150707	1	12	3	10	5	7	400150807	400150607	20	3	220160000	251007	50251	10000	10	4000	4000	4000	4000	0	0	0	0	0	0	0	0	0	0	0	0	0	0	0	125484	0	0	0	0	0	0	-1
400150807	1	12	3	10	5	8	400150907	400150707	20	3	220160000	251008	50251	10000	10	5000	5000	5000	5000	0	0	0	0	0	0	0	0	0	0	0	0	0	0	0	175678	0	0	0	0	0	0	-1
400150907	1	12	3	10	5	9	-1	400150807	23	-1	-1	251008	-1	10000	10	6000	6000	6000	6000	0	0	0	0	0	0	0	0	0	0	0	0	0	0	0	245950	0	0	0	0	0	0	-1
400130108	1	65	3	11	3	1	400130208	-1	2	3	12500	231101	50231	10000	74	100	100	100	100	0	0	0	0	0	0	0	0	0	0	0	0	0	0	0	240	0	0	0	0	0	0	400140108
400130208	1	65	3	11	3	2	400130308	400130108	2	3	25000	231102	50231	10000	74	200	200	200	200	0	0	0	0	0	0	0	0	0	0	0	0	0	0	0	480	0	0	0	0	0	0	400140208
400130308	1	65	3	11	3	3	400130408	400130208	2	3	100000	231103	50231	10000	74	300	300	300	300	0	0	0	0	0	0	0	0	0	0	0	0	0	0	0	960	0	0	0	0	0	0	400140308
400130408	1	65	3	11	3	4	400130508	400130308	2	3	400000	231104	50231	10000	74	400	400	400	400	0	0	0	0	0	0	0	0	0	0	0	0	0	0	0	1920	0	0	0	0	0	0	400140408
400130508	1	65	3	11	3	5	400130608	400130408	2	3	1600000	231105	50231	10000	74	575	575	575	575	0	0	0	0	0	0	0	0	0	0	0	0	0	0	0	3840	0	0	0	0	0	0	400140508
400130608	1	65	3	11	3	6	400130708	400130508	2	3	6400000	231106	50231	10000	74	750	750	750	750	0	0	0	0	0	0	0	0	0	0	0	0	0	0	0	5760	0	0	0	0	0	0	400140608
400130708	1	65	3	11	3	7	400130808	400130608	5	3	25600000	231107	50231	10000	74	1000	1000	1000	1000	0	0	0	0	0	0	0	0	0	0	0	0	0	0	0	8640	0	0	0	0	0	0	400140708
400130808	1	65	3	11	3	8	400130908	400130708	5	3	25600000	231108	50231	10000	74	1250	1250	1250	1250	0	0	0	0	0	0	0	0	0	0	0	0	0	0	0	12960	0	0	0	0	0	0	400140808
400130908	1	65	3	11	3	9	-1	400130808	8	-1	-1	231108	-1	10000	74	1500	1500	1500	1500	0	0	0	0	0	0	0	0	0	0	0	0	0	0	0	18144	0	0	0	0	0	0	400140908
400140108	1	65	3	11	4	1	400140208	-1	11	3	38750	241101	50241	10000	74	300	300	300	300	0	0	0	0	0	0	0	0	0	0	0	0	0	0	0	1618	0	0	0	0	0	0	400150108
400140208	1	65	3	11	4	2	400140308	400140108	11	3	77500	241102	50241	10000	74	400	400	400	400	0	0	0	0	0	0	0	0	0	0	0	0	0	0	0	3236	0	0	0	0	0	0	400150208
400140308	1	65	3	11	4	3	400140408	400140208	11	3	310000	241103	50241	10000	74	600	600	600	600	0	0	0	0	0	0	0	0	0	0	0	0	0	0	0	6472	0	0	0	0	0	0	400150308
400140408	1	65	3	11	4	4	400140508	400140308	11	3	1240000	241104	50241	10000	74	800	800	800	800	0	0	0	0	0	0	0	0	0	0	0	0	0	0	0	12944	0	0	0	0	0	0	400150408
400140508	1	65	3	11	4	5	400140608	400140408	11	3	4960000	241105	50241	10000	74	1150	1150	1150	1150	0	0	0	0	0	0	0	0	0	0	0	0	0	0	0	19416	0	0	0	0	0	0	400150508
400140608	1	65	3	11	4	6	400140708	400140508	11	3	19840000	241106	50241	10000	74	1500	1500	1500	1500	0	0	0	0	0	0	0	0	0	0	0	0	0	0	0	29124	0	0	0	0	0	0	400150608
400140708	1	65	3	11	4	7	400140808	400140608	11	3	79360000	241107	50241	10000	74	1850	1850	1850	1850	0	0	0	0	0	0	0	0	0	0	0	0	0	0	0	43686	0	0	0	0	0	0	400150708
400140808	1	65	3	11	4	8	400140908	400140708	11	3	79360000	241108	50241	10000	74	2250	2250	2250	2250	0	0	0	0	0	0	0	0	0	0	0	0	0	0	0	65530	0	0	0	0	0	0	400150808
400140908	1	65	3	11	4	9	-1	400140808	11	-1	-1	241108	-1	10000	74	2750	2750	2750	2750	0	0	0	0	0	0	0	0	0	0	0	0	0	0	0	91742	0	0	0	0	0	0	400150908
400150108	1	65	3	11	5	1	400150208	-1	20	3	107500	251101	50251	10000	74	400	400	400	400	0	0	0	0	0	0	0	0	0	0	0	0	0	0	0	8262	0	0	0	0	0	0	-1
400150208	1	65	3	11	5	2	400150308	400150108	20	3	215000	251102	50251	10000	74	800	800	800	800	0	0	0	0	0	0	0	0	0	0	0	0	0	0	0	16524	0	0	0	0	0	0	-1
400150308	1	65	3	11	5	3	400150408	400150208	20	3	860000	251103	50251	10000	74	1200	1200	1200	1200	0	0	0	0	0	0	0	0	0	0	0	0	0	0	0	24786	0	0	0	0	0	0	-1
400150408	1	65	3	11	5	4	400150508	400150308	20	3	3440000	251104	50251	10000	74	1600	1600	1600	1600	0	0	0	0	0	0	0	0	0	0	0	0	0	0	0	37180	0	0	0	0	0	0	-1
400150508	1	65	3	11	5	5	400150608	400150408	20	3	13760000	251105	50251	10000	74	2300	2300	2300	2300	0	0	0	0	0	0	0	0	0	0	0	0	0	0	0	55770	0	0	0	0	0	0	-1
400150608	1	65	3	11	5	6	400150708	400150508	20	3	55040000	251106	50251	10000	74	3000	3000	3000	3000	0	0	0	0	0	0	0	0	0	0	0	0	0	0	0	83656	0	0	0	0	0	0	-1
400150708	1	65	3	11	5	7	400150808	400150608	20	3	220160000	251107	50251	10000	74	4000	4000	4000	4000	0	0	0	0	0	0	0	0	0	0	0	0	0	0	0	125484	0	0	0	0	0	0	-1
400150808	1	65	3	11	5	8	400150908	400150708	20	3	220160000	251108	50251	10000	74	5000	5000	5000	5000	0	0	0	0	0	0	0	0	0	0	0	0	0	0	0	175678	0	0	0	0	0	0	-1
400150908	1	65	3	11	5	9	-1	400150808	23	-1	-1	251108	-1	10000	74	6000	6000	6000	6000	0	0	0	0	0	0	0	0	0	0	0	0	0	0	0	245950	0	0	0	0	0	0	-1
400130109	1	130	3	12	3	1	400130209	-1	2	3	12500	231201	50131	10000	75	100	100	100	100	0	0	0	0	0	0	0	0	0	0	0	0	0	0	0	240	0	0	0	0	0	0	400140109
400130209	1	130	3	12	3	2	400130309	400130109	2	3	25000	231202	50131	10000	75	200	200	200	200	0	0	0	0	0	0	0	0	0	0	0	0	0	0	0	480	0	0	0	0	0	0	400140209
400130309	1	130	3	12	3	3	400130409	400130209	2	3	100000	231203	50131	10000	75	300	300	300	300	0	0	0	0	0	0	0	0	0	0	0	0	0	0	0	960	0	0	0	0	0	0	400140309
400130409	1	130	3	12	3	4	400130509	400130309	2	3	400000	231204	50131	10000	75	400	400	400	400	0	0	0	0	0	0	0	0	0	0	0	0	0	0	0	1920	0	0	0	0	0	0	400140409
400130509	1	130	3	12	3	5	400130609	400130409	2	3	1600000	231205	50131	10000	75	575	575	575	575	0	0	0	0	0	0	0	0	0	0	0	0	0	0	0	3840	0	0	0	0	0	0	400140509
400130609	1	130	3	12	3	6	400130709	400130509	2	3	6400000	231206	50131	10000	75	750	750	750	750	0	0	0	0	0	0	0	0	0	0	0	0	0	0	0	5760	0	0	0	0	0	0	400140609
400130709	1	130	3	12	3	7	400130809	400130609	5	3	25600000	231207	50131	10000	75	1000	1000	1000	1000	0	0	0	0	0	0	0	0	0	0	0	0	0	0	0	8640	0	0	0	0	0	0	400140709
400130809	1	130	3	12	3	8	400130909	400130709	5	3	25600000	231208	50131	10000	75	1250	1250	1250	1250	0	0	0	0	0	0	0	0	0	0	0	0	0	0	0	12960	0	0	0	0	0	0	400140809
400130909	1	130	3	12	3	9	-1	400130809	8	-1	-1	231208	-1	10000	75	1500	1500	1500	1500	0	0	0	0	0	0	0	0	0	0	0	0	0	0	0	18144	0	0	0	0	0	0	400140909
400140109	1	130	3	12	4	1	400140209	-1	11	3	38750	241201	50141	10000	75	300	300	300	300	0	0	0	0	0	0	0	0	0	0	0	0	0	0	0	1618	0	0	0	0	0	0	400150109
400140209	1	130	3	12	4	2	400140309	400140109	11	3	77500	241202	50141	10000	75	400	400	400	400	0	0	0	0	0	0	0	0	0	0	0	0	0	0	0	3236	0	0	0	0	0	0	400150209
400140309	1	130	3	12	4	3	400140409	400140209	11	3	310000	241203	50141	10000	75	600	600	600	600	0	0	0	0	0	0	0	0	0	0	0	0	0	0	0	6472	0	0	0	0	0	0	400150309
400140409	1	130	3	12	4	4	400140509	400140309	11	3	1240000	241204	50141	10000	75	800	800	800	800	0	0	0	0	0	0	0	0	0	0	0	0	0	0	0	12944	0	0	0	0	0	0	400150409
400140509	1	130	3	12	4	5	400140609	400140409	11	3	4960000	241205	50141	10000	75	1150	1150	1150	1150	0	0	0	0	0	0	0	0	0	0	0	0	0	0	0	19416	0	0	0	0	0	0	400150509
400140609	1	130	3	12	4	6	400140709	400140509	11	3	19840000	241206	50141	10000	75	1500	1500	1500	1500	0	0	0	0	0	0	0	0	0	0	0	0	0	0	0	29124	0	0	0	0	0	0	400150609
400140709	1	130	3	12	4	7	400140809	400140609	11	3	79360000	241207	50141	10000	75	1850	1850	1850	1850	0	0	0	0	0	0	0	0	0	0	0	0	0	0	0	43686	0	0	0	0	0	0	400150709
400140809	1	130	3	12	4	8	400140909	400140709	11	3	79360000	241208	50141	10000	75	2250	2250	2250	2250	0	0	0	0	0	0	0	0	0	0	0	0	0	0	0	65530	0	0	0	0	0	0	400150809
400140909	1	130	3	12	4	9	-1	400140809	11	-1	-1	241208	-1	10000	75	2750	2750	2750	2750	0	0	0	0	0	0	0	0	0	0	0	0	0	0	0	91742	0	0	0	0	0	0	400150909
400150109	1	130	3	12	5	1	400150209	-1	20	3	107500	251201	50151	10000	75	400	400	400	400	0	0	0	0	0	0	0	0	0	0	0	0	0	0	0	8262	0	0	0	0	0	0	-1
400150209	1	130	3	12	5	2	400150309	400150109	20	3	215000	251202	50151	10000	75	800	800	800	800	0	0	0	0	0	0	0	0	0	0	0	0	0	0	0	16524	0	0	0	0	0	0	-1
400150309	1	130	3	12	5	3	400150409	400150209	20	3	860000	251203	50151	10000	75	1200	1200	1200	1200	0	0	0	0	0	0	0	0	0	0	0	0	0	0	0	24786	0	0	0	0	0	0	-1
400150409	1	130	3	12	5	4	400150509	400150309	20	3	3440000	251204	50151	10000	75	1600	1600	1600	1600	0	0	0	0	0	0	0	0	0	0	0	0	0	0	0	37180	0	0	0	0	0	0	-1
400150509	1	130	3	12	5	5	400150609	400150409	20	3	13760000	251205	50151	10000	75	2300	2300	2300	2300	0	0	0	0	0	0	0	0	0	0	0	0	0	0	0	55770	0	0	0	0	0	0	-1
400150609	1	130	3	12	5	6	400150709	400150509	20	3	55040000	251206	50151	10000	75	3000	3000	3000	3000	0	0	0	0	0	0	0	0	0	0	0	0	0	0	0	83656	0	0	0	0	0	0	-1
400150709	1	130	3	12	5	7	400150809	400150609	20	3	220160000	251207	50151	10000	75	4000	4000	4000	4000	0	0	0	0	0	0	0	0	0	0	0	0	0	0	0	125484	0	0	0	0	0	0	-1
400150809	1	130	3	12	5	8	400150909	400150709	20	3	220160000	251208	50151	10000	75	5000	5000	5000	5000	0	0	0	0	0	0	0	0	0	0	0	0	0	0	0	175678	0	0	0	0	0	0	-1
400150909	1	130	3	12	5	9	-1	400150809	23	-1	-1	251208	-1	10000	75	6000	6000	6000	6000	0	0	0	0	0	0	0	0	0	0	0	0	0	0	0	245950	0	0	0	0	0	0	-1
400130110	1	129	3	13	3	1	400130210	-1	2	3	12500	231301	50331	10000	65	90	90	90	90	0	0	0	0	0	0	0	0	0	0	0	0	0	0	0	240	0	0	0	0	0	0	400140110
400130210	1	129	3	13	3	2	400130310	400130110	2	3	25000	231302	50331	10000	65	180	180	180	180	0	0	0	0	0	0	0	0	0	0	0	0	0	0	0	480	0	0	0	0	0	0	400140210
400130310	1	129	3	13	3	3	400130410	400130210	2	3	100000	231303	50331	10000	65	320	320	320	320	0	0	0	0	0	0	0	0	0	0	0	0	0	0	0	960	0	0	0	0	0	0	400140310
400130410	1	129	3	13	3	4	400130510	400130310	2	3	400000	231304	50331	10000	65	430	430	430	430	0	0	0	0	0	0	0	0	0	0	0	0	0	0	0	1920	0	0	0	0	0	0	400140410
400130510	1	129	3	13	3	5	400130610	400130410	2	3	1600000	231305	50331	10000	65	830	830	830	830	0	0	0	0	0	0	0	0	0	0	0	0	0	0	0	3840	0	0	0	0	0	0	400140510
400130610	1	129	3	13	3	6	400130710	400130510	2	3	6400000	231306	50331	10000	65	1080	1080	1080	1080	0	0	0	0	0	0	0	0	0	0	0	0	0	0	0	5760	0	0	0	0	0	0	400140610
400130710	1	129	3	13	3	7	400130810	400130610	5	3	25600000	231307	50331	10000	65	1800	1800	1800	1800	0	0	0	0	0	0	0	0	0	0	0	0	0	0	0	8640	0	0	0	0	0	0	400140710
400130810	1	129	3	13	3	8	400130910	400130710	5	3	25600000	231308	50331	10000	65	2250	2250	2250	2250	0	0	0	0	0	0	0	0	0	0	0	0	0	0	0	12960	0	0	0	0	0	0	400140810
400130910	1	129	3	13	3	9	-1	400130810	8	-1	-1	231309	-1	10000	65	3240	3240	3240	3240	0	0	0	0	0	0	0	0	0	0	0	0	0	0	0	18144	0	0	0	0	0	0	400140910
400140110	1	129	3	13	4	1	400140210	-1	11	3	38750	241301	50341	10000	65	350	350	350	350	0	0	0	0	0	0	0	0	0	0	0	0	0	0	0	1618	0	0	0	0	0	0	400150110
400140210	1	129	3	13	4	2	400140310	400140110	11	3	77500	241302	50341	10000	65	450	450	450	450	0	0	0	0	0	0	0	0	0	0	0	0	0	0	0	3236	0	0	0	0	0	0	400150210
400140310	1	129	3	13	4	3	400140410	400140210	11	3	310000	241303	50341	10000	65	850	850	850	850	0	0	0	0	0	0	0	0	0	0	0	0	0	0	0	6472	0	0	0	0	0	0	400150310
400140410	1	129	3	13	4	4	400140510	400140310	11	3	1240000	241304	50341	10000	65	1250	1250	1250	1250	0	0	0	0	0	0	0	0	0	0	0	0	0	0	0	12944	0	0	0	0	0	0	400150410
400140510	1	129	3	13	4	5	400140610	400140410	11	3	4960000	241305	50341	10000	65	1760	1760	1760	1760	0	0	0	0	0	0	0	0	0	0	0	0	0	0	0	19416	0	0	0	0	0	0	400150510
400140610	1	129	3	13	4	6	400140710	400140510	11	3	19840000	241306	50341	10000	65	2300	2300	2300	2300	0	0	0	0	0	0	0	0	0	0	0	0	0	0	0	29124	0	0	0	0	0	0	400150610
400140710	1	129	3	13	4	7	400140810	400140610	11	3	79360000	241307	50341	10000	65	3420	3420	3420	3420	0	0	0	0	0	0	0	0	0	0	0	0	0	0	0	43686	0	0	0	0	0	0	400150710
400140810	1	129	3	13	4	8	400140910	400140710	11	3	79360000	241308	50341	10000	65	4950	4950	4950	4950	0	0	0	0	0	0	0	0	0	0	0	0	0	0	0	65530	0	0	0	0	0	0	400150810
400140910	1	129	3	13	4	9	-1	400140810	11	-1	-1	241309	-1	10000	65	7020	7020	7020	7020	0	0	0	0	0	0	0	0	0	0	0	0	0	0	0	91742	0	0	0	0	0	0	400150910
400150110	1	129	3	13	5	1	400150210	-1	20	3	107500	251301	50351	10000	65	590	590	590	590	0	0	0	0	0	0	0	0	0	0	0	0	0	0	0	8262	0	0	0	0	0	0	-1
400150210	1	129	3	13	5	2	400150310	400150110	20	3	215000	251302	50351	10000	65	1190	1190	1190	1190	0	0	0	0	0	0	0	0	0	0	0	0	0	0	0	16524	0	0	0	0	0	0	-1
400150310	1	129	3	13	5	3	400150410	400150210	20	3	860000	251303	50351	10000	65	2110	2110	2110	2110	0	0	0	0	0	0	0	0	0	0	0	0	0	0	0	24786	0	0	0	0	0	0	-1
400150410	1	129	3	13	5	4	400150510	400150310	20	3	3440000	251304	50351	10000	65	2810	2810	2810	2810	0	0	0	0	0	0	0	0	0	0	0	0	0	0	0	37180	0	0	0	0	0	0	-1
400150510	1	129	3	13	5	5	400150610	400150410	20	3	13760000	251305	50351	10000	65	4660	4660	4660	4660	0	0	0	0	0	0	0	0	0	0	0	0	0	0	0	55770	0	0	0	0	0	0	-1
400150610	1	129	3	13	5	6	400150710	400150510	20	3	55040000	251306	50351	10000	65	6080	6080	6080	6080	0	0	0	0	0	0	0	0	0	0	0	0	0	0	0	83656	0	0	0	0	0	0	-1
400150710	1	129	3	13	5	7	400150810	400150610	20	3	220160000	251307	50351	10000	65	9360	9360	9360	9360	0	0	0	0	0	0	0	0	0	0	0	0	0	0	0	125484	0	0	0	0	0	0	-1
400150810	1	129	3	13	5	8	400150910	400150710	20	3	220160000	251308	50351	10000	65	11700	11700	11700	11700	0	0	0	0	0	0	0	0	0	0	0	0	0	0	0	175678	0	0	0	0	0	0	-1
400150910	1	129	3	13	5	9	-1	400150810	23	-1	-1	251309	-1	10000	65	14040	14040	14040	14040	0	0	0	0	0	0	0	0	0	0	0	0	0	0	0	245950	0	0	0	0	0	0	-1
400130111	1	10	3	14	3	1	400130211	-1	2	3	12500	231401	50331	10000	72	2120	2120	2120	2120	0	0	0	0	0	0	0	0	0	0	0	0	0	0	0	240	0	0	0	0	0	0	400140111
400130211	1	10	3	14	3	2	400130311	400130111	2	3	25000	231402	50331	10000	72	4250	4250	4250	4250	0	0	0	0	0	0	0	0	0	0	0	0	0	0	0	480	0	0	0	0	0	0	400140211
400130311	1	10	3	14	3	3	400130411	400130211	2	3	100000	231403	50331	10000	72	9070	9070	9070	9070	0	0	0	0	0	0	0	0	0	0	0	0	0	0	0	960	0	0	0	0	0	0	400140311
400130411	1	10	3	14	3	4	400130511	400130311	2	3	400000	231404	50331	10000	72	12100	12100	12100	12100	0	0	0	0	0	0	0	0	0	0	0	0	0	0	0	1920	0	0	0	0	0	0	400140411
400130511	1	10	3	14	3	5	400130611	400130411	2	3	1600000	231405	50331	10000	72	23390	23390	23390	23390	0	0	0	0	0	0	0	0	0	0	0	0	0	0	0	3840	0	0	0	0	0	0	400140511
400130611	1	10	3	14	3	6	400130711	400130511	2	3	6400000	231406	50331	10000	72	30510	30510	30510	30510	0	0	0	0	0	0	0	0	0	0	0	0	0	0	0	5760	0	0	0	0	0	0	400140611
400130711	1	10	3	14	3	7	400130811	400130611	5	3	25600000	231407	50331	10000	72	54540	54540	54540	54540	0	0	0	0	0	0	0	0	0	0	0	0	0	0	0	8640	0	0	0	0	0	0	400140711
400130811	1	10	3	14	3	8	400130911	400130711	5	3	25600000	231408	50331	10000	72	68180	68180	68180	68180	0	0	0	0	0	0	0	0	0	0	0	0	0	0	0	12960	0	0	0	0	0	0	400140811
400130911	1	10	3	14	3	9	-1	400130811	8	-1	-1	231409	-1	10000	72	108810	108810	108810	108810	0	0	0	0	0	0	0	0	0	0	0	0	0	0	0	18144	0	0	0	0	0	0	400140911
400140111	1	10	3	14	4	1	400140211	-1	11	3	38750	241401	50341	10000	72	9570	9570	9570	9570	0	0	0	0	0	0	0	0	0	0	0	0	0	0	0	1618	0	0	0	0	0	0	400150111
400140211	1	10	3	14	4	2	400140311	400140111	11	3	77500	241402	50341	10000	72	14810	14810	14810	14810	0	0	0	0	0	0	0	0	0	0	0	0	0	0	0	3236	0	0	0	0	0	0	400150211
400140311	1	10	3	14	4	3	400140411	400140211	11	3	310000	241403	50341	10000	72	28750	28750	28750	28750	0	0	0	0	0	0	0	0	0	0	0	0	0	0	0	6472	0	0	0	0	0	0	400150311
400140411	1	10	3	14	4	4	400140511	400140311	11	3	1240000	241404	50341	10000	72	42340	42340	42340	42340	0	0	0	0	0	0	0	0	0	0	0	0	0	0	0	12944	0	0	0	0	0	0	400150411
400140511	1	10	3	14	4	5	400140611	400140411	11	3	4960000	241405	50341	10000	72	70380	70380	70380	70380	0	0	0	0	0	0	0	0	0	0	0	0	0	0	0	19416	0	0	0	0	0	0	400150511
400140611	1	10	3	14	4	6	400140711	400140511	11	3	19840000	241406	50341	10000	72	99630	99630	99630	99630	0	0	0	0	0	0	0	0	0	0	0	0	0	0	0	29124	0	0	0	0	0	0	400150611
400140711	1	10	3	14	4	7	400140811	400140611	11	3	79360000	241407	50341	10000	72	163080	163080	163080	163080	0	0	0	0	0	0	0	0	0	0	0	0	0	0	0	43686	0	0	0	0	0	0	400150711
400140811	1	10	3	14	4	8	400140911	400140711	11	3	79360000	241408	50341	10000	72	231530	231530	231530	231530	0	0	0	0	0	0	0	0	0	0	0	0	0	0	0	65530	0	0	0	0	0	0	400150811
400140911	1	10	3	14	4	9	-1	400140811	11	-1	-1	241409	-1	10000	72	316170	316170	316170	316170	0	0	0	0	0	0	0	0	0	0	0	0	0	0	0	91742	0	0	0	0	0	0	400150911
400150111	1	10	3	14	5	1	400150211	-1	20	3	107500	251401	50351	10000	72	26570	26570	26570	26570	0	0	0	0	0	0	0	0	0	0	0	0	0	0	0	8262	0	0	0	0	0	0	-1
400150211	1	10	3	14	5	2	400150311	400150111	20	3	215000	251402	50351	10000	72	53140	53140	53140	53140	0	0	0	0	0	0	0	0	0	0	0	0	0	0	0	16524	0	0	0	0	0	0	-1
400150311	1	10	3	14	5	3	400150411	400150211	20	3	860000	251403	50351	10000	72	91150	91150	91150	91150	0	0	0	0	0	0	0	0	0	0	0	0	0	0	0	24786	0	0	0	0	0	0	-1
400150411	1	10	3	14	5	4	400150511	400150311	20	3	3440000	251404	50351	10000	72	121540	121540	121540	121540	0	0	0	0	0	0	0	0	0	0	0	0	0	0	0	37180	0	0	0	0	0	0	-1
400150511	1	10	3	14	5	5	400150611	400150411	20	3	13760000	251405	50351	10000	72	200270	200270	200270	200270	0	0	0	0	0	0	0	0	0	0	0	0	0	0	0	55770	0	0	0	0	0	0	-1
400150611	1	10	3	14	5	6	400150711	400150511	20	3	55040000	251406	50351	10000	72	261230	261230	261230	261230	0	0	0	0	0	0	0	0	0	0	0	0	0	0	0	83656	0	0	0	0	0	0	-1
400150711	1	10	3	14	5	7	400150811	400150611	20	3	220160000	251407	50351	10000	72	399780	399780	399780	399780	0	0	0	0	0	0	0	0	0	0	0	0	0	0	0	125484	0	0	0	0	0	0	-1
400150811	1	10	3	14	5	8	400150911	400150711	20	3	220160000	251408	50351	10000	72	499730	499730	499730	499730	0	0	0	0	0	0	0	0	0	0	0	0	0	0	0	175678	0	0	0	0	0	0	-1
400150911	1	10	3	14	5	9	-1	400150811	23	-1	-1	251409	-1	10000	72	599670	599670	599670	599670	0	0	0	0	0	0	0	0	0	0	0	0	0	0	0	245950	0	0	0	0	0	0	-1
400130112	1	272	3	15	3	1	400130212	-1	2	3	12500	231501	50331	10000	76	50	50	50	50	0	0	0	0	0	0	0	0	0	0	0	0	0	0	0	240	0	0	0	0	0	0	400140112
400130212	1	272	3	15	3	2	400130312	400130112	2	3	25000	231502	50331	10000	76	100	100	100	100	0	0	0	0	0	0	0	0	0	0	0	0	0	0	0	480	0	0	0	0	0	0	400140212
400130312	1	272	3	15	3	3	400130412	400130212	2	3	100000	231503	50331	10000	76	150	150	150	150	0	0	0	0	0	0	0	0	0	0	0	0	0	0	0	960	0	0	0	0	0	0	400140312
400130412	1	272	3	15	3	4	400130512	400130312	2	3	400000	231504	50331	10000	76	200	200	200	200	0	0	0	0	0	0	0	0	0	0	0	0	0	0	0	1920	0	0	0	0	0	0	400140412
400130512	1	272	3	15	3	5	400130612	400130412	2	3	1600000	231505	50331	10000	76	290	290	290	290	0	0	0	0	0	0	0	0	0	0	0	0	0	0	0	3840	0	0	0	0	0	0	400140512
400130612	1	272	3	15	3	6	400130712	400130512	2	3	6400000	231506	50331	10000	76	380	380	380	380	0	0	0	0	0	0	0	0	0	0	0	0	0	0	0	5760	0	0	0	0	0	0	400140612
400130712	1	272	3	15	3	7	400130812	400130612	5	3	25600000	231507	50331	10000	76	500	500	500	500	0	0	0	0	0	0	0	0	0	0	0	0	0	0	0	8640	0	0	0	0	0	0	400140712
400130812	1	272	3	15	3	8	400130912	400130712	5	3	25600000	231508	50331	10000	76	625	625	625	625	0	0	0	0	0	0	0	0	0	0	0	0	0	0	0	12960	0	0	0	0	0	0	400140812
400130912	1	272	3	15	3	9	-1	400130812	8	-1	-1	231509	-1	10000	76	750	750	750	750	0	0	0	0	0	0	0	0	0	0	0	0	0	0	0	18144	0	0	0	0	0	0	400140912
400140112	1	272	3	15	4	1	400140212	-1	11	3	38750	241501	50341	10000	76	150	150	150	150	0	0	0	0	0	0	0	0	0	0	0	0	0	0	0	1618	0	0	0	0	0	0	400150112
400140212	1	272	3	15	4	2	400140312	400140112	11	3	77500	241502	50341	10000	76	250	250	250	250	0	0	0	0	0	0	0	0	0	0	0	0	0	0	0	3236	0	0	0	0	0	0	400150212
400140312	1	272	3	15	4	3	400140412	400140212	11	3	310000	241503	50341	10000	76	350	350	350	350	0	0	0	0	0	0	0	0	0	0	0	0	0	0	0	6472	0	0	0	0	0	0	400150312
400140412	1	272	3	15	4	4	400140512	400140312	11	3	1240000	241504	50341	10000	76	450	450	450	450	0	0	0	0	0	0	0	0	0	0	0	0	0	0	0	12944	0	0	0	0	0	0	400150412
400140512	1	272	3	15	4	5	400140612	400140412	11	3	4960000	241505	50341	10000	76	575	575	575	575	0	0	0	0	0	0	0	0	0	0	0	0	0	0	0	19416	0	0	0	0	0	0	400150512
400140612	1	272	3	15	4	6	400140712	400140512	11	3	19840000	241506	50341	10000	76	750	750	750	750	0	0	0	0	0	0	0	0	0	0	0	0	0	0	0	29124	0	0	0	0	0	0	400150612
400140712	1	272	3	15	4	7	400140812	400140612	11	3	79360000	241507	50341	10000	76	1000	1000	1000	1000	0	0	0	0	0	0	0	0	0	0	0	0	0	0	0	43686	0	0	0	0	0	0	400150712
400140812	1	272	3	15	4	8	400140912	400140712	11	3	79360000	241508	50341	10000	76	1250	1250	1250	1250	0	0	0	0	0	0	0	0	0	0	0	0	0	0	0	65530	0	0	0	0	0	0	400150812
400140912	1	272	3	15	4	9	-1	400140812	11	-1	-1	241509	-1	10000	76	1500	1500	1500	1500	0	0	0	0	0	0	0	0	0	0	0	0	0	0	0	91742	0	0	0	0	0	0	400150912
400150112	1	272	3	15	5	1	400150212	-1	20	3	107500	251501	50351	10000	76	200	200	200	200	0	0	0	0	0	0	0	0	0	0	0	0	0	0	0	8262	0	0	0	0	0	0	-1
400150212	1	272	3	15	5	2	400150312	400150112	20	3	215000	251502	50351	10000	76	400	400	400	400	0	0	0	0	0	0	0	0	0	0	0	0	0	0	0	16524	0	0	0	0	0	0	-1
400150312	1	272	3	15	5	3	400150412	400150212	20	3	860000	251503	50351	10000	76	600	600	600	600	0	0	0	0	0	0	0	0	0	0	0	0	0	0	0	24786	0	0	0	0	0	0	-1
400150412	1	272	3	15	5	4	400150512	400150312	20	3	3440000	251504	50351	10000	76	800	800	800	800	0	0	0	0	0	0	0	0	0	0	0	0	0	0	0	37180	0	0	0	0	0	0	-1
400150512	1	272	3	15	5	5	400150612	400150412	20	3	13760000	251505	50351	10000	76	1150	1150	1150	1150	0	0	0	0	0	0	0	0	0	0	0	0	0	0	0	55770	0	0	0	0	0	0	-1
400150612	1	272	3	15	5	6	400150712	400150512	20	3	55040000	251506	50351	10000	76	1500	1500	1500	1500	0	0	0	0	0	0	0	0	0	0	0	0	0	0	0	83656	0	0	0	0	0	0	-1
400150712	1	272	3	15	5	7	400150812	400150612	20	3	220160000	251507	50351	10000	76	1750	1750	1750	1750	0	0	0	0	0	0	0	0	0	0	0	0	0	0	0	125484	0	0	0	0	0	0	-1
400150812	1	272	3	15	5	8	400150912	400150712	20	3	220160000	251508	50351	10000	76	2000	2000	2000	2000	0	0	0	0	0	0	0	0	0	0	0	0	0	0	0	175678	0	0	0	0	0	0	-1
400150912	1	272	3	15	5	9	-1	400150812	23	-1	-1	251509	-1	10000	76	2250	2250	2250	2250	0	0	0	0	0	0	0	0	0	0	0	0	0	0	0	245950	0	0	0	0	0	0	-1
400130113	1	544	3	16	3	1	400130213	-1	2	3	12500	231601	50331	10000	77	50	50	50	50	0	0	0	0	0	0	0	0	0	0	0	0	0	0	0	240	0	0	0	0	0	0	400140113
400130213	1	544	3	16	3	2	400130313	400130113	2	3	25000	231602	50331	10000	77	100	100	100	100	0	0	0	0	0	0	0	0	0	0	0	0	0	0	0	480	0	0	0	0	0	0	400140213
400130313	1	544	3	16	3	3	400130413	400130213	2	3	100000	231603	50331	10000	77	150	150	150	150	0	0	0	0	0	0	0	0	0	0	0	0	0	0	0	960	0	0	0	0	0	0	400140313
400130413	1	544	3	16	3	4	400130513	400130313	2	3	400000	231604	50331	10000	77	200	200	200	200	0	0	0	0	0	0	0	0	0	0	0	0	0	0	0	1920	0	0	0	0	0	0	400140413
400130513	1	544	3	16	3	5	400130613	400130413	2	3	1600000	231605	50331	10000	77	290	290	290	290	0	0	0	0	0	0	0	0	0	0	0	0	0	0	0	3840	0	0	0	0	0	0	400140513
400130613	1	544	3	16	3	6	400130713	400130513	2	3	6400000	231606	50331	10000	77	380	380	380	380	0	0	0	0	0	0	0	0	0	0	0	0	0	0	0	5760	0	0	0	0	0	0	400140613
400130713	1	544	3	16	3	7	400130813	400130613	5	3	25600000	231607	50331	10000	77	500	500	500	500	0	0	0	0	0	0	0	0	0	0	0	0	0	0	0	8640	0	0	0	0	0	0	400140713
400130813	1	544	3	16	3	8	400130913	400130713	5	3	25600000	231608	50331	10000	77	625	625	625	625	0	0	0	0	0	0	0	0	0	0	0	0	0	0	0	12960	0	0	0	0	0	0	400140813
400130913	1	544	3	16	3	9	-1	400130813	8	-1	-1	231609	-1	10000	77	750	750	750	750	0	0	0	0	0	0	0	0	0	0	0	0	0	0	0	18144	0	0	0	0	0	0	400140913
400140113	1	544	3	16	4	1	400140213	-1	11	3	38750	241601	50341	10000	77	150	150	150	150	0	0	0	0	0	0	0	0	0	0	0	0	0	0	0	1618	0	0	0	0	0	0	400150113
400140213	1	544	3	16	4	2	400140313	400140113	11	3	77500	241602	50341	10000	77	250	250	250	250	0	0	0	0	0	0	0	0	0	0	0	0	0	0	0	3236	0	0	0	0	0	0	400150213
400140313	1	544	3	16	4	3	400140413	400140213	11	3	310000	241603	50341	10000	77	350	350	350	350	0	0	0	0	0	0	0	0	0	0	0	0	0	0	0	6472	0	0	0	0	0	0	400150313
400140413	1	544	3	16	4	4	400140513	400140313	11	3	1240000	241604	50341	10000	77	450	450	450	450	0	0	0	0	0	0	0	0	0	0	0	0	0	0	0	12944	0	0	0	0	0	0	400150413
400140513	1	544	3	16	4	5	400140613	400140413	11	3	4960000	241605	50341	10000	77	575	575	575	575	0	0	0	0	0	0	0	0	0	0	0	0	0	0	0	19416	0	0	0	0	0	0	400150513
400140613	1	544	3	16	4	6	400140713	400140513	11	3	19840000	241606	50341	10000	77	750	750	750	750	0	0	0	0	0	0	0	0	0	0	0	0	0	0	0	29124	0	0	0	0	0	0	400150613
400140713	1	544	3	16	4	7	400140813	400140613	11	3	79360000	241607	50341	10000	77	1000	1000	1000	1000	0	0	0	0	0	0	0	0	0	0	0	0	0	0	0	43686	0	0	0	0	0	0	400150713
400140813	1	544	3	16	4	8	400140913	400140713	11	3	79360000	241608	50341	10000	77	1250	1250	1250	1250	0	0	0	0	0	0	0	0	0	0	0	0	0	0	0	65530	0	0	0	0	0	0	400150813
400140913	1	544	3	16	4	9	-1	400140813	11	-1	-1	241609	-1	10000	77	1500	1500	1500	1500	0	0	0	0	0	0	0	0	0	0	0	0	0	0	0	91742	0	0	0	0	0	0	400150913
400150113	1	544	3	16	5	1	400150213	-1	20	3	107500	251601	50351	10000	77	200	200	200	200	0	0	0	0	0	0	0	0	0	0	0	0	0	0	0	8262	0	0	0	0	0	0	-1
400150213	1	544	3	16	5	2	400150313	400150113	20	3	215000	251602	50351	10000	77	400	400	400	400	0	0	0	0	0	0	0	0	0	0	0	0	0	0	0	16524	0	0	0	0	0	0	-1
400150313	1	544	3	16	5	3	400150413	400150213	20	3	860000	251603	50351	10000	77	600	600	600	600	0	0	0	0	0	0	0	0	0	0	0	0	0	0	0	24786	0	0	0	0	0	0	-1
400150413	1	544	3	16	5	4	400150513	400150313	20	3	3440000	251604	50351	10000	77	800	800	800	800	0	0	0	0	0	0	0	0	0	0	0	0	0	0	0	37180	0	0	0	0	0	0	-1
400150513	1	544	3	16	5	5	400150613	400150413	20	3	13760000	251605	50351	10000	77	1150	1150	1150	1150	0	0	0	0	0	0	0	0	0	0	0	0	0	0	0	55770	0	0	0	0	0	0	-1
400150613	1	544	3	16	5	6	400150713	400150513	20	3	55040000	251606	50351	10000	77	1500	1500	1500	1500	0	0	0	0	0	0	0	0	0	0	0	0	0	0	0	83656	0	0	0	0	0	0	-1
400150713	1	544	3	16	5	7	400150813	400150613	20	3	220160000	251607	50351	10000	77	1750	1750	1750	1750	0	0	0	0	0	0	0	0	0	0	0	0	0	0	0	125484	0	0	0	0	0	0	-1
400150813	1	544	3	16	5	8	400150913	400150713	20	3	220160000	251608	50351	10000	77	2000	2000	2000	2000	0	0	0	0	0	0	0	0	0	0	0	0	0	0	0	175678	0	0	0	0	0	0	-1
400150913	1	544	3	16	5	9	-1	400150813	23	-1	-1	251609	-1	10000	77	2250	2250	2250	2250	0	0	0	0	0	0	0	0	0	0	0	0	0	0	0	245950	0	0	0	0	0	0	-1
400130114	1	68	3	17	3	1	400130214	-1	2	3	12500	231701	50231	10000	16	200	200	200	200	0	0	0	0	0	0	0	0	0	0	0	0	0	0	0	240	0	0	0	0	0	0	400140114
400130214	1	68	3	17	3	2	400130314	400130114	2	3	25000	231702	50231	10000	16	400	400	400	400	0	0	0	0	0	0	0	0	0	0	0	0	0	0	0	480	0	0	0	0	0	0	400140214
400130314	1	68	3	17	3	3	400130414	400130214	2	3	100000	231703	50231	10000	16	600	600	600	600	0	0	0	0	0	0	0	0	0	0	0	0	0	0	0	960	0	0	0	0	0	0	400140314
400130414	1	68	3	17	3	4	400130514	400130314	2	3	400000	231704	50231	10000	16	800	800	800	800	0	0	0	0	0	0	0	0	0	0	0	0	0	0	0	1920	0	0	0	0	0	0	400140414
400130514	1	68	3	17	3	5	400130614	400130414	2	3	1600000	231705	50231	10000	16	1150	1150	1150	1150	0	0	0	0	0	0	0	0	0	0	0	0	0	0	0	3840	0	0	0	0	0	0	400140514
400130614	1	68	3	17	3	6	400130714	400130514	2	3	6400000	231706	50231	10000	16	1500	1500	1500	1500	0	0	0	0	0	0	0	0	0	0	0	0	0	0	0	5760	0	0	0	0	0	0	400140614
400130714	1	68	3	17	3	7	400130814	400130614	5	3	25600000	231707	50231	10000	16	2000	2000	2000	2000	0	0	0	0	0	0	0	0	0	0	0	0	0	0	0	8640	0	0	0	0	0	0	400140714
400130814	1	68	3	17	3	8	400130914	400130714	5	3	25600000	231708	50231	10000	16	2500	2500	2500	2500	0	0	0	0	0	0	0	0	0	0	0	0	0	0	0	12960	0	0	0	0	0	0	400140814
400130914	1	68	3	17	3	9	-1	400130814	8	-1	-1	231709	-1	10000	16	3000	3000	3000	3000	0	0	0	0	0	0	0	0	0	0	0	0	0	0	0	18144	0	0	0	0	0	0	400140914
400140114	1	68	3	17	4	1	400140214	-1	11	3	38750	241701	50241	10000	16	600	600	600	600	0	0	0	0	0	0	0	0	0	0	0	0	0	0	0	1618	0	0	0	0	0	0	400150114
400140214	1	68	3	17	4	2	400140314	400140114	11	3	77500	241702	50241	10000	16	900	900	900	900	0	0	0	0	0	0	0	0	0	0	0	0	0	0	0	3236	0	0	0	0	0	0	400150214
400140314	1	68	3	17	4	3	400140414	400140214	11	3	310000	241703	50241	10000	16	1200	1200	1200	1200	0	0	0	0	0	0	0	0	0	0	0	0	0	0	0	6472	0	0	0	0	0	0	400150314
400140414	1	68	3	17	4	4	400140514	400140314	11	3	1240000	241704	50241	10000	16	1600	1600	1600	1600	0	0	0	0	0	0	0	0	0	0	0	0	0	0	0	12944	0	0	0	0	0	0	400150414
400140514	1	68	3	17	4	5	400140614	400140414	11	3	4960000	241705	50241	10000	16	2300	2300	2300	2300	0	0	0	0	0	0	0	0	0	0	0	0	0	0	0	19416	0	0	0	0	0	0	400150514
400140614	1	68	3	17	4	6	400140714	400140514	11	3	19840000	241706	50241	10000	16	3000	3000	3000	3000	0	0	0	0	0	0	0	0	0	0	0	0	0	0	0	29124	0	0	0	0	0	0	400150614
400140714	1	68	3	17	4	7	400140814	400140614	11	3	79360000	241707	50241	10000	16	4000	4000	4000	4000	0	0	0	0	0	0	0	0	0	0	0	0	0	0	0	43686	0	0	0	0	0	0	400150714
400140814	1	68	3	17	4	8	400140914	400140714	11	3	79360000	241708	50241	10000	16	5000	5000	5000	5000	0	0	0	0	0	0	0	0	0	0	0	0	0	0	0	65530	0	0	0	0	0	0	400150814
400140914	1	68	3	17	4	9	-1	400140814	11	-1	-1	241709	-1	10000	16	6000	6000	6000	6000	0	0	0	0	0	0	0	0	0	0	0	0	0	0	0	91742	0	0	0	0	0	0	400150914
400150114	1	68	3	17	5	1	400150214	-1	20	3	107500	251701	50251	10000	16	800	800	800	800	0	0	0	0	0	0	0	0	0	0	0	0	0	0	0	8262	0	0	0	0	0	0	-1
400150214	1	68	3	17	5	2	400150314	400150114	20	3	215000	251702	50251	10000	16	1600	1600	1600	1600	0	0	0	0	0	0	0	0	0	0	0	0	0	0	0	16524	0	0	0	0	0	0	-1
400150314	1	68	3	17	5	3	400150414	400150214	20	3	860000	251703	50251	10000	16	2400	2400	2400	2400	0	0	0	0	0	0	0	0	0	0	0	0	0	0	0	24786	0	0	0	0	0	0	-1
400150414	1	68	3	17	5	4	400150514	400150314	20	3	3440000	251704	50251	10000	16	3200	3200	3200	3200	0	0	0	0	0	0	0	0	0	0	0	0	0	0	0	37180	0	0	0	0	0	0	-1
400150514	1	68	3	17	5	5	400150614	400150414	20	3	13760000	251705	50251	10000	16	4600	4600	4600	4600	0	0	0	0	0	0	0	0	0	0	0	0	0	0	0	55770	0	0	0	0	0	0	-1
400150614	1	68	3	17	5	6	400150714	400150514	20	3	55040000	251706	50251	10000	16	6000	6000	6000	6000	0	0	0	0	0	0	0	0	0	0	0	0	0	0	0	83656	0	0	0	0	0	0	-1
400150714	1	68	3	17	5	7	400150814	400150614	20	3	220160000	251707	50251	10000	16	8000	8000	8000	8000	0	0	0	0	0	0	0	0	0	0	0	0	0	0	0	125484	0	0	0	0	0	0	-1
400150814	1	68	3	17	5	8	400150914	400150714	20	3	220160000	251708	50251	10000	16	10000	10000	10000	10000	0	0	0	0	0	0	0	0	0	0	0	0	0	0	0	175678	0	0	0	0	0	0	-1
400150914	1	68	3	17	5	9	-1	400150814	23	-1	-1	251709	-1	10000	16	12000	12000	12000	12000	0	0	0	0	0	0	0	0	0	0	0	0	0	0	0	245950	0	0	0	0	0	0	-1
400130115	1	544	3	18	3	1	400130215	-1	2	3	12500	231801	50231	10000	15	200	200	200	200	0	0	0	0	0	0	0	0	0	0	0	0	0	0	0	240	0	0	0	0	0	0	400140115
400130215	1	544	3	18	3	2	400130315	400130115	2	3	25000	231802	50231	10000	15	400	400	400	400	0	0	0	0	0	0	0	0	0	0	0	0	0	0	0	480	0	0	0	0	0	0	400140215
400130315	1	544	3	18	3	3	400130415	400130215	2	3	100000	231803	50231	10000	15	600	600	600	600	0	0	0	0	0	0	0	0	0	0	0	0	0	0	0	960	0	0	0	0	0	0	400140315
400130415	1	544	3	18	3	4	400130515	400130315	2	3	400000	231804	50231	10000	15	800	800	800	800	0	0	0	0	0	0	0	0	0	0	0	0	0	0	0	1920	0	0	0	0	0	0	400140415
400130515	1	544	3	18	3	5	400130615	400130415	2	3	1600000	231805	50231	10000	15	1150	1150	1150	1150	0	0	0	0	0	0	0	0	0	0	0	0	0	0	0	3840	0	0	0	0	0	0	400140515
400130615	1	544	3	18	3	6	400130715	400130515	2	3	6400000	231806	50231	10000	15	1500	1500	1500	1500	0	0	0	0	0	0	0	0	0	0	0	0	0	0	0	5760	0	0	0	0	0	0	400140615
400130715	1	544	3	18	3	7	400130815	400130615	5	3	25600000	231807	50231	10000	15	2000	2000	2000	2000	0	0	0	0	0	0	0	0	0	0	0	0	0	0	0	8640	0	0	0	0	0	0	400140715
400130815	1	544	3	18	3	8	400130915	400130715	5	3	25600000	231808	50231	10000	15	2500	2500	2500	2500	0	0	0	0	0	0	0	0	0	0	0	0	0	0	0	12960	0	0	0	0	0	0	400140815
400130915	1	544	3	18	3	9	-1	400130815	8	-1	-1	231809	-1	10000	15	3000	3000	3000	3000	0	0	0	0	0	0	0	0	0	0	0	0	0	0	0	18144	0	0	0	0	0	0	400140915
400140115	1	544	3	18	4	1	400140215	-1	11	3	38750	241801	50241	10000	15	600	600	600	600	0	0	0	0	0	0	0	0	0	0	0	0	0	0	0	1618	0	0	0	0	0	0	400150115
400140215	1	544	3	18	4	2	400140315	400140115	11	3	77500	241802	50241	10000	15	900	900	900	900	0	0	0	0	0	0	0	0	0	0	0	0	0	0	0	3236	0	0	0	0	0	0	400150215
400140315	1	544	3	18	4	3	400140415	400140215	11	3	310000	241803	50241	10000	15	1200	1200	1200	1200	0	0	0	0	0	0	0	0	0	0	0	0	0	0	0	6472	0	0	0	0	0	0	400150315
400140415	1	544	3	18	4	4	400140515	400140315	11	3	1240000	241804	50241	10000	15	1600	1600	1600	1600	0	0	0	0	0	0	0	0	0	0	0	0	0	0	0	12944	0	0	0	0	0	0	400150415
400140515	1	544	3	18	4	5	400140615	400140415	11	3	4960000	241805	50241	10000	15	2300	2300	2300	2300	0	0	0	0	0	0	0	0	0	0	0	0	0	0	0	19416	0	0	0	0	0	0	400150515
400140615	1	544	3	18	4	6	400140715	400140515	11	3	19840000	241806	50241	10000	15	3000	3000	3000	3000	0	0	0	0	0	0	0	0	0	0	0	0	0	0	0	29124	0	0	0	0	0	0	400150615
400140715	1	544	3	18	4	7	400140815	400140615	11	3	79360000	241807	50241	10000	15	4000	4000	4000	4000	0	0	0	0	0	0	0	0	0	0	0	0	0	0	0	43686	0	0	0	0	0	0	400150715
400140815	1	544	3	18	4	8	400140915	400140715	11	3	79360000	241808	50241	10000	15	5000	5000	5000	5000	0	0	0	0	0	0	0	0	0	0	0	0	0	0	0	65530	0	0	0	0	0	0	400150815
400140915	1	544	3	18	4	9	-1	400140815	11	-1	-1	241809	-1	10000	15	6000	6000	6000	6000	0	0	0	0	0	0	0	0	0	0	0	0	0	0	0	91742	0	0	0	0	0	0	400150915
400150115	1	544	3	18	5	1	400150215	-1	20	3	107500	251801	50251	10000	15	800	800	800	800	0	0	0	0	0	0	0	0	0	0	0	0	0	0	0	8262	0	0	0	0	0	0	-1
400150215	1	544	3	18	5	2	400150315	400150115	20	3	215000	251802	50251	10000	15	1600	1600	1600	1600	0	0	0	0	0	0	0	0	0	0	0	0	0	0	0	16524	0	0	0	0	0	0	-1
400150315	1	544	3	18	5	3	400150415	400150215	20	3	860000	251803	50251	10000	15	2400	2400	2400	2400	0	0	0	0	0	0	0	0	0	0	0	0	0	0	0	24786	0	0	0	0	0	0	-1
400150415	1	544	3	18	5	4	400150515	400150315	20	3	3440000	251804	50251	10000	15	3200	3200	3200	3200	0	0	0	0	0	0	0	0	0	0	0	0	0	0	0	37180	0	0	0	0	0	0	-1
400150515	1	544	3	18	5	5	400150615	400150415	20	3	13760000	251805	50251	10000	15	4600	4600	4600	4600	0	0	0	0	0	0	0	0	0	0	0	0	0	0	0	55770	0	0	0	0	0	0	-1
400150615	1	544	3	18	5	6	400150715	400150515	20	3	55040000	251806	50251	10000	15	6000	6000	6000	6000	0	0	0	0	0	0	0	0	0	0	0	0	0	0	0	83656	0	0	0	0	0	0	-1
400150715	1	544	3	18	5	7	400150815	400150615	20	3	220160000	251807	50251	10000	15	8000	8000	8000	8000	0	0	0	0	0	0	0	0	0	0	0	0	0	0	0	125484	0	0	0	0	0	0	-1
400150815	1	544	3	18	5	8	400150915	400150715	20	3	220160000	251808	50251	10000	15	10000	10000	10000	10000	0	0	0	0	0	0	0	0	0	0	0	0	0	0	0	175678	0	0	0	0	0	0	-1
400150915	1	544	3	18	5	9	-1	400150815	23	-1	-1	251809	-1	10000	15	12000	12000	12000	12000	0	0	0	0	0	0	0	0	0	0	0	0	0	0	0	245950	0	0	0	0	0	0	-1
