地图ID（公共地图ID要少于1000）	有效标志	地图名字	"地图类型(2单人普通历练，3单人精英历练；5001王城，5002新手村,5003夺旗，5004边境；10001MOBA3V3，10002世界BOSS，10003虚空之界，10004特殊虚空之界，10005教院驻地，10006剑池，破境副本10007,观灵阁服务器10012，10013巨兽，10014守望先锋MOBA，10015双路MOBA，10016新世界BOSS,10017盟主争夺战场，10018婚礼地图,10019九层妖塔,10020多人竞技场，10021转生副本,10022城池争夺战,10023神魔古墓，10024离线竞技场，10026武试准备场，10025夫妻副本，10027宝岛地宫,10028师徒副本,10029吃鸡副本,10030仙侣PK准备场,10031仙侣PK擂台，10032跨服吃鸡准备场,10033跨服吃鸡比赛场)"	队伍目标	地图路径	场景流水号（寻路相关，关联total_nav_name表，单人地图随便填个很大的值）	广播区域等级（0范围38.4*28.8，1范围10*10王城特殊处理了，2范围2000*2000，3范围8*8，4范围3*3）	最大横坐标	最大纵坐标	需要的最大人数（有需求的地图这个字段才有处理，攻城战为地图最大人数上限+单方人数上限不能超过该值一半）	需要的最小人数（MOBA检测的是单方人数）	需要的人物等级	需要的修为等级	状态限制ID	个人消耗限制ID	队长消耗限制ID	奖励次数限制ID	扫荡消耗	时间限制ID	复活点	副本超时时间	副本结束后持续时间	掉落ID1	掉落ID2	出生点	成就限制ID	奖励成就ID	副本buff	buff持续时间	"扩展功能，原轻功(0不可用轻功，1是可用轻功，2可以上坐骑，4坐骑可以飞，8经验衰减，16官员buff不生效，32是否可上交通坐骑,64是否根据固定的阵营关系计算PK关系，128灵兽是否出战，256是否允许队伍操作，512地图是否禁止祝福，1024是可用双人交互动作,2048原地复活是否可以加无敌）(只要可用轻功、坐骑可飞行、可上交通坐骑，服务器就不会做位置检测，可开加速)"	副本复活次数（现在只对服务器观灵阁有效）	三星成就（针对于服务器观灵阁生效）	进入地图触发事件（针对单人）	跳转地图读条时间	是否禁止PK（0不禁，1禁止）	阵营平衡阈值	阵营平衡人数差值	"副本进入方式（0个人队伍均可，这种不检测人数，不够就补其他的人或者机器人；1组队才能,组队才能匹配的需要检测人数，只有人数够了之后才能匹配；2个人匹配，只能个人匹配，组队点击的时候只会个人加入匹配队列）"	多少人开始分线，0代表不分线（仅公共地图可用）	异常回跳点	地图战利品等级	副本是否评分（0否，1是）	这个地图结束刷出的篝火NPC(个体ID)	地图最低战力	提升战力buffID	玩家这个副本的助战礼包的奖励id	副本正常跳出点（trans_pointID)	天地异变1天气	天地异变2天气	天地异变3天气	天地异变4天气	天地异变5天气	天地异变6天气	天地异变7天气	天地异变8天气	天地异变9天气	天地异变10天气
10	1	神都	5001	0	xinshendu.txt	7	1	10000	10000	5	1	1	1	0	0	0	0	0	0	1001	300	30	0	0	1001	0	0	0	0	1511	0	0	0	0	1	1000	100	0	500	1001	0	0	0	0	0	0	0	0	0	0	0	0	0	0	0	0	0
11	1	星月阁	5001	0	guojiaoxueyuan1.txt	2	1	10000	10000	1	1	1	1	0	0	0	0	0	0	1101	300	30	0	0	1101	0	0	0	0	1511	0	0	0	0	1	1000	100	0	200	1101	0	0	0	0	0	0	0	0	0	0	0	0	0	0	0	0	0
13	1	三合宫	5001	74001	ligong2.txt	5	1	10000	10000	1	1	1	1	0	0	0	0	0	0	1301	300	30	0	0	1301	0	0	0	0	1511	0	0	0	0	1	1000	100	0	500	1301	0	0	0	0	0	0	0	0	0	0	0	0	0	0	0	0	0
14	1	桃源村	5002	0	xinshoucunend.txt	31	1	10000	10000	1	1	1	1	0	0	0	0	0	0	1401	300	30	0	0	1401	0	0	0	0	1511	0	0	0	0	1	1000	100	0	200	1401	0	0	0	0	0	0	0	0	0	0	0	0	0	0	0	0	0
21	1	[天策]领地	5004	0	bianjing.txt	33	3	10000	10000	150	1	1	1	0	0	0	0	0	0	2101	300	30	0	0	2101	0	0	0	0	2370	0	0	0	5000	0	1000	100	0	0	2101	0	0	0	0	0	0	0	0	0	0	0	0	0	0	0	0	0
22	1	[圣王]领地	5004	0	bianjing.txt	33	3	10000	10000	150	1	1	1	0	0	0	0	0	0	2201	300	30	0	0	2201	0	0	0	0	2370	0	0	0	5000	0	1000	100	0	0	2201	0	0	0	0	0	0	0	0	0	0	0	0	0	0	0	0	0
23	1	[修罗]领地	5004	0	bianjing.txt	33	3	10000	10000	150	1	1	1	0	0	0	0	0	0	2301	300	30	0	0	2301	0	0	0	0	2370	0	0	0	5000	0	1000	100	0	0	2301	0	0	0	0	0	0	0	0	0	0	0	0	0	0	0	0	0
30	1	[夺旗]巅峰雪谷	5003	0	duoqi.txt	32	3	10000	10000	150	1	1	1	10402201	0	0	0	0	0	3001	300	30	0	0	3001	0	0	0	0	2370	0	0	60030021	5000	0	100	50	0	0	3001	0	0	0	0	0	0	0	0	0	0	0	0	0	0	0	0	0
111	1	星月阁	5001	0	guojiaoxueyuan1.txt	2	1	10000	10000	1	1	1	1	0	0	0	0	0	0	11101	300	30	0	0	11101	0	0	0	0	1511	0	0	0	0	1	1000	100	0	200	11101	0	0	0	0	0	0	0	0	0	0	0	0	0	0	0	0	0
114	1	桃源村	5002	0	wumingqingshan4.txt	31	1	10000	10000	1	1	1	1	0	0	0	0	0	0	11401	300	30	0	0	11401	0	0	0	0	1511	0	0	0	0	1	1000	100	0	200	11401	0	0	0	0	0	0	0	0	0	0	0	0	0	0	0	0	0
211	1	星月阁	5001	0	guojiaoxueyuan1.txt	2	1	10000	10000	1	1	1	1	0	0	0	0	0	0	21101	300	30	0	0	21101	0	0	0	0	1511	0	0	0	0	1	1000	100	0	200	21101	0	0	0	0	0	0	0	0	0	0	0	0	0	0	0	0	0
214	1	桃源村	5002	0	wumingqingshan4.txt	31	1	10000	10000	1	1	1	1	0	0	0	0	0	0	21401	300	30	0	0	21401	0	0	0	0	1511	0	0	0	0	1	1000	100	0	200	21401	0	0	0	0	0	0	0	0	0	0	0	0	0	0	0	0	0
301	1	琅直Φ	5001	0	f_qifubaodao.txt	41	3	10000	10000	5	1	1	1	90001097	0	0	0	0	0	30101	300	30	0	0	30101	0	0	0	0	1282	0	0	0	0	1	1000	100	0	0	1001	0	0	0	0	0	0	0	0	0	0	0	0	0	0	0	0	0
302	1	琅直Φ	5001	0	f_qifubaodao.txt	41	3	10000	10000	5	1	1	1	90001098	0	0	0	0	0	30201	300	30	0	0	30201	0	0	0	0	1282	0	0	0	0	1	1000	100	0	0	1001	0	0	0	0	0	0	0	0	0	0	0	0	0	0	0	0	0
303	1	琅直Φ	5001	0	f_qifubaodao.txt	41	3	10000	10000	5	1	1	1	90001099	0	0	0	0	0	30301	300	30	0	0	30301	0	0	0	0	1282	0	0	0	0	1	1000	100	0	0	1001	0	0	0	0	0	0	0	0	0	0	0	0	0	0	0	0	0
304	1	宝岛地宫	10027	0	f_baozang.txt	42	1	29800	21700	5	1	1	1	0	0	0	0	0	0	30401	300	30	0	0	30401	0	0	0	0	322	0	0	0	0	0	1000	100	0	0	1001	0	0	0	0	0	0	0	0	0	0	0	0	0	0	0	0	0
305	1	神龙藏宝图	5001	0	f_shouhu	21	3	10000	10000	5	1	1	1	0	0	0	0	0	0	30501	300	30	0	0	30501	0	0	0	0	322	0	0	0	0	0	1000	100	0	0	1001	0	0	0	0	0	0	0	0	0	0	0	0	0	0	0	0	0
1001	1	尊灵宫惨案	2	0	guojiaocanan.txt	1000	1	10000	10000	1	1	1	1	0	0	0	0	0	0	1001	300	30	0	0	1001	0	0	0	0	128	0	0	0	0	0	1000	100	0	0	1401	0	0	0	0	0	0	0	0	0	0	0	0	0	0	0	0	0
1011	1	陆家村	2	0	wumingqingshan2.txt	1000	1	10000	10000	1	1	1	1	0	0	0	0	0	0	1001	300	30	0	0	1001	0	0	0	0	128	0	0	0	0	0	1000	100	0	0	1401	0	0	0	0	0	0	0	0	0	0	0	0	0	0	0	0	0
1013	1	陆家村	2	0	wumingqingshan.txt	1000	1	10000	10000	1	1	1	1	0	0	0	0	0	0	1001	300	30	0	0	1001	0	0	0	0	128	0	0	0	0	0	1000	100	0	0	1401	0	0	0	0	0	0	0	0	0	0	0	0	0	0	0	0	0
1014	1	陆家村	2	0	wumingqingshan.txt	1000	1	10000	10000	1	1	1	1	0	0	0	0	0	0	1001	300	30	0	0	1001	0	0	0	0	128	0	0	0	0	0	1000	100	0	0	1401	0	0	0	0	0	0	0	0	0	0	0	0	0	0	0	0	0
1015	1	陆家村	2	0	wumingqingshan4.txt	1000	1	10000	10000	1	1	1	1	0	0	0	0	0	0	1001	300	30	0	0	1001	0	0	0	0	128	0	0	0	0	0	1000	100	0	0	1401	0	0	0	0	0	0	0	0	0	0	0	0	0	0	0	0	0
1021	1	神将府	2	0	shenjiangfu2.txt	1000	1	10000	10000	1	1	1	1	0	0	0	0	0	0	1001	300	30	0	0	1001	0	0	0	0	128	0	0	0	0	0	1000	100	0	0	1001	0	0	0	0	0	0	0	0	0	0	0	0	0	0	0	0	0
1031	1	国子监	2	0	f_shujichu.txt	1000	1	10000	10000	1	1	1	1	0	0	0	0	0	0	1001	300	30	0	0	1001	0	0	0	0	128	0	0	0	0	0	1000	100	0	0	1001	0	0	0	0	0	0	0	0	0	0	0	0	0	0	0	0	0
1032	1	藏书馆	2	0	f_cangshuge.txt	1000	1	10000	10000	1	1	1	1	0	0	0	0	0	0	1001	300	30	0	0	1001	0	0	0	0	128	0	0	0	0	0	1000	100	0	0	1001	0	0	0	0	0	0	0	0	0	0	0	0	0	0	0	0	0
1033	1	圣教院	2	0	guojiaoxueyuan.txt	1000	1	10000	10000	1	1	1	1	0	0	0	0	0	0	1001	300	30	0	0	1001	0	0	0	0	128	0	0	0	0	0	1000	100	0	0	1001	0	0	0	0	0	0	0	0	0	0	0	0	0	0	0	0	0
1034	1	藏书馆	2	0	f_cangshuge.txt	1000	1	10000	10000	1	1	1	1	0	0	0	0	0	0	1001	300	30	0	0	1001	0	0	0	0	128	0	0	0	0	0	1000	100	0	0	1001	0	0	0	0	0	0	0	0	0	0	0	0	0	0	0	0	0
1035	1	藏书馆	2	0	f_cangshuge.txt	1000	1	10000	10000	1	1	1	1	0	0	0	0	0	0	1001	300	30	0	0	1001	0	0	0	0	128	0	0	0	0	0	1000	100	0	0	1001	0	0	0	0	0	0	0	0	0	0	0	0	0	0	0	0	0
1041	1	西宫	2	0	weiyanggong.txt	1000	1	10000	10000	1	1	1	1	0	0	0	0	0	0	1001	300	30	0	0	1001	0	0	0	0	128	0	0	0	0	0	1000	100	0	0	1001	0	0	0	0	0	0	0	0	0	0	0	0	0	0	0	0	0
1042	1	圣教院	2	0	guojiaoxueyuan1.txt	1000	1	10000	10000	1	1	1	1	0	0	0	0	0	0	1001	300	30	0	0	1001	0	0	0	0	128	0	0	0	0	0	1000	100	0	0	1001	0	0	0	0	0	0	0	0	0	0	0	0	0	0	0	0	0
1044	1	锁龙潭	2	0	heilongtan.txt	1000	1	10000	10000	1	1	1	1	0	0	0	0	0	0	1001	300	30	0	0	1001	0	0	0	0	128	0	0	0	0	0	1000	100	0	0	1001	0	0	0	0	0	0	0	0	0	0	0	0	0	0	0	0	0
1051	1	迷宫	2	0	heilongtan.txt	1000	1	14000	10000	1	1	1	1	0	0	0	0	0	0	1001	300	30	0	0	1001	0	0	0	0	128	0	0	0	0	0	1000	100	0	0	1001	0	0	0	0	0	0	0	0	0	0	0	0	0	0	0	0	0
1052	1	绝尘阁	2	0	xichenlou.txt	1000	1	10000	10000	1	1	1	1	0	0	0	0	0	0	1001	300	30	0	0	1001	0	0	0	0	128	0	0	0	0	0	1000	100	0	0	1001	0	0	0	0	0	0	0	0	0	0	0	0	0	0	0	0	0
1062	1	夜谷	2	0	daqingshan.txt	1000	1	10000	10000	1	1	1	1	0	0	0	0	0	0	1001	300	30	0	0	1001	0	0	0	0	128	0	0	0	0	0	1000	100	0	0	1001	0	0	0	0	0	0	0	0	0	0	0	0	0	0	0	0	0
1063	1	夜谷	2	0	daqingshan.txt	1000	1	10000	10000	1	1	1	1	0	0	0	0	0	0	1001	300	30	0	0	1001	0	0	0	0	128	0	0	0	0	0	1000	100	0	0	1001	0	0	0	0	0	0	0	0	0	0	0	0	0	0	0	0	0
1064	1	夜谷	2	0	daqingshan.txt	1000	1	10000	10000	1	1	1	1	0	0	0	0	0	0	1001	300	30	0	0	1001	0	0	0	0	128	0	0	0	0	0	1000	100	0	0	1001	0	0	0	0	0	0	0	0	0	0	0	0	0	0	0	0	0
3011	1	[归墟]锁龙潭1	10003	20701	f_zhouling.txt	16	1	10000	10000	5	2	1	1	20301101	30201	0	0	0	0	301101	360	65	0	0	301101	0	201	0	0	128	0	0	0	0	0	1000	100	1	0	1001	0	0	301100001	0	0	30301110	1002	0	0	0	0	0	0	0	0	0	0
3012	1	[归墟]锁龙潭2	10003	20702	f_xingkong.txt	23	1	10000	10000	5	3	1	1	20301201	30201	0	0	0	0	301201	360	65	0	0	301201	0	201	0	0	128	0	0	0	0	0	1000	100	1	0	1001	0	0	301200007	69600	310101	30301110	1002	0	0	0	0	0	0	0	0	0	0
3013	1	[归墟]锁龙潭3	10003	20703	ligong.txt	30	1	10000	10000	5	3	1	1	20301301	30201	0	0	0	0	301301	360	65	0	0	301301	0	201	0	0	128	0	0	0	0	0	1000	100	1	0	1001	0	0	301300002	172800	310201	30301110	1002	0	0	0	0	0	0	0	0	0	0
3014	1	[归墟]锁龙潭4	10003	20704	xichenlou.txt	13	1	10000	10000	5	3	1	1	20301401	30201	0	0	0	0	301401	360	65	0	0	301401	0	201	0	0	128	0	0	0	0	0	1000	100	1	0	1001	0	0	301400042	341600	310301	30301110	1002	0	0	0	0	0	0	0	0	0	0
3015	1	[归墟]锁龙潭5	10003	20705	f_zhouling.txt	16	1	10000	10000	5	3	1	1	20301501	30201	0	0	0	0	301501	360	65	0	0	301501	0	201	0	0	128	0	0	0	0	0	1000	100	1	0	1001	0	0	301500001	731200	310401	30301110	1002	0	0	0	0	0	0	0	0	0	0
3016	1	[归墟]锁龙潭6	10003	20706	f_xingkong.txt	23	1	10000	10000	5	3	1	1	20301601	30201	0	0	0	0	301601	360	65	0	0	301601	0	201	0	0	128	0	0	0	0	0	1000	100	1	0	1001	0	0	301600007	1380000	310501	30301110	1002	0	0	0	0	0	0	0	0	0	0
3017	1	[归墟]锁龙潭7	10003	20707	ligong.txt	30	1	10000	10000	5	3	1	1	20301701	30201	0	0	0	0	301701	360	65	0	0	301701	0	201	0	0	128	0	0	0	0	0	1000	100	1	0	1001	0	0	301700002	2759200	310601	30301110	1002	0	0	0	0	0	0	0	0	0	0
3018	1	[归墟]锁龙潭8	10003	20708	xichenlou.txt	13	1	10000	10000	5	3	1	1	20301801	30201	0	0	0	0	301801	360	65	0	0	301801	0	201	0	0	128	0	0	0	0	0	1000	100	1	0	1001	0	0	301800042	5521600	310701	30301110	1002	0	0	0	0	0	0	0	0	0	0
3019	1	[归墟]锁龙潭1	10003	0	f_zhouling.txt	16	1	10000	10000	5	3	1	1	20301803	0	0	0	0	0	301901	360	65	0	0	301901	0	201	0	0	128	0	0	0	0	0	1000	100	0	0	1001	0	0	301900001	0	0	0	1002	0	0	0	0	0	0	0	0	0	0
3101	1	[秘境]魔踪	10004	32701	f_baoku.txt	27	1	10000	10000	5	2	1	1	20310101	30204	0	0	0	0	310101	1800	65	0	0	310101	0	200	0	0	130	0	0	0	0	0	1000	100	1	0	1001	0	0	310100039	0	0	30311110	1002	0	0	0	0	0	0	0	0	0	0
3102	1	[秘境]魔踪	10004	32702	f_baoku.txt	27	1	10000	10000	5	3	1	1	20310201	30204	0	0	0	0	310201	1800	65	0	0	310201	0	200	0	0	130	0	0	0	0	0	1000	100	1	0	1001	0	0	310200037	69600	310101	30311110	1002	0	0	0	0	0	0	0	0	0	0
3103	1	[秘境]魔踪	10004	32703	f_zhouling.txt	16	1	10000	10000	5	3	1	1	20310301	30204	0	0	0	0	310301	1800	65	0	0	310301	0	200	0	0	130	0	0	0	0	0	1000	100	1	0	1001	0	0	310300035	172800	310201	30311110	1002	0	0	0	0	0	0	0	0	0	0
3104	1	[秘境]魔踪	10004	32704	f_xuedi.txt	25	1	10000	10000	5	3	1	1	20310401	30204	0	0	0	0	310401	1800	65	0	0	310401	0	200	0	0	130	0	0	0	0	0	1000	100	1	0	1001	0	0	310400041	341600	310301	30311110	1002	0	0	0	0	0	0	0	0	0	0
3105	1	[秘境]魔踪	10004	32705	f_baoku.txt	27	1	10000	10000	5	3	1	1	20310501	30204	0	0	0	0	310501	1800	65	0	0	310501	0	200	0	0	130	0	0	0	0	0	1000	100	1	0	1001	0	0	310500039	731200	310401	30311110	1002	0	0	0	0	0	0	0	0	0	0
3106	1	[秘境]魔踪	10004	32706	f_baoku.txt	27	1	10000	10000	5	3	1	1	20310601	30204	0	0	0	0	310601	1800	65	0	0	310601	0	200	0	0	130	0	0	0	0	0	1000	100	1	0	1001	0	0	310600039	1380000	310501	30311110	1002	0	0	0	0	0	0	0	0	0	0
3107	1	[秘境]魔踪	10004	32707	f_baoku.txt	27	1	10000	10000	5	3	1	1	20310701	30204	0	0	0	0	310701	1800	65	0	0	310701	0	200	0	0	130	0	0	0	0	0	1000	100	1	0	1001	0	0	310700039	2759200	310601	30311110	1002	0	0	0	0	0	0	0	0	0	0
3108	1	[秘境]魔踪	10004	32708	f_baoku.txt	27	1	10000	10000	5	3	1	1	20310801	30204	0	0	0	0	310801	1800	65	0	0	310801	0	200	0	0	130	0	0	0	0	0	1000	100	1	0	1001	0	0	310800039	5521600	310701	30311110	1002	0	0	0	0	0	0	0	0	0	0
3151	1	[破境]虚空星域	10007	0	f_dixiacheng.txt	24	1	10000	10000	1	1	1	1	0	0	0	0	0	0	1001	300	30	0	0	1001	0	0	0	0	0	0	0	0	0	0	1000	100	1	0	1001	0	0	0	0	0	0	1002	0	0	0	0	0	0	0	0	0	0
3201	1	[上古遗迹]灵元秘室	10004	60801	f_zhouling.txt	16	1	10000	10000	5	3	1	1	20320101	31102	30301	0	0	0	320101	1200	10	0	0	320101	0	203	0	0	130	0	0	0	0	0	1000	100	1	0	1001	0	0	0	0	0	0	0	0	0	0	0	0	0	0	0	0	0
3202	1	[上古遗迹]黄金秘室	10004	60802	f_shouhu.txt	21	1	10000	10000	5	3	1	1	20320201	31110	30304	0	0	0	320201	1200	10	0	0	320201	0	203	101201	999999999	130	0	0	0	0	0	1000	100	1	0	1001	0	0	0	0	0	0	0	0	0	0	0	0	0	0	0	0	0
3203	1	[上古遗迹]神识秘室	10004	0	f_mijing.txt	26	1	10000	10000	5	3	1	1	20320301	31111	30305	0	0	0	320301	1200	10	0	0	320301	0	203	0	0	130	0	0	0	0	0	1000	100	1	0	1001	0	0	0	0	0	0	0	0	0	0	0	0	0	0	0	0	0
3204	1	[上古遗迹]神识秘室	10004	60803	f_mijing.txt	26	1	10000	10000	5	3	1	1	20320301	31111	30305	0	0	0	320401	1200	10	0	0	320401	0	203	101201	999999999	130	0	0	0	0	0	1000	100	1	0	1001	0	0	0	0	0	0	0	0	0	0	0	0	0	0	0	0	0
3301	1	观灵大会迷宫	10011	0	daqingshan.txt	15	1	14000	10000	1	1	1	1	90000097	0	0	0	0	1001201	330101	7200	30	0	0	330101	0	204	0	0	2	0	0	0	0	0	1000	100	0	0	1001	0	0	0	0	0	0	0	0	0	0	0	0	0	0	0	0	0
3401	1	九层妖塔	10019	13901	jiucengyaota.txt	36	1	10000	10000	5	3	1	1	20340101	30205	0	0	0	0	340101	30000	65	0	0	340101	0	206	0	0	128	0	0	34010033	0	0	1000	100	1	0	1001	0	1	340100117	0	0	30341110	1002	0	0	0	0	0	0	0	0	0	0
3402	1	九层妖塔	10019	13902	jiucengyaota.txt	36	1	10000	10000	5	3	1	1	20340201	30205	0	0	0	0	340201	30000	65	0	0	340201	0	206	0	0	128	0	0	34020033	0	0	1000	100	1	0	1001	0	1	340200117	69600	310101	30341110	1002	0	0	0	0	0	0	0	0	0	0
3403	1	九层妖塔	10019	13903	jiucengyaota.txt	36	1	10000	10000	5	3	1	1	20340301	30205	0	0	0	0	340301	30000	65	0	0	340301	0	206	0	0	128	0	0	34030033	0	0	1000	100	1	0	1001	0	1	340300117	172800	310201	30341110	1002	0	0	0	0	0	0	0	0	0	0
3404	1	九层妖塔	10019	13904	jiucengyaota.txt	36	1	10000	10000	5	3	1	1	20340401	30205	0	0	0	0	340401	30000	65	0	0	340401	0	206	0	0	128	0	0	34040033	0	0	1000	100	1	0	1001	0	1	340400117	341600	310301	30341110	1002	0	0	0	0	0	0	0	0	0	0
3405	1	九层妖塔	10019	13905	jiucengyaota.txt	36	1	10000	10000	5	3	1	1	20340501	30205	0	0	0	0	340501	30000	65	0	0	340501	0	206	0	0	128	0	0	34050033	0	0	1000	100	1	0	1001	0	1	340500117	731200	310401	30341110	1002	0	0	0	0	0	0	0	0	0	0
3406	1	九层妖塔	10019	13906	jiucengyaota.txt	36	1	10000	10000	5	3	1	1	20340601	30205	0	0	0	0	340601	30000	65	0	0	340601	0	206	0	0	128	0	0	34060033	0	0	1000	100	1	0	1001	0	1	340600117	1380000	310501	30341110	1002	0	0	0	0	0	0	0	0	0	0
3407	1	九层妖塔	10019	13907	jiucengyaota.txt	36	1	10000	10000	5	3	1	1	20340701	30205	0	0	0	0	340701	30000	65	0	0	340701	0	206	0	0	128	0	0	34070033	0	0	1000	100	1	0	1001	0	1	340700117	2759200	310601	30341110	1002	0	0	0	0	0	0	0	0	0	0
3408	1	九层妖塔	10019	13908	jiucengyaota.txt	36	1	10000	10000	5	3	1	1	20340801	30205	0	0	0	0	340801	30000	65	0	0	340801	0	206	0	0	128	0	0	34080033	0	0	1000	100	1	0	1001	0	1	340800117	5521600	310701	30341110	1002	0	0	0	0	0	0	0	0	0	0
3501	1	世界材料	10004	44301	f_mijing.txt	26	1	10000	10000	5	3	30	1	20430101	30601	0	0	0	0	350101	300	10	0	0	350101	0	0	0	0	128	0	0	35010601	0	0	1000	100	1	0	1001	0	0	0	0	0	0	1002	0	0	0	0	0	0	0	0	0	0
3601	1	三九天劫	10021	74401	f_shouhu.txt	21	1	10000	10000	5	1	60	1	0	0	0	0	0	0	360101	300	10	0	0	360101	0	0	0	0	128	1	0	0	0	0	1000	100	1	0	1001	0	0	0	0	0	0	1002	0	0	11	11	11	11	11	11	11	11
3602	1	三九天劫	10021	74402	f_shouhu.txt	21	1	10000	10000	5	1	1080	1	0	0	0	0	0	0	360201	300	10	0	0	360201	0	0	0	0	128	1	0	0	0	0	1000	100	1	0	1001	0	0	0	0	0	0	1002	0	0	0	11	11	11	11	11	11	11
3603	1	三九天劫	10021	74403	f_shouhu.txt	21	1	10000	10000	5	1	2100	1	0	0	0	0	0	0	360301	300	10	0	0	360301	0	0	0	0	128	1	0	0	0	0	1000	100	1	0	1001	0	0	0	0	0	0	1002	0	0	0	0	11	11	11	11	11	11
3604	1	三九天劫	10021	74404	f_shouhu.txt	21	1	10000	10000	5	1	3120	1	0	0	0	0	0	0	360401	300	10	0	0	360401	0	0	0	0	128	1	0	0	0	0	1000	100	1	0	1001	0	0	0	0	0	0	1002	0	0	0	0	0	11	11	11	11	11
3605	1	三九天劫	10021	74405	f_shouhu.txt	21	1	10000	10000	5	1	4140	1	0	0	0	0	0	0	360501	300	10	0	0	360501	0	0	0	0	128	1	0	0	0	0	1000	100	1	0	1001	0	0	0	0	0	0	1002	0	0	0	0	0	0	11	11	11	11
3606	1	三九天劫	10021	74406	f_shouhu.txt	21	1	10000	10000	5	1	5180	1	0	0	0	0	0	0	360601	300	10	0	0	360601	0	0	0	0	128	1	0	0	0	0	1000	100	1	0	1001	0	0	0	0	0	0	1002	0	0	0	0	0	0	0	11	11	11
3607	1	三九天劫	10021	74407	f_shouhu.txt	21	1	10000	10000	5	1	6200	1	0	0	0	0	0	0	360701	300	10	0	0	360701	0	0	0	0	128	1	0	0	0	0	1000	100	1	0	1001	0	0	0	0	0	0	1002	0	0	0	0	0	0	0	0	11	11
3901	1	礼堂	10018	0	weiyanggong.txt	35	3	10000	10000	1	1	1	1	0	0	0	0	0	0	390101	2400	60	0	0	390101	0	0	0	0	1026	0	0	0	0	1	1000	100	0	0	1001	0	0	0	0	0	0	0	0	0	0	0	0	0	0	0	0	0
3910	1	双修	10025	0	jiehun.txt	39	2	10000	10000	2	2	1	1	41000002	0	0	0	0	0	391001	1800	60	0	0	391001	0	0	0	0	1	0	0	0	0	1	1000	100	1	0	1001	0	0	0	0	0	0	0	0	0	0	0	0	0	0	0	0	0
3911	1	仙侣踏浪	10004	0	jiehun.txt	39	2	10000	10000	2	2	1	1	41000005	0	0	0	0	0	391101	1800	60	0	0	391101	0	0	0	0	0	0	0	39110009	0	1	1000	100	1	0	1001	0	0	0	0	0	0	0	0	0	0	0	0	0	0	0	0	0
3920	1	醒狮送福	10012	0	xichenlou.txt	13	2	10000	10000	1	1	1	1	40052803	0	0	0	0	0	392001	300	30	0	0	392001	0	0	0	0	128	0	0	0	0	0	1000	100	0	0	1001	0	0	0	0	0	0	0	0	0	0	0	0	0	0	0	0	0
3930	1	[师徒]幻境试炼	10028	0	daqingshan.txt	14	1	10000	10000	20	1	1	1	90005100	0	0	0	0	0	393001	1800	30	0	0	393001	0	0	0	0	128	0	0	0	0	0	1000	100	0	0	1001	0	0	0	0	0	0	1002	0	0	0	0	0	0	0	0	0	0
3931	1	[师徒]幻境试炼	10028	0	daqingshan.txt	14	1	10000	10000	20	1	1	1	90005101	0	0	0	0	0	393101	1800	30	0	0	393101	0	0	0	0	128	0	0	0	0	0	1000	100	0	0	1001	0	0	0	140000	393001	0	1002	0	0	0	0	0	0	0	0	0	0
3932	1	[师徒]幻境试炼	10028	0	daqingshan.txt	14	1	10000	10000	20	1	1	1	90005102	0	0	0	0	0	393201	1800	30	0	0	393201	0	0	0	0	128	0	0	0	0	0	1000	100	0	0	1001	0	0	0	270000	393002	0	1002	0	0	0	0	0	0	0	0	0	0
3933	1	[师徒]幻境试炼	10028	0	daqingshan.txt	14	1	10000	10000	20	1	1	1	90005103	0	0	0	0	0	393301	1800	30	0	0	393301	0	0	0	0	128	0	0	0	0	0	1000	100	0	0	1001	0	0	0	600000	393003	0	1002	0	0	0	0	0	0	0	0	0	0
3934	1	[师徒]幻境试炼	10028	0	daqingshan.txt	14	1	10000	10000	20	1	1	1	90005104	0	0	0	0	0	393401	1800	30	0	0	393401	0	0	0	0	128	0	0	0	0	0	1000	100	0	0	1001	0	0	0	1100000	393004	0	1002	0	0	0	0	0	0	0	0	0	0
3935	1	[师徒]幻境试炼	10028	0	daqingshan.txt	14	1	10000	10000	20	1	1	1	90005105	0	0	0	0	0	393501	1800	30	0	0	393501	0	0	0	0	128	0	0	0	0	0	1000	100	0	0	1001	0	0	0	1800000	393005	0	1002	0	0	0	0	0	0	0	0	0	0
3936	1	[师徒]幻境试炼	10028	0	daqingshan.txt	14	1	10000	10000	20	1	1	1	90005106	0	0	0	0	0	393601	1800	30	0	0	393601	0	0	0	0	128	0	0	0	0	0	1000	100	0	0	1001	0	0	0	3300000	393006	0	1002	0	0	0	0	0	0	0	0	0	0
3937	1	[师徒]幻境试炼	10028	0	daqingshan.txt	14	1	10000	10000	20	1	1	1	90005107	0	0	0	0	0	393701	1800	30	0	0	393701	0	0	0	0	128	0	0	0	0	0	1000	100	0	0	1001	0	0	0	5521600	393007	0	1002	0	0	0	0	0	0	0	0	0	0
3938	1	[师徒]幻境试炼	10028	0	daqingshan.txt	14	1	10000	10000	20	1	1	1	90005108	0	0	0	0	0	393801	1800	30	0	0	393801	0	0	0	0	128	0	0	0	0	0	1000	100	0	0	1001	0	0	0	5521600	393007	0	1002	0	0	0	0	0	0	0	0	0	0
3939	1	[师徒]幻境试炼	10028	0	daqingshan.txt	14	1	10000	10000	20	1	1	1	90005108	0	0	0	0	0	393901	1800	30	0	0	393901	0	0	0	0	128	0	0	0	0	0	1000	100	0	0	1001	0	0	0	5521600	393007	0	1002	0	0	0	0	0	0	0	0	0	0
4100	1	[战场]士林宴	10001	0	moba.txt	6	2	10000	10000	10	5	1	1	90000100	30501	0	0	0	0	410001	600	10	0	0	410001	0	205	0	0	16	0	0	70000201	5000	0	1000	100	0	0	1001	0	0	0	0	0	0	0	0	0	0	0	0	0	0	0	0	0
4101	1	[战场]士林宴	10001	0	moba.txt	6	2	10000	10000	10	5	1	1	90000090	0	0	0	0	0	410101	600	10	0	0	410101	0	205	0	0	16	0	0	70000201	5000	0	1000	100	0	0	1001	0	0	0	0	0	0	0	0	0	0	0	0	0	0	0	0	0
4102	1	[战场]守望先锋	10014	0	f_shouwangxianfeng.txt	19	2	10000	10000	10	5	1	1	90000090	0	0	0	0	0	410201	600	10	0	0	410201	0	205	0	0	16	0	0	70000201	5000	0	1000	100	0	0	1001	0	0	0	0	0	0	0	0	0	0	0	0	0	0	0	0	0
4103	1	[战场]兽灵大典	10015	0	xinmoba.txt	22	2	10000	10000	10	5	1	1	90000090	0	0	0	0	0	410301	600	10	0	0	410301	0	205	0	0	16	0	0	70000201	5000	0	1000	100	0	0	1001	0	0	0	0	0	0	0	0	0	0	0	0	0	0	0	0	0
4104	1	[战场]生死斗	10020	0	f_shouwangxianfeng.txt	19	2	10000	10000	10	5	1	1	90000090	0	0	0	0	0	410401	600	10	0	0	410401	0	205	0	0	16	0	0	70000201	5000	0	1000	100	0	0	1001	0	0	0	0	0	0	0	0	0	0	0	0	0	0	0	0	0
4200	1	[战场]血凝城	10002	0	boss.txt	1	2	10000	10000	10	8	1	1	90000101	0	0	0	0	0	420101	1800	5	0	0	420101	0	202	0	0	16	0	0	70000301	5000	0	1000	100	2	0	1001	0	0	0	0	0	0	0	0	0	0	0	0	0	0	0	0	0
4201	1	[战场]血凝城	10002	0	boss.txt	1	2	10000	10000	10	8	1	1	90000091	30202	0	0	0	0	420101	1800	5	0	0	420101	0	202	0	0	16	0	0	70000301	5000	0	1000	100	2	0	1001	0	0	0	0	0	0	0	0	0	0	0	0	0	0	0	0	0
4203	1	[战场]血凝城	10016	0	f_shijieboss.txt	28	2	10000	10000	3	2	1	1	90000102	30202	0	0	0	0	420301	1800	5	0	0	420301	0	202	0	0	16	0	0	70000301	5000	0	1000	100	2	0	1001	0	0	0	0	0	0	0	0	0	0	0	0	0	0	0	0	0
4301	1	[擂台]绝尘阁	10010	0	xichenlou.txt	13	2	10000	10000	2	2	1	1	90000103	0	0	0	0	1000201	430301	85	30	0	0	430101	0	0	0	0	144	0	0	0	5000	0	1000	100	0	0	1001	0	0	0	0	0	0	0	0	0	0	0	0	0	0	0	0	0
4302	1	[擂台]离线竞技场	10024	0	xichenlou.txt	13	2	10000	10000	2	2	1	1	0	0	0	0	0	0	1001	60	20	0	0	430201	0	0	0	0	144	0	0	0	0	0	1000	100	0	0	1001	0	0	0	0	0	0	0	0	0	0	0	0	0	0	0	0	0
4303	1	[擂台]准备场	10026	0	xichenlou.txt	13	3	10000	10000	400	1	1	1	0	0	0	0	0	1000201	430301	3600	15	0	0	430301	0	0	0	0	338	0	0	0	5000	1	1000	100	0	0	1001	0	0	0	0	0	0	0	0	0	0	0	0	0	0	0	0	0
4304	1	[仙侣]准备场	10030	0	xichenlou.txt	13	3	10000	10000	400	1	1	1	0	0	0	0	0	4009401	430401	3600	15	0	0	430401	0	0	0	0	338	0	0	0	5000	1	1000	100	0	0	1001	0	0	0	0	0	0	0	0	0	0	0	0	0	0	0	0	0
4305	1	[仙侣]竞技场	10031	0	xichenlou.txt	13	2	10000	10000	2	2	1	1	0	0	0	0	0	4009401	430401	85	30	0	0	430501	0	0	0	0	144	0	0	0	5000	0	1000	100	0	0	1001	0	0	0	0	0	0	0	0	0	0	0	0	0	0	0	0	0
4401	1	[争夺]盟主战	10017	0	f_mengzhuzhengduo.txt	34	2	10000	10000	100	1	1	1	0	0	0	0	0	0	440101	1800	15	0	0	440101	0	0	0	0	16	0	0	0	0	0	1000	100	0	0	1001	0	0	0	0	0	0	0	0	0	0	0	0	0	0	0	0	0
4402	1	攻城战场	10022	0	gongchengzhan.txt	37	3	10000	10000	400	1	1	1	30004501	0	0	0	0	0	440201	900	15	0	0	440201	0	0	0	0	274	0	0	0	0	0	1000	100	0	0	1001	0	0	0	0	0	0	0	0	0	0	0	0	0	0	0	0	0
4501	1	神魔古墓	10023	0	f_shenmogumu.txt	38	3	10000	10000	400	1	1	1	30005002	0	0	0	0	0	450101	1800	30	0	0	450101	0	0	0	0	272	0	0	0	0	0	1000	100	0	0	1001	0	0	0	0	0	0	0	0	0	0	0	0	0	0	0	0	0
4502	1	吃鸡准备场	5001	0	f_qifubaodao.txt	41	3	10000	10000	400	1	1	1	20450201	0	0	0	0	1006601	450201	1800	30	0	0	450201	0	0	0	0	272	0	0	64503003	0	1	1000	100	0	0	1001	0	0	0	0	0	0	1002	0	0	0	0	0	0	0	0	0	0
4503	1	吃鸡副本	10029	0	bianjing.txt	33	3	10000	10000	20	1	1	1	20450301	30801	0	0	0	1006601	450301	900	30	0	0	450301	0	0	1110	999999999	272	0	0	0	0	0	1000	100	0	0	1001	0	0	0	0	0	0	1002	0	0	0	0	0	0	0	0	0	0
4504	1	跨服单人吃鸡准备场	10032	0	f_qifubaodao.txt	41	3	10000	10000	400	1	1	1	0	0	0	0	0	0	450401	1800	30	0	0	450401	0	0	0	0	272	0	0	64503003	0	1	1000	100	0	0	1001	0	0	0	0	0	0	1002	0	0	0	0	0	0	0	0	0	0
4505	1	跨服单人吃鸡副本	10033	0	bianjing.txt	33	3	10000	10000	100	1	1	1	0	0	0	0	0	0	450501	900	30	0	0	450501	0	0	1110	999999999	272	0	0	0	0	0	1000	100	0	0	1001	0	0	0	0	0	0	1002	0	0	0	0	0	0	0	0	0	0
4506	1	跨服情侣吃鸡准备场	10034	0	f_qifubaodao.txt	41	3	10000	10000	400	1	1	1	0	0	0	0	0	0	450601	1800	30	0	0	450601	0	0	0	0	272	0	0	64503003	0	1	1000	100	0	0	1001	0	0	0	0	0	0	1002	0	0	0	0	0	0	0	0	0	0
4507	1	跨服情侣吃鸡副本	10035	0	bianjing.txt	33	3	10000	10000	100	1	1	1	0	0	0	0	0	0	450701	900	30	0	0	450701	0	0	1110	999999999	272	0	0	0	0	0	1000	100	0	0	1001	0	0	0	0	0	0	1002	0	0	0	0	0	0	0	0	0	0
5011	1	魔域	2	0	daqingshan.txt	1000	1	10000	10000	1	1	1	1	0	0	0	0	0	0	1001	300	30	0	0	1001	0	1	0	0	0	5	0	0	0	0	1000	100	0	0	1001	0	0	0	0	0	0	0	0	0	0	0	0	0	0	0	0	0
6001	1	酒楼风波	2	0	shendu6.txt	1000	1	10000	10000	1	1	1	1	0	0	0	0	0	0	1001	300	30	0	0	1001	0	0	0	0	128	0	0	0	0	0	1000	100	0	0	1001	0	0	0	0	0	0	0	0	0	0	0	0	0	0	0	0	0
6002	1	大闹士林宴	2	0	f_zhucheng.txt	1000	1	10000	10000	1	1	1	1	0	0	0	0	0	0	1001	300	30	110005	0	1001	0	0	0	0	128	0	0	0	0	0	1000	100	0	0	1001	0	0	0	0	0	0	0	0	0	0	0	0	0	0	0	0	0
6003	1	神国七律	2	0	weiyanggong.txt	1000	1	10000	10000	1	1	1	1	0	0	0	0	0	0	1001	300	30	0	0	1001	0	0	0	0	128	0	0	0	0	0	1000	100	0	0	1001	0	0	0	0	0	0	0	0	0	0	0	0	0	0	0	0	0
6005	1	天海袭来	2	0	f_dixiacheng.txt	1000	1	10000	10000	1	1	1	1	0	0	0	0	0	0	1001	300	30	110008	0	1001	0	0	0	0	128	0	0	0	0	0	1000	100	0	0	1001	0	0	0	0	0	0	0	0	0	0	0	0	0	0	0	0	0
6007	1	过神道	2	0	ligong2.txt	1000	1	10000	10000	1	1	1	1	0	0	0	0	0	0	1001	300	30	110008	0	1001	0	0	0	0	128	0	0	0	0	0	1000	100	0	0	1001	0	0	0	0	0	0	0	0	0	0	0	0	0	0	0	0	0
6008	1	青云榜	2	0	tonggongmizhen.txt	1000	1	10000	10000	5	1	1	1	0	0	0	0	0	0	1001	300	30	110011	0	1001	0	0	0	0	128	0	0	0	0	0	1000	100	0	0	1001	0	0	0	0	0	0	0	0	0	0	0	0	0	0	0	0	0
6009	1	金丹失败	2	0	heilongtan.txt	1000	1	10000	10000	1	1	1	1	0	0	0	0	0	0	1001	300	30	110011	0	1001	0	0	0	0	128	0	0	0	0	0	1000	100	0	0	1001	0	0	0	0	0	0	0	0	0	0	0	0	0	0	0	0	0
6010	1	第一战	2	0	f_cangshuge.txt	1000	1	10000	10000	1	1	1	1	0	0	0	0	0	0	1001	300	30	0	0	1001	0	0	0	0	128	0	0	0	0	0	1000	100	0	0	1001	0	0	0	0	0	0	0	0	0	0	0	0	0	0	0	0	0
6011	1	笨拙向前	2	0	f_xuedi.txt	1000	1	10000	10000	5	1	1	1	0	0	0	0	0	0	1001	300	30	0	0	1001	0	0	0	0	128	0	0	0	0	0	1000	100	0	0	1001	0	0	0	0	0	0	0	0	0	0	0	0	0	0	0	0	0
6012	1	百剑生	2	0	moba.txt	1000	1	10000	10000	1	1	1	1	0	0	0	0	0	0	1001	300	30	0	0	1001	0	0	0	0	128	0	0	0	0	0	1000	100	0	0	1001	0	0	0	0	0	0	0	0	0	0	0	0	0	0	0	0	0
6013	1	陨石的结界	2	0	f_dixiacheng.txt	24	1	10000	10000	5	1	1	1	0	0	0	0	0	0	601301	300	30	0	0	601301	0	0	0	0	128	0	0	0	0	0	1000	100	0	0	1001	0	0	0	0	0	0	0	0	0	0	0	0	0	0	0	0	0
6014	1	迷幻森林	2	0	daqingshan.txt	1000	3	10000	10000	5	1	1	1	0	0	0	0	0	0	1001	300	30	0	0	1001	0	0	0	0	128	0	0	0	0	0	1000	100	0	0	1001	0	0	0	0	0	0	0	0	0	0	0	0	0	0	0	0	0
6015	1	血族夺宝	2	0	ligong2.txt	1000	1	10000	10000	5	1	1	1	0	0	0	0	0	0	1001	300	30	0	0	1001	0	0	0	0	128	0	0	0	0	0	1000	100	0	0	1001	0	0	0	0	0	0	0	0	0	0	0	0	0	0	0	0	0
6016	1	保镖来袭	2	0	ligong2.txt	1000	1	10000	10000	5	1	1	1	0	0	0	0	0	0	1001	300	30	0	0	1001	0	0	0	0	128	0	0	0	0	0	1000	100	0	0	1001	0	0	0	0	0	0	0	0	0	0	0	0	0	0	0	0	0
6017	1	西宫	2	0	weiyanggong.txt	1000	1	10000	10000	1	1	1	1	0	0	0	0	0	0	1001	300	30	0	0	1001	0	0	0	0	128	0	0	0	0	0	1000	100	0	0	1001	0	0	0	0	0	0	0	0	0	0	0	0	0	0	0	0	0
6018	1	陨石的结界	2	0	f_dixiacheng.txt	1000	1	10000	10000	5	1	1	1	0	0	0	0	0	0	1001	300	30	0	0	1001	0	0	0	0	128	0	0	0	0	0	1000	100	0	0	1001	0	0	0	0	0	0	0	0	0	0	0	0	0	0	0	0	0
6019	1	陨石的结界	2	0	f_dixiacheng.txt	1000	1	10000	10000	5	1	1	1	0	0	0	0	0	0	1001	300	30	0	0	1001	0	0	0	0	128	0	0	0	0	0	1000	100	0	0	1001	0	0	0	0	0	0	0	0	0	0	0	0	0	0	0	0	0
6020	1	巾帼奇女子	2	0	xinligong	5	1	10000	10000	5	1	1	1	0	0	0	0	0	0	602001	300	30	0	0	602001	0	0	0	0	129	0	0	0	0	0	1000	100	0	0	1001	0	0	0	0	0	0	0	0	0	0	0	0	0	0	0	0	0
6021	1	金龙	2	0	f_yunshi	1000	1	10000	10000	5	1	1	1	0	0	0	0	0	0	1001	300	30	0	0	1001	0	0	0	0	129	0	0	0	0	0	1000	100	0	0	1001	0	0	0	0	0	0	0	0	0	0	0	0	0	0	0	0	0
6022	1	桃源秘境	2	0	f_taoyuan	1000	1	10000	10000	5	1	1	1	0	0	0	0	0	0	1001	300	30	0	0	1001	0	0	0	0	129	0	0	0	0	0	1000	100	0	0	1001	0	0	0	0	0	0	0	0	0	0	0	0	0	0	0	0	0
6101	1	王林发病	2	0	daqingshan.txt	1000	1	10000	10000	1	1	1	1	0	0	0	0	0	0	1001	300	30	110002	0	1001	0	0	0	0	128	0	0	0	0	0	1000	100	0	0	1001	0	0	0	0	0	0	0	0	0	0	0	0	0	0	0	0	0
6102	1	下山考验	2	0	daqingshan.txt	1000	1	10000	10000	1	1	1	1	0	0	0	0	0	0	1001	300	30	110003	0	1001	0	0	0	0	128	0	0	0	0	0	1000	100	0	0	1001	0	0	0	0	0	0	0	0	0	0	0	0	0	0	0	0	0
6103	1	国子监打架	2	0	f_shujichu	1000	1	10000	10000	1	1	1	1	0	0	0	0	0	0	1001	300	30	110004	0	1001	0	0	0	0	128	0	0	0	0	0	1000	100	0	0	1001	0	0	0	0	0	0	0	0	0	0	0	0	0	0	0	0	0
6104	1	巫马锦川	2	0	ligong	1000	1	10000	10000	1	1	1	1	0	0	0	0	0	0	1001	300	30	0	0	1001	0	0	0	0	128	0	0	0	0	0	1000	100	0	0	1001	0	0	0	0	0	0	0	0	0	0	0	0	0	0	0	0	0
6105	1	虎虎生风	2	0	daqingshan.txt	1000	1	10000	10000	1	1	1	1	0	0	0	0	0	0	1001	300	30	110008	0	1001	0	0	0	0	128	0	0	0	0	0	1000	100	0	0	1001	0	0	0	0	0	0	0	0	0	0	0	0	0	0	0	0	0
6106	1	禁宫迷阵	2	0	daqingshan.txt	1000	1	10000	10000	1	1	1	1	0	0	0	0	0	0	1001	300	30	110005	0	1001	0	0	0	0	128	0	0	0	0	0	1000	100	0	0	1001	0	0	0	0	0	0	0	0	0	0	0	0	0	0	0	0	0
6107	1	星月阁夜晚	2	0	guojiaocancan.txt	1000	1	10000	10000	1	1	1	1	0	0	0	0	0	0	1001	300	30	0	0	1001	0	0	0	0	135	0	0	0	0	0	1000	100	0	0	1001	0	0	0	0	0	0	0	0	0	0	0	0	0	0	0	0	0
7001	1	教院驻地	10005	0	guojiaoxueyuan1.txt	2	1	10000	10000	5	1	10	1	10500011	0	0	0	0	0	700101	300	30	0	0	700101	0	0	0	0	1282	0	0	0	5000	0	1000	100	0	0	1001	0	0	0	0	0	0	0	0	0	0	0	0	0	0	0	0	0
7002	1	[教院]流氓袭扰	2	0	f_zhucheng.txt	1000	1	10000	10000	1	1	10	1	10500011	0	0	0	0	0	7002	300	30	0	0	1001	0	0	0	0	384	0	0	0	0	0	1000	100	0	0	1001	0	0	0	0	0	0	0	0	0	0	0	0	0	0	0	0	0
7003	1	[教院]切磋	2	0	f_zhucheng.txt	1000	1	10000	10000	1	1	10	1	10500011	0	0	0	0	0	7003	300	30	0	0	1001	0	0	0	0	384	0	0	0	0	0	1000	100	0	0	1001	0	0	0	0	0	0	0	0	0	0	0	0	0	0	0	0	0
7010	1	[教院]宝库	10008	0	xueyuanbaoku.txt	17	1	10000	10000	80	1	40	1	10500012	0	0	0	0	0	701001	3600	10	0	0	701001	0	0	0	0	258	0	0	70100016	0	0	1000	100	0	0	1001	0	0	0	0	0	0	0	0	0	0	0	0	0	0	0	0	0
7100	1	[筑基]剑池	10006	52301	zhouyuan.txt	8	3	10000	10000	5	3	1	1	90003011	0	0	0	0	0	710001	300	30	0	0	1001	0	0	0	0	2370	0	0	0	5000	0	100	100	0	0	1001	0	0	0	0	0	0	0	0	0	0	0	0	0	0	0	0	0
7101	1	[金丹]剑池	10006	52302	zhouyuan.txt	8	3	10000	10000	5	3	1	1	90003012	0	0	0	0	0	710101	300	30	0	0	1001	0	0	0	0	2370	0	0	0	5000	0	100	100	0	0	1001	0	0	0	0	0	0	0	0	0	0	0	0	0	0	0	0	0
7102	1	[元婴]剑池	10006	52303	zhouyuan.txt	8	3	10000	10000	5	3	1	1	90003013	0	0	0	0	0	710201	300	30	0	0	1001	0	0	0	0	2370	0	0	0	5000	0	100	100	0	0	1001	0	0	0	0	0	0	0	0	0	0	0	0	0	0	0	0	0
7103	1	[化神]剑池	10006	52304	zhouyuan.txt	8	3	10000	10000	5	3	1	1	90003014	0	0	0	0	0	710301	300	30	0	0	1001	0	0	0	0	2370	0	0	0	5000	0	100	100	0	0	1001	0	0	0	0	0	0	0	0	0	0	0	0	0	0	0	0	0
7104	1	[合体]剑池	10006	52305	zhouyuan.txt	8	3	10000	10000	5	3	1	1	90003015	0	0	0	0	0	710401	300	30	0	0	1001	0	0	0	0	2370	0	0	0	5000	0	100	100	0	0	1001	0	0	0	0	0	0	0	0	0	0	0	0	0	0	0	0	0
7105	1	[大乘]剑池	10006	52306	zhouyuan.txt	8	3	10000	10000	5	3	1	1	90003016	0	0	0	0	0	710501	300	30	0	0	1001	0	0	0	0	2370	0	0	0	5000	0	100	100	0	0	1001	0	0	0	0	0	0	0	0	0	0	0	0	0	0	0	0	0
7106	1	[渡劫]剑池	10006	52307	zhouyuan.txt	8	3	10000	10000	5	3	1	1	90003017	0	0	0	0	0	710601	300	30	0	0	1001	0	0	0	0	2370	0	0	0	5000	0	100	100	0	0	1001	0	0	0	0	0	0	0	0	0	0	0	0	0	0	0	0	0
7107	1	[渡劫]剑池	10006	52307	zhouyuan.txt	8	3	10000	10000	5	3	1	1	90003054	0	0	0	0	0	710701	300	30	0	0	1001	0	0	0	0	2370	0	0	0	5000	0	100	100	0	0	1001	0	0	0	0	0	0	0	0	0	0	0	0	0	0	0	0	0
7108	1	[渡劫]剑池	10006	52307	zhouyuan.txt	8	3	10000	10000	5	3	1	1	90003055	0	0	0	0	0	710801	300	30	0	0	1001	0	0	0	0	2370	0	0	0	5000	0	100	100	0	0	1001	0	0	0	0	0	0	0	0	0	0	0	0	0	0	0	0	0
7110	1	[筑基]剑池	10013	0	f_jueshou.txt	29	3	10000	10000	5	3	1	1	30000401	0	0	0	0	0	711001	300	30	0	0	1001	0	0	0	0	2370	0	0	60030021	5000	0	100	100	0	0	1001	0	0	0	0	0	0	0	0	0	0	0	0	0	0	0	0	0
7111	1	[金丹]剑池	10013	0	f_jueshou.txt	29	3	10000	10000	5	3	1	1	30000402	0	0	0	0	0	711101	300	30	0	0	1001	0	0	0	0	2370	0	0	60030021	5000	0	100	100	0	0	1001	0	0	0	0	0	0	0	0	0	0	0	0	0	0	0	0	0
7112	1	[元婴]剑池	10013	0	f_jueshou.txt	29	3	10000	10000	5	3	1	1	30000403	0	0	0	0	0	711201	300	30	0	0	1001	0	0	0	0	2370	0	0	60030021	5000	0	100	100	0	0	1001	0	0	0	0	0	0	0	0	0	0	0	0	0	0	0	0	0
7113	1	[化神]剑池	10013	0	f_jueshou.txt	29	3	10000	10000	5	3	1	1	30000404	0	0	0	0	0	711301	300	30	0	0	1001	0	0	0	0	2370	0	0	60030021	5000	0	100	100	0	0	1001	0	0	0	0	0	0	0	0	0	0	0	0	0	0	0	0	0
7114	1	[合体]剑池	10013	0	f_jueshou.txt	29	3	10000	10000	5	3	1	1	30000405	0	0	0	0	0	711401	300	30	0	0	1001	0	0	0	0	2370	0	0	60030021	5000	0	100	100	0	0	1001	0	0	0	0	0	0	0	0	0	0	0	0	0	0	0	0	0
7115	1	[大乘]剑池	10013	0	f_jueshou.txt	29	3	10000	10000	5	3	1	1	30000406	0	0	0	0	0	711501	300	30	0	0	1001	0	0	0	0	2370	0	0	60030021	5000	0	100	100	0	0	1001	0	0	0	0	0	0	0	0	0	0	0	0	0	0	0	0	0
7116	1	[渡劫]剑池	10013	0	f_jueshou.txt	29	3	10000	10000	5	3	1	1	30000407	0	0	0	0	0	711601	300	30	0	0	1001	0	0	0	0	2370	0	0	60030021	5000	0	100	100	0	0	1001	0	0	0	0	0	0	0	0	0	0	0	0	0	0	0	0	0
7200	1	[新手]剑池	10006	0	zhouyuan.txt	8	3	10000	10000	5	3	1	1	90003018	0	0	0	0	0	720001	300	30	0	0	1001	0	0	0	0	2410	0	0	0	5000	0	100	100	0	0	1001	0	0	0	0	0	0	0	0	0	0	0	0	0	0	0	0	0
8001	1	赤日碑-第1关	2	0	daqingshan.txt	1000	1	10000	10000	1	1	1	1	0	30101	0	0	31101	0	1001	600	30	0	0	1001	0	1	0	0	144	5	0	0	0	0	1000	100	0	0	1001	0	0	0	0	0	0	0	0	0	0	0	0	0	0	0	0	0
8002	1	赤日碑-第2关	2	0	daqingshan.txt	1000	1	10000	10000	1	1	1	1	0	30101	0	0	31101	0	1001	600	30	0	0	1001	1	2	0	0	144	5	0	0	0	0	1000	100	0	0	1001	0	0	0	0	0	0	0	0	0	0	0	0	0	0	0	0	0
8003	1	赤日碑-第3关	2	0	daqingshan.txt	1000	1	10000	10000	1	1	1	1	0	30101	0	0	31101	0	1001	600	30	0	0	1001	2	3	0	0	144	5	0	0	0	0	1000	100	0	0	1001	0	0	0	0	0	0	0	0	0	0	0	0	0	0	0	0	0
8004	1	赤日碑-第4关	2	0	daqingshan.txt	1000	1	10000	10000	1	1	1	1	0	30101	0	0	31101	0	1001	600	30	0	0	1001	3	4	0	0	144	5	0	0	0	0	1000	100	0	0	1001	0	0	0	0	0	0	0	0	0	0	0	0	0	0	0	0	0
8005	1	赤日碑-第5关	2	0	daqingshan.txt	1000	1	10000	10000	1	1	1	1	0	30101	0	0	31101	0	1001	600	30	0	0	1001	4	5	0	0	144	5	0	0	0	0	1000	100	0	0	1001	0	0	0	0	0	0	0	0	0	0	0	0	0	0	0	0	0
8006	1	赤日碑-第6关	2	0	daqingshan.txt	1000	1	10000	10000	1	1	1	1	0	30101	0	0	31101	0	1001	600	30	0	0	1001	5	6	0	0	144	5	0	0	0	0	1000	100	0	0	1001	0	0	0	0	0	0	0	0	0	0	0	0	0	0	0	0	0
8007	1	赤日碑-第7关	2	0	daqingshan.txt	1000	1	10000	10000	1	1	1	1	0	30101	0	0	31101	0	1001	600	30	0	0	1001	6	7	0	0	144	5	0	0	0	0	1000	100	0	0	1001	0	0	0	0	0	0	0	0	0	0	0	0	0	0	0	0	0
8008	1	赤日碑-第8关	2	0	daqingshan.txt	1000	1	10000	10000	1	1	1	1	0	30101	0	0	31101	0	1001	600	30	0	0	1001	7	8	0	0	144	5	0	0	0	0	1000	100	0	0	1001	0	0	0	0	0	0	0	0	0	0	0	0	0	0	0	0	0
8009	1	赤日碑-第9关	2	0	daqingshan.txt	1000	1	10000	10000	1	1	1	1	0	30101	0	0	31101	0	1001	600	30	0	0	1001	8	9	0	0	144	5	0	0	0	0	1000	100	0	0	1001	0	0	0	0	0	0	0	0	0	0	0	0	0	0	0	0	0
8010	1	赤日碑-第10关	2	0	daqingshan.txt	1000	1	10000	10000	1	1	1	1	0	30101	0	0	31101	0	1001	600	30	0	0	1001	9	10	0	0	144	5	0	0	0	0	1000	100	0	0	1001	0	0	0	0	0	0	0	0	0	0	0	0	0	0	0	0	0
8011	1	卷云碑-第1关	2	0	daqingshan.txt	1000	1	10000	10000	1	1	1	1	0	30101	0	0	31101	0	1001	600	30	0	0	1001	10	11	0	0	144	5	0	0	0	0	1000	100	0	0	1001	0	0	0	0	0	0	1002	0	6	6	6	6	6	6	6	0	0
8012	1	卷云碑-第2关	2	0	daqingshan.txt	1000	1	10000	10000	1	1	1	1	0	30101	0	0	31101	0	1001	600	30	0	0	1001	11	12	0	0	144	5	0	0	0	0	1000	100	0	0	1001	0	0	0	0	0	0	1002	0	6	6	6	6	6	6	6	0	0
8013	1	卷云碑-第3关	2	0	daqingshan.txt	1000	1	10000	10000	1	1	1	1	0	30101	0	0	31101	0	1001	600	30	0	0	1001	12	13	0	0	144	5	0	0	0	0	1000	100	0	0	1001	0	0	0	0	0	0	1002	0	6	6	6	6	6	6	6	0	0
8014	1	卷云碑-第4关	2	0	daqingshan.txt	1000	1	10000	10000	1	1	1	1	0	30101	0	0	31101	0	1001	600	30	0	0	1001	13	14	0	0	144	5	0	0	0	0	1000	100	0	0	1001	0	0	0	0	0	0	1002	0	6	6	6	6	6	6	6	0	0
8015	1	卷云碑-第5关	2	0	daqingshan.txt	1000	1	10000	10000	1	1	1	1	0	30101	0	0	31101	0	1001	600	30	0	0	1001	14	15	0	0	144	5	0	0	0	0	1000	100	0	0	1001	0	0	0	0	0	0	1002	0	6	6	6	6	6	6	6	0	0
8016	1	卷云碑-第6关	2	0	daqingshan.txt	1000	1	10000	10000	1	1	1	1	0	30101	0	0	31101	0	1001	600	30	0	0	1001	15	16	0	0	144	5	0	0	0	0	1000	100	0	0	1001	0	0	0	0	0	0	1002	0	6	6	6	6	6	6	6	0	0
8017	1	卷云碑-第7关	2	0	daqingshan.txt	1000	1	10000	10000	1	1	1	1	0	30101	0	0	31101	0	1001	600	30	0	0	1001	16	17	0	0	144	5	0	0	0	0	1000	100	0	0	1001	0	0	0	0	0	0	1002	0	6	6	6	6	6	6	6	0	0
8018	1	卷云碑-第8关	2	0	daqingshan.txt	1000	1	10000	10000	1	1	1	1	0	30101	0	0	31101	0	1001	600	30	0	0	1001	17	18	0	0	144	5	0	0	0	0	1000	100	0	0	1001	0	0	0	0	0	0	1002	0	6	6	6	6	6	6	6	0	0
8019	1	卷云碑-第9关	2	0	daqingshan.txt	1000	1	10000	10000	1	1	1	1	0	30101	0	0	31101	0	1001	600	30	0	0	1001	18	19	0	0	144	5	0	0	0	0	1000	100	0	0	1001	0	0	0	0	0	0	1002	0	6	6	6	6	6	6	6	0	0
8020	1	卷云碑-第10关	2	0	daqingshan.txt	1000	1	10000	10000	1	1	1	1	0	30101	0	0	31101	0	1001	600	30	0	0	1001	19	20	0	0	144	5	0	0	0	0	1000	100	0	0	1001	0	0	0	0	0	0	1002	0	6	6	6	6	6	6	6	0	0
8251	1	雪岩碑-第1关	10012	0	f_yunshi.txt	40	1	10000	10000	1	1	1	1	0	30101	0	0	31109	0	825101	600	30	0	0	825101	20	251	0	0	144	5	551	0	0	0	1000	100	0	0	1001	0	0	0	0	0	0	1002	0	6	6	6	6	6	6	6	0	0
8252	1	雪岩碑-第2关	10012	0	f_yunshi.txt	40	1	10000	10000	1	1	1	1	0	30101	0	0	31109	0	825201	600	30	0	0	825201	251	252	0	0	144	5	552	0	0	0	1000	100	0	0	1001	0	0	0	0	0	0	1002	0	6	6	6	6	6	6	6	0	0
8253	1	雪岩碑-第3关	10012	0	f_yunshi.txt	40	1	10000	10000	1	1	1	1	0	30101	0	0	31109	0	825301	600	30	0	0	825301	252	253	0	0	144	5	553	0	0	0	1000	100	0	0	1001	0	0	0	0	0	0	1002	0	6	6	6	6	6	6	6	0	0
8254	1	雪岩碑-第4关	10012	0	f_yunshi.txt	40	1	10000	10000	1	1	1	1	0	30101	0	0	31109	0	825401	600	30	0	0	825401	253	254	0	0	144	5	554	0	0	0	1000	100	0	0	1001	0	0	0	0	0	0	1002	0	6	6	6	6	6	6	6	0	0
8255	1	雪岩碑-第5关	10012	0	f_yunshi.txt	40	1	10000	10000	1	1	1	1	0	30101	0	0	31109	0	825501	600	30	0	0	825501	254	255	0	0	144	5	555	0	0	0	1000	100	0	0	1001	0	0	0	0	0	0	1002	0	6	6	6	6	6	6	6	0	0
8256	1	雪岩碑-第6关	10012	0	f_yunshi.txt	40	1	10000	10000	1	1	1	1	0	30101	0	0	31109	0	825601	600	30	0	0	825601	255	256	0	0	144	5	556	0	0	0	1000	100	0	0	1001	0	0	0	0	0	0	1002	0	6	6	6	6	6	6	6	0	0
8257	1	雪岩碑-第7关	10012	0	f_yunshi.txt	40	1	10000	10000	1	1	1	1	0	30101	0	0	31109	0	825701	600	30	0	0	825701	256	257	0	0	144	5	557	0	0	0	1000	100	0	0	1001	0	0	0	0	0	0	1002	0	6	6	6	6	6	6	6	0	0
8258	1	雪岩碑-第8关	10012	0	f_yunshi.txt	40	1	10000	10000	1	1	1	1	0	30101	0	0	31109	0	825801	600	30	0	0	825801	257	258	0	0	144	5	558	0	0	0	1000	100	0	0	1001	0	0	0	0	0	0	1002	0	6	6	6	6	6	6	6	0	0
8259	1	雪岩碑-第9关	10012	0	f_yunshi.txt	40	1	10000	10000	1	1	1	1	0	30101	0	0	31109	0	825901	600	30	0	0	825901	258	259	0	0	144	5	559	0	0	0	1000	100	0	0	1001	0	0	0	0	0	0	1002	0	6	6	6	6	6	6	6	0	0
8260	1	雪岩碑-第10关	10012	0	f_yunshi.txt	40	1	10000	10000	1	1	1	1	0	30101	0	0	31109	0	826001	600	30	0	0	826001	259	260	0	0	144	5	560	0	0	0	1000	100	0	0	1001	0	0	0	0	0	0	1002	0	6	6	6	6	6	6	6	0	0
8021	1	南枝碑-第1关	10012	0	f_yuanjiang.txt	11	1	10000	10000	1	1	1	1	0	30101	0	0	31101	0	802101	600	30	0	0	802101	260	21	0	0	144	5	321	0	0	0	1000	100	0	0	1001	0	0	0	0	0	0	1002	1	0	6	6	6	6	6	6	0	0
8022	1	南枝碑-第2关	10012	0	f_yuanjiang.txt	11	1	10000	10000	1	1	1	1	0	30101	0	0	31101	0	802201	600	30	0	0	802201	21	22	0	0	144	5	322	0	0	0	1000	100	0	0	1001	0	0	0	0	0	0	1002	1	0	6	6	6	6	6	6	0	0
8023	1	南枝碑-第3关	10012	0	f_yuanjiang.txt	11	1	10000	10000	1	1	1	1	0	30101	0	0	31101	0	802301	600	30	0	0	802301	22	23	0	0	144	5	323	0	0	0	1000	100	0	0	1001	0	0	0	0	0	0	1002	1	0	6	6	6	6	6	6	0	0
8024	1	南枝碑-第4关	10012	0	f_yuanjiang.txt	11	1	10000	10000	1	1	1	1	0	30101	0	0	31101	0	802401	600	30	0	0	802401	23	24	0	0	144	5	324	0	0	0	1000	100	0	0	1001	0	0	0	0	0	0	1002	2	0	6	6	6	6	6	6	0	0
8025	1	南枝碑-第5关	10012	0	f_yuanjiang.txt	11	1	10000	10000	1	1	1	1	0	30101	0	0	31101	0	802501	600	30	0	0	802501	24	25	0	0	144	5	325	0	0	0	1000	100	0	0	1001	0	0	0	0	0	0	1002	2	0	6	6	6	6	6	6	0	0
8026	1	南枝碑-第6关	10012	0	f_yuanjiang.txt	11	1	10000	10000	1	1	1	1	0	30101	0	0	31101	0	802601	600	30	0	0	802601	25	26	0	0	144	5	326	0	0	0	1000	100	0	0	1001	0	0	0	0	0	0	1002	2	0	6	6	6	6	6	6	0	0
8027	1	南枝碑-第7关	10012	0	f_yuanjiang.txt	11	1	10000	10000	1	1	1	1	0	30101	0	0	31101	0	802701	600	30	0	0	802701	26	27	0	0	144	5	327	0	0	0	1000	100	0	0	1001	0	0	0	0	0	0	1002	3	0	6	6	6	6	6	6	0	0
8028	1	南枝碑-第8关	10012	0	f_yuanjiang.txt	11	1	10000	10000	1	1	1	1	0	30101	0	0	31101	0	802801	600	30	0	0	802801	27	28	0	0	144	5	328	0	0	0	1000	100	0	0	1001	0	0	0	0	0	0	1002	3	0	6	6	6	6	6	6	0	0
8029	1	南枝碑-第9关	10012	0	f_yuanjiang.txt	11	1	10000	10000	1	1	1	1	0	30101	0	0	31101	0	802901	600	30	0	0	802901	28	29	0	0	144	5	329	0	0	0	1000	100	0	0	1001	0	0	0	0	0	0	1002	3	0	6	6	6	6	6	6	0	0
8030	1	南枝碑-第10关	10012	0	f_yuanjiang.txt	11	1	10000	10000	1	1	1	1	0	30101	0	0	31101	0	803001	600	30	0	0	803001	29	30	0	0	144	5	330	0	0	0	1000	100	0	0	1001	0	0	0	0	0	0	1002	4	0	6	6	6	6	6	6	0	0
8031	1	跃林碑-第1关	10012	0	f_baoku.txt	27	1	10000	10000	1	1	1	1	0	30101	0	0	31101	0	803101	600	30	0	0	803101	30	31	0	0	144	5	331	0	0	0	1000	100	0	0	1001	0	0	0	0	0	0	1002	4	0	6	6	6	6	6	6	0	0
8032	1	跃林碑-第2关	10012	0	f_baoku.txt	27	1	10000	10000	1	1	1	1	0	30101	0	0	31101	0	803201	600	30	0	0	803201	31	32	0	0	144	5	332	0	0	0	1000	100	0	0	1001	0	0	0	0	0	0	1002	4	0	6	6	6	6	6	6	0	0
8033	1	跃林碑-第3关	10012	0	f_baoku.txt	27	1	10000	10000	1	1	1	1	0	30101	0	0	31101	0	803301	600	30	0	0	803301	32	33	0	0	144	5	333	0	0	0	1000	100	0	0	1001	0	0	0	0	0	0	1002	5	0	6	6	6	6	6	6	0	0
8034	1	跃林碑-第4关	10012	0	f_baoku.txt	27	1	10000	10000	1	1	1	1	0	30101	0	0	31101	0	803401	600	30	0	0	803401	33	34	0	0	144	5	334	0	0	0	1000	100	0	0	1001	0	0	0	0	0	0	1002	5	0	6	6	6	6	6	6	0	0
8035	1	跃林碑-第5关	10012	0	f_baoku.txt	27	1	10000	10000	1	1	1	1	0	30101	0	0	31101	0	803501	600	30	0	0	803501	34	35	0	0	144	5	335	0	0	0	1000	100	0	0	1001	0	0	0	0	0	0	1002	5	0	6	6	6	6	6	6	0	0
8036	1	跃林碑-第6关	10012	0	f_baoku.txt	27	1	10000	10000	1	1	1	1	0	30101	0	0	31101	0	803601	600	30	0	0	803601	35	36	0	0	144	5	336	0	0	0	1000	100	0	0	1001	0	0	0	0	0	0	1002	9	0	6	6	6	6	6	6	0	0
8037	1	跃林碑-第7关	10012	0	f_baoku.txt	27	1	10000	10000	1	1	1	1	0	30101	0	0	31101	0	803701	600	30	0	0	803701	36	37	0	0	144	5	337	0	0	0	1000	100	0	0	1001	0	0	0	0	0	0	1002	9	0	6	6	6	6	6	6	0	0
8038	1	跃林碑-第8关	10012	0	f_baoku.txt	27	1	10000	10000	1	1	1	1	0	30101	0	0	31101	0	803801	600	30	0	0	803801	36	38	0	0	144	5	338	0	0	0	1000	100	0	0	1001	0	0	0	0	0	0	1002	9	0	6	6	6	6	6	6	0	0
8039	1	跃林碑-第9关	10012	0	f_baoku.txt	27	1	10000	10000	1	1	1	1	0	30101	0	0	31101	0	803901	600	30	0	0	803901	38	39	0	0	144	5	339	0	0	0	1000	100	0	0	1001	0	0	0	0	0	0	1002	10	0	6	6	6	6	6	6	0	0
8040	1	跃林碑-第10关	10012	0	f_baoku.txt	27	1	10000	10000	1	1	1	1	0	30101	0	0	31101	0	804001	600	30	0	0	804001	38	40	0	0	144	5	340	0	0	0	1000	100	0	0	1001	0	0	0	0	0	0	1002	10	0	6	6	6	6	6	6	0	0
8041	1	闻言碑-第1关	10012	0	f_dixiacheng.txt	24	1	10000	10000	1	1	1	1	0	30104	0	0	31103	0	804101	600	30	0	0	804101	40	41	0	0	144	5	341	0	0	0	1000	100	0	0	1001	0	0	0	0	0	0	1002	10	0	6	6	6	6	6	6	0	0
8042	1	闻言碑-第2关	10012	0	f_dixiacheng.txt	24	1	10000	10000	1	1	1	1	0	30104	0	0	31103	0	804201	600	30	0	0	804201	41	42	0	0	144	5	342	0	0	0	1000	100	0	0	1001	0	0	0	0	0	0	1002	12	0	6	6	6	6	6	6	0	0
8043	1	闻言碑-第3关	10012	0	f_dixiacheng.txt	24	1	10000	10000	1	1	1	1	0	30104	0	0	31103	0	804301	600	30	0	0	804301	42	43	0	0	144	5	343	0	0	0	1000	100	0	0	1001	0	0	0	0	0	0	1002	12	0	6	6	6	6	6	6	0	0
8044	1	闻言碑-第4关	10012	0	f_dixiacheng.txt	24	1	10000	10000	1	1	1	1	0	30104	0	0	31103	0	804401	600	30	0	0	804401	43	44	0	0	144	5	344	0	0	0	1000	100	0	0	1001	0	0	0	0	0	0	1002	12	0	6	6	6	6	6	6	0	0
8045	1	闻言碑-第5关	10012	0	f_dixiacheng.txt	24	1	10000	10000	1	1	1	1	0	30104	0	0	31103	0	804501	600	30	0	0	804501	44	45	0	0	144	5	345	0	0	0	1000	100	0	0	1001	0	0	0	0	0	0	1002	13	0	6	6	6	6	6	6	0	0
8046	1	闻言碑-第6关	10012	0	f_dixiacheng.txt	24	1	10000	10000	1	1	1	1	0	30104	0	0	31103	0	804601	600	30	0	0	804601	45	46	0	0	144	5	346	0	0	0	1000	100	0	0	1001	0	0	0	0	0	0	1002	13	0	6	6	6	6	6	6	0	0
8047	1	闻言碑-第7关	10012	0	f_dixiacheng.txt	24	1	10000	10000	1	1	1	1	0	30104	0	0	31103	0	804701	600	30	0	0	804701	46	47	0	0	144	5	347	0	0	0	1000	100	0	0	1001	0	0	0	0	0	0	1002	13	0	6	6	6	6	6	6	0	0
8048	1	闻言碑-第8关	10012	0	f_dixiacheng.txt	24	1	10000	10000	1	1	1	1	0	30104	0	0	31103	0	804801	600	30	0	0	804801	47	48	0	0	144	5	348	0	0	0	1000	100	0	0	1001	0	0	0	0	0	0	1002	14	0	6	6	6	6	6	6	0	0
8049	1	闻言碑-第9关	10012	0	f_dixiacheng.txt	24	1	10000	10000	1	1	1	1	0	30104	0	0	31103	0	804901	600	30	0	0	804901	48	49	0	0	144	5	349	0	0	0	1000	100	0	0	1001	0	0	0	0	0	0	1002	14	0	6	6	6	6	6	6	0	0
8050	1	闻言碑-第10关	10012	0	f_dixiacheng.txt	24	1	10000	10000	1	1	1	1	0	30104	0	0	31103	0	805001	600	30	0	0	805001	49	50	0	0	144	5	350	0	0	0	1000	100	0	0	1001	0	0	0	0	0	0	1002	14	0	6	6	6	6	6	6	0	0
8051	1	西辰碑-第1关	10012	0	f_xuedi.txt	25	1	10000	10000	1	1	1	1	0	30105	0	0	31104	0	805101	600	30	0	0	805101	50	51	0	0	144	5	351	0	0	0	1000	100	0	0	1001	0	0	0	0	0	0	1002	15	1	0	6	6	6	6	6	0	0
8052	1	西辰碑-第2关	10012	0	f_xuedi.txt	25	1	10000	10000	1	1	1	1	0	30105	0	0	31104	0	805201	600	30	0	0	805201	51	52	0	0	144	5	352	0	0	0	1000	100	0	0	1001	0	0	0	0	0	0	1002	15	1	0	6	6	6	6	6	0	0
8053	1	西辰碑-第3关	10012	0	f_xuedi.txt	25	1	10000	10000	1	1	1	1	0	30105	0	0	31104	0	805301	600	30	0	0	805301	52	53	0	0	144	5	353	0	0	0	1000	100	0	0	1001	0	0	0	0	0	0	1002	15	1	0	6	6	6	6	6	0	0
8054	1	西辰碑-第4关	10012	0	f_xuedi.txt	25	1	10000	10000	1	1	1	1	0	30105	0	0	31104	0	805401	600	30	0	0	805401	53	54	0	0	144	5	354	0	0	0	1000	100	0	0	1001	0	0	0	0	0	0	1002	16	2	0	6	6	6	6	6	0	0
8055	1	西辰碑-第5关	10012	0	f_xuedi.txt	25	1	10000	10000	1	1	1	1	0	30105	0	0	31104	0	805501	600	30	0	0	805501	54	55	0	0	144	5	355	0	0	0	1000	100	0	0	1001	0	0	0	0	0	0	1002	16	2	0	6	6	6	6	6	0	0
8056	1	西辰碑-第6关	10012	0	f_xuedi.txt	25	1	10000	10000	1	1	1	1	0	30105	0	0	31104	0	805601	600	30	0	0	805601	55	56	0	0	144	5	356	0	0	0	1000	100	0	0	1001	0	0	0	0	0	0	1002	16	2	0	6	6	6	6	6	0	0
8057	1	西辰碑-第7关	10012	0	f_xuedi.txt	25	1	10000	10000	1	1	1	1	0	30105	0	0	31104	0	805701	600	30	0	0	805701	56	57	0	0	144	5	357	0	0	0	1000	100	0	0	1001	0	0	0	0	0	0	1002	17	3	0	6	6	6	6	6	0	0
8058	1	西辰碑-第8关	10012	0	f_xuedi.txt	25	1	10000	10000	1	1	1	1	0	30105	0	0	31104	0	805801	600	30	0	0	805801	57	58	0	0	144	5	358	0	0	0	1000	100	0	0	1001	0	0	0	0	0	0	1002	17	3	0	6	6	6	6	6	0	0
8059	1	西辰碑-第9关	10012	0	f_xuedi.txt	25	1	10000	10000	1	1	1	1	0	30105	0	0	31104	0	805901	600	30	0	0	805901	58	59	0	0	144	5	359	0	0	0	1000	100	0	0	1001	0	0	0	0	0	0	1002	17	3	0	6	6	6	6	6	0	0
8060	1	西辰碑-第10关	10012	0	f_xuedi.txt	25	1	10000	10000	1	1	1	1	0	30105	0	0	31104	0	806001	600	30	0	0	806001	59	60	0	0	144	5	360	0	0	0	1000	100	0	0	1001	0	0	0	0	0	0	1002	18	4	0	6	6	6	6	6	0	0
8061	1	听雨碑-第1关	10012	0	f_baoku.txt	27	1	10000	10000	1	1	1	1	0	30105	0	0	31104	0	806101	600	30	0	0	806101	60	61	0	0	144	5	361	0	0	0	1000	100	0	0	1001	0	0	0	0	0	0	1002	18	4	0	6	6	6	6	6	0	0
8062	1	听雨碑-第2关	10012	0	f_baoku.txt	27	1	10000	10000	1	1	1	1	0	30105	0	0	31104	0	806201	600	30	0	0	806201	61	62	0	0	144	5	362	0	0	0	1000	100	0	0	1001	0	0	0	0	0	0	1002	18	4	0	6	6	6	6	6	0	0
8063	1	听雨碑-第3关	10012	0	f_baoku.txt	27	1	10000	10000	1	1	1	1	0	30105	0	0	31104	0	806301	600	30	0	0	806301	62	63	0	0	144	5	363	0	0	0	1000	100	0	0	1001	0	0	0	0	0	0	1002	19	5	0	6	6	6	6	6	0	0
8064	1	听雨碑-第4关	10012	0	f_baoku.txt	27	1	10000	10000	1	1	1	1	0	30105	0	0	31104	0	806401	600	30	0	0	806401	63	64	0	0	144	5	364	0	0	0	1000	100	0	0	1001	0	0	0	0	0	0	1002	19	5	0	6	6	6	6	6	0	0
8065	1	听雨碑-第5关	10012	0	f_baoku.txt	27	1	10000	10000	1	1	1	1	0	30105	0	0	31104	0	806501	600	30	0	0	806501	64	65	0	0	144	5	365	0	0	0	1000	100	0	0	1001	0	0	0	0	0	0	1002	19	5	0	6	6	6	6	6	0	0
8066	1	听雨碑-第6关	10012	0	f_baoku.txt	27	1	10000	10000	1	1	1	1	0	30105	0	0	31104	0	806601	600	30	0	0	806601	65	66	0	0	144	5	366	0	0	0	1000	100	0	0	1001	0	0	0	0	0	0	1002	20	9	0	6	6	6	6	6	0	0
8067	1	听雨碑-第7关	10012	0	f_baoku.txt	27	1	10000	10000	1	1	1	1	0	30105	0	0	31104	0	806701	600	30	0	0	806701	66	67	0	0	144	5	367	0	0	0	1000	100	0	0	1001	0	0	0	0	0	0	1002	20	9	0	6	6	6	6	6	0	0
8068	1	听雨碑-第8关	10012	0	f_baoku.txt	27	1	10000	10000	1	1	1	1	0	30105	0	0	31104	0	806801	600	30	0	0	806801	67	68	0	0	144	5	368	0	0	0	1000	100	0	0	1001	0	0	0	0	0	0	1002	20	9	0	6	6	6	6	6	0	0
8069	1	听雨碑-第9关	10012	0	f_baoku.txt	27	1	10000	10000	1	1	1	1	0	30105	0	0	31104	0	806901	600	30	0	0	806901	68	69	0	0	144	5	369	0	0	0	1000	100	0	0	1001	0	0	0	0	0	0	1002	21	10	0	6	6	6	6	6	0	0
8070	1	听雨碑-第10关	10012	0	f_baoku.txt	27	1	10000	10000	1	1	1	1	0	30105	0	0	31104	0	807001	600	30	0	0	807001	69	70	0	0	144	5	370	0	0	0	1000	100	0	0	1001	0	0	0	0	0	0	1002	21	10	0	6	6	6	6	6	0	0
8071	1	烟暖碑-第1关	10012	0	f_yuanjiang.txt	11	1	10000	10000	1	1	1	1	0	30106	0	0	31105	0	807101	600	30	0	0	807101	70	71	0	0	144	5	371	0	0	0	1000	100	0	0	1001	0	0	0	0	0	0	1002	21	10	0	6	6	6	6	6	0	0
8072	1	烟暖碑-第2关	10012	0	f_yuanjiang.txt	11	1	10000	10000	1	1	1	1	0	30106	0	0	31105	0	807201	600	30	0	0	807201	71	72	0	0	144	5	372	0	0	0	1000	100	0	0	1001	0	0	0	0	0	0	1002	22	12	0	6	6	6	6	6	0	0
8073	1	烟暖碑-第3关	10012	0	f_yuanjiang.txt	11	1	10000	10000	1	1	1	1	0	30106	0	0	31105	0	807301	600	30	0	0	807301	72	73	0	0	144	5	373	0	0	0	1000	100	0	0	1001	0	0	0	0	0	0	1002	22	12	0	6	6	6	6	6	0	0
8074	1	烟暖碑-第4关	10012	0	f_yuanjiang.txt	11	1	10000	10000	1	1	1	1	0	30106	0	0	31105	0	807401	600	30	0	0	807401	73	74	0	0	144	5	374	0	0	0	1000	100	0	0	1001	0	0	0	0	0	0	1002	22	12	0	6	6	6	6	6	0	0
8075	1	烟暖碑-第5关	10012	0	f_yuanjiang.txt	11	1	10000	10000	1	1	1	1	0	30106	0	0	31105	0	807501	600	30	0	0	807501	74	75	0	0	144	5	375	0	0	0	1000	100	0	0	1001	0	0	0	0	0	0	1002	23	13	0	6	6	6	6	6	0	0
8076	1	烟暖碑-第6关	10012	0	f_yuanjiang.txt	11	1	10000	10000	1	1	1	1	0	30106	0	0	31105	0	807601	600	30	0	0	807601	75	76	0	0	144	5	376	0	0	0	1000	100	0	0	1001	0	0	0	0	0	0	1002	23	13	0	6	6	6	6	6	0	0
8077	1	烟暖碑-第7关	10012	0	f_yuanjiang.txt	11	1	10000	10000	1	1	1	1	0	30106	0	0	31105	0	807701	600	30	0	0	807701	76	77	0	0	144	5	377	0	0	0	1000	100	0	0	1001	0	0	0	0	0	0	1002	23	13	0	6	6	6	6	6	0	0
8078	1	烟暖碑-第8关	10012	0	f_yuanjiang.txt	11	1	10000	10000	1	1	1	1	0	30106	0	0	31105	0	807801	600	30	0	0	807801	77	78	0	0	144	5	378	0	0	0	1000	100	0	0	1001	0	0	0	0	0	0	1002	24	14	0	6	6	6	6	6	0	0
8079	1	烟暖碑-第9关	10012	0	f_yuanjiang.txt	11	1	10000	10000	1	1	1	1	0	30106	0	0	31105	0	807901	600	30	0	0	807901	78	79	0	0	144	5	379	0	0	0	1000	100	0	0	1001	0	0	0	0	0	0	1002	24	14	0	6	6	6	6	6	0	0
8080	1	烟暖碑-第10关	10012	0	f_yuanjiang.txt	11	1	10000	10000	1	1	1	1	0	30106	0	0	31105	0	808001	600	30	0	0	808001	79	80	0	0	144	5	380	0	0	0	1000	100	0	0	1001	0	0	0	0	0	0	1002	24	14	0	6	6	6	6	6	0	0
8081	1	白山碑-第1关	10012	0	f_zhouling.txt	16	1	10000	10000	1	1	1	1	0	30107	0	0	31106	0	808101	600	30	0	0	808101	80	81	0	0	144	5	381	0	0	0	1000	100	0	0	1001	0	0	0	0	0	0	1002	24	15	1	0	6	6	6	6	0	0
8082	1	白山碑-第2关	10012	0	f_zhouling.txt	16	1	10000	10000	1	1	1	1	0	30107	0	0	31106	0	808201	600	30	0	0	808201	81	82	0	0	144	5	382	0	0	0	1000	100	0	0	1001	0	0	0	0	0	0	1002	24	15	1	0	6	6	6	6	0	0
8083	1	白山碑-第3关	10012	0	f_zhouling.txt	16	1	10000	10000	1	1	1	1	0	30107	0	0	31106	0	808301	600	30	0	0	808301	82	83	0	0	144	5	383	0	0	0	1000	100	0	0	1001	0	0	0	0	0	0	1002	24	15	1	0	6	6	6	6	0	0
8084	1	白山碑-第4关	10012	0	f_zhouling.txt	16	1	10000	10000	1	1	1	1	0	30107	0	0	31106	0	808401	600	30	0	0	808401	83	84	0	0	144	5	384	0	0	0	1000	100	0	0	1001	0	0	0	0	0	0	1002	24	16	2	0	6	6	6	6	0	0
8085	1	白山碑-第5关	10012	0	f_zhouling.txt	16	1	10000	10000	1	1	1	1	0	30107	0	0	31106	0	808501	600	30	0	0	808501	84	85	0	0	144	5	385	0	0	0	1000	100	0	0	1001	0	0	0	0	0	0	1002	24	16	2	0	6	6	6	6	0	0
8086	1	白山碑-第6关	10012	0	f_zhouling.txt	16	1	10000	10000	1	1	1	1	0	30107	0	0	31106	0	808601	600	30	0	0	808601	85	86	0	0	144	5	386	0	0	0	1000	100	0	0	1001	0	0	0	0	0	0	1002	24	16	2	0	6	6	6	6	0	0
8087	1	白山碑-第7关	10012	0	f_zhouling.txt	16	1	10000	10000	1	1	1	1	0	30107	0	0	31106	0	808701	600	30	0	0	808701	86	87	0	0	144	5	387	0	0	0	1000	100	0	0	1001	0	0	0	0	0	0	1002	24	17	3	0	6	6	6	6	0	0
8088	1	白山碑-第8关	10012	0	f_zhouling.txt	16	1	10000	10000	1	1	1	1	0	30107	0	0	31106	0	808801	600	30	0	0	808801	87	88	0	0	144	5	388	0	0	0	1000	100	0	0	1001	0	0	0	0	0	0	1002	24	17	3	0	6	6	6	6	0	0
8089	1	白山碑-第9关	10012	0	f_zhouling.txt	16	1	10000	10000	1	1	1	1	0	30107	0	0	31106	0	808901	600	30	0	0	808901	88	89	0	0	144	5	389	0	0	0	1000	100	0	0	1001	0	0	0	0	0	0	1002	24	17	3	0	6	6	6	6	0	0
8090	1	白山碑-第10关	10012	0	f_zhouling.txt	16	1	10000	10000	1	1	1	1	0	30108	0	0	31106	0	809001	600	30	0	0	809001	89	90	0	0	144	5	390	0	0	0	1000	100	0	0	1001	0	0	0	0	0	0	1002	24	18	4	0	6	6	6	6	0	0
8091	1	孤松碑-第1关	10012	0	f_xingkong.txt	23	1	10000	10000	1	1	1	1	0	30108	0	0	31107	0	809101	600	30	0	0	809101	90	91	0	0	144	5	391	0	0	0	1000	100	0	0	1001	0	0	0	0	0	0	1002	24	18	4	0	6	6	6	6	0	0
8092	1	孤松碑-第2关	10012	0	f_xingkong.txt	23	1	10000	10000	1	1	1	1	0	30108	0	0	31107	0	809201	600	30	0	0	809201	91	92	0	0	144	5	392	0	0	0	1000	100	0	0	1001	0	0	0	0	0	0	1002	24	18	4	0	6	6	6	6	0	0
8093	1	孤松碑-第3关	10012	0	f_xingkong.txt	23	1	10000	10000	1	1	1	1	0	30108	0	0	31107	0	809301	600	30	0	0	809301	92	93	0	0	144	5	393	0	0	0	1000	100	0	0	1001	0	0	0	0	0	0	1002	24	19	5	0	6	6	6	6	0	0
8094	1	孤松碑-第4关	10012	0	f_xingkong.txt	23	1	10000	10000	1	1	1	1	0	30108	0	0	31107	0	809401	600	30	0	0	809401	93	94	0	0	144	5	394	0	0	0	1000	100	0	0	1001	0	0	0	0	0	0	1002	24	19	5	0	6	6	6	6	0	0
8095	1	孤松碑-第5关	10012	0	f_xingkong.txt	23	1	10000	10000	1	1	1	1	0	30108	0	0	31107	0	809501	600	30	0	0	809501	94	95	0	0	144	5	395	0	0	0	1000	100	0	0	1001	0	0	0	0	0	0	1002	24	19	5	0	6	6	6	6	0	0
8096	1	孤松碑-第6关	10012	0	f_xingkong.txt	23	1	10000	10000	1	1	1	1	0	30108	0	0	31107	0	809601	600	30	0	0	809601	95	96	0	0	144	5	396	0	0	0	1000	100	0	0	1001	0	0	0	0	0	0	1002	24	20	9	0	6	6	6	6	0	0
8097	1	孤松碑-第7关	10012	0	f_xingkong.txt	23	1	10000	10000	1	1	1	1	0	30108	0	0	31107	0	809701	600	30	0	0	809701	96	97	0	0	144	5	397	0	0	0	1000	100	0	0	1001	0	0	0	0	0	0	1002	24	20	9	0	6	6	6	6	0	0
8098	1	孤松碑-第8关	10012	0	f_xingkong.txt	23	1	10000	10000	1	1	1	1	0	30108	0	0	31107	0	809801	600	30	0	0	809801	97	98	0	0	144	5	398	0	0	0	1000	100	0	0	1001	0	0	0	0	0	0	1002	24	20	9	0	6	6	6	6	0	0
8099	1	孤松碑-第9关	10012	0	f_xingkong.txt	23	1	10000	10000	1	1	1	1	0	30108	0	0	31107	0	809901	600	30	0	0	809901	98	99	0	0	144	5	399	0	0	0	1000	100	0	0	1001	0	0	0	0	0	0	1002	24	21	10	0	6	6	6	6	0	0
8100	1	孤松碑-第10关	10012	0	f_xingkong.txt	23	1	10000	10000	1	1	1	1	0	30108	0	0	31107	0	810001	600	30	0	0	810001	99	100	0	0	144	5	400	0	0	0	1000	100	0	0	1001	0	0	0	0	0	0	1002	24	21	10	0	6	6	6	6	0	0
8101	1	梧桐碑-第1关	10012	0	f_xuedi.txt	25	1	10000	10000	1	1	1	1	0	30108	0	0	31107	0	810101	600	30	0	0	810101	100	101	0	0	144	5	401	0	0	0	1000	100	0	0	1001	0	0	0	0	0	0	1002	24	21	10	0	6	6	6	6	0	0
8102	1	梧桐碑-第2关	10012	0	f_xuedi.txt	25	1	10000	10000	1	1	1	1	0	30108	0	0	31107	0	810201	600	30	0	0	810201	101	102	0	0	144	5	402	0	0	0	1000	100	0	0	1001	0	0	0	0	0	0	1002	24	22	12	0	6	6	6	6	0	0
8103	1	梧桐碑-第3关	10012	0	f_xuedi.txt	25	1	10000	10000	1	1	1	1	0	30108	0	0	31107	0	810301	600	30	0	0	810301	102	103	0	0	144	5	403	0	0	0	1000	100	0	0	1001	0	0	0	0	0	0	1002	24	22	12	0	6	6	6	6	0	0
8104	1	梧桐碑-第4关	10012	0	f_xuedi.txt	25	1	10000	10000	1	1	1	1	0	30108	0	0	31107	0	810401	600	30	0	0	810401	103	104	0	0	144	5	404	0	0	0	1000	100	0	0	1001	0	0	0	0	0	0	1002	24	22	12	0	6	6	6	6	0	0
8105	1	梧桐碑-第5关	10012	0	f_xuedi.txt	25	1	10000	10000	1	1	1	1	0	30108	0	0	31107	0	810501	600	30	0	0	810501	104	105	0	0	144	5	405	0	0	0	1000	100	0	0	1001	0	0	0	0	0	0	1002	24	23	13	0	6	6	6	6	0	0
8106	1	梧桐碑-第6关	10012	0	f_xuedi.txt	25	1	10000	10000	1	1	1	1	0	30108	0	0	31107	0	810601	600	30	0	0	810601	105	106	0	0	144	5	406	0	0	0	1000	100	0	0	1001	0	0	0	0	0	0	1002	24	23	13	0	6	6	6	6	0	0
8107	1	梧桐碑-第7关	10012	0	f_xuedi.txt	25	1	10000	10000	1	1	1	1	0	30108	0	0	31107	0	810701	600	30	0	0	810701	106	107	0	0	144	5	407	0	0	0	1000	100	0	0	1001	0	0	0	0	0	0	1002	24	23	13	0	6	6	6	6	0	0
8108	1	梧桐碑-第8关	10012	0	f_xuedi.txt	25	1	10000	10000	1	1	1	1	0	30108	0	0	31107	0	810801	600	30	0	0	810801	107	108	0	0	144	5	408	0	0	0	1000	100	0	0	1001	0	0	0	0	0	0	1002	24	24	14	0	6	6	6	6	0	0
8109	1	梧桐碑-第9关	10012	0	f_xuedi.txt	25	1	10000	10000	1	1	1	1	0	30108	0	0	31107	0	810901	600	30	0	0	810901	108	109	0	0	144	5	409	0	0	0	1000	100	0	0	1001	0	0	0	0	0	0	1002	24	24	14	0	6	6	6	6	0	0
8110	1	梧桐碑-第10关	10012	0	f_xuedi.txt	25	1	10000	10000	1	1	1	1	0	30108	0	0	31107	0	811001	600	30	0	0	811001	109	110	0	0	144	5	410	0	0	0	1000	100	0	0	1001	0	0	0	0	0	0	1002	24	24	14	0	6	6	6	6	0	0
8111	1	风雪碑-第1关	10012	0	f_dixiacheng.txt	24	1	10000	10000	1	1	1	1	0	30108	0	0	31108	0	811101	600	30	0	0	811101	110	111	0	0	144	5	411	0	0	0	1000	100	0	0	1001	0	0	0	0	0	0	1002	24	24	15	1	0	6	6	6	0	0
8112	1	风雪碑-第2关	10012	0	f_dixiacheng.txt	24	1	10000	10000	1	1	1	1	0	30108	0	0	31108	0	811201	600	30	0	0	811201	111	112	0	0	144	5	412	0	0	0	1000	100	0	0	1001	0	0	0	0	0	0	1002	24	24	15	1	0	6	6	6	0	0
8113	1	风雪碑-第3关	10012	0	f_dixiacheng.txt	24	1	10000	10000	1	1	1	1	0	30108	0	0	31108	0	811301	600	30	0	0	811301	112	113	0	0	144	5	413	0	0	0	1000	100	0	0	1001	0	0	0	0	0	0	1002	24	24	15	1	0	6	6	6	0	0
8114	1	风雪碑-第4关	10012	0	f_dixiacheng.txt	24	1	10000	10000	1	1	1	1	0	30108	0	0	31108	0	811401	600	30	0	0	811401	113	114	0	0	144	5	414	0	0	0	1000	100	0	0	1001	0	0	0	0	0	0	1002	24	24	16	2	0	6	6	6	0	0
8115	1	风雪碑-第5关	10012	0	f_dixiacheng.txt	24	1	10000	10000	1	1	1	1	0	30108	0	0	31108	0	811501	600	30	0	0	811501	114	115	0	0	144	5	415	0	0	0	1000	100	0	0	1001	0	0	0	0	0	0	1002	24	24	16	2	0	6	6	6	0	0
8116	1	风雪碑-第6关	10012	0	f_dixiacheng.txt	24	1	10000	10000	1	1	1	1	0	30108	0	0	31108	0	811601	600	30	0	0	811601	115	116	0	0	144	5	416	0	0	0	1000	100	0	0	1001	0	0	0	0	0	0	1002	24	24	16	2	0	6	6	6	0	0
8117	1	风雪碑-第7关	10012	0	f_dixiacheng.txt	24	1	10000	10000	1	1	1	1	0	30108	0	0	31108	0	811701	600	30	0	0	811701	116	117	0	0	144	5	417	0	0	0	1000	100	0	0	1001	0	0	0	0	0	0	1002	24	24	17	3	0	6	6	6	0	0
8118	1	风雪碑-第8关	10012	0	f_dixiacheng.txt	24	1	10000	10000	1	1	1	1	0	30108	0	0	31108	0	811801	600	30	0	0	811801	117	118	0	0	144	5	418	0	0	0	1000	100	0	0	1001	0	0	0	0	0	0	1002	24	24	17	3	0	6	6	6	0	0
8119	1	风雪碑-第9关	10012	0	f_dixiacheng.txt	24	1	10000	10000	1	1	1	1	0	30108	0	0	31108	0	811901	600	30	0	0	811901	118	119	0	0	144	5	419	0	0	0	1000	100	0	0	1001	0	0	0	0	0	0	1002	24	24	17	3	0	6	6	6	0	0
8120	1	风雪碑-第10关	10012	0	f_dixiacheng.txt	24	1	10000	10000	1	1	1	1	0	30108	0	0	31108	0	812001	600	30	0	0	812001	119	120	0	0	144	5	420	0	0	0	1000	100	0	0	1001	0	0	0	0	0	0	1002	24	24	18	4	0	6	6	6	0	0
8121	1	云霞碑-第1关	10012	0	f_yuanjiang.txt	11	1	10000	10000	1	1	1	1	0	30108	0	0	31108	0	812101	600	30	0	0	812101	120	121	0	0	144	5	421	0	0	0	1000	100	0	0	1001	0	0	0	0	0	0	1002	24	24	18	4	0	6	6	6	0	0
8122	1	云霞碑-第2关	10012	0	f_yuanjiang.txt	11	1	10000	10000	1	1	1	1	0	30108	0	0	31108	0	812201	600	30	0	0	812201	121	122	0	0	144	5	422	0	0	0	1000	100	0	0	1001	0	0	0	0	0	0	1002	24	24	18	4	0	6	6	6	0	0
8123	1	云霞碑-第3关	10012	0	f_yuanjiang.txt	11	1	10000	10000	1	1	1	1	0	30108	0	0	31108	0	812301	600	30	0	0	812301	122	123	0	0	144	5	423	0	0	0	1000	100	0	0	1001	0	0	0	0	0	0	1002	24	24	19	5	0	6	6	6	0	0
8124	1	云霞碑-第4关	10012	0	f_yuanjiang.txt	11	1	10000	10000	1	1	1	1	0	30108	0	0	31108	0	812401	600	30	0	0	812401	123	124	0	0	144	5	424	0	0	0	1000	100	0	0	1001	0	0	0	0	0	0	1002	24	24	19	5	0	6	6	6	0	0
8125	1	云霞碑-第5关	10012	0	f_yuanjiang.txt	11	1	10000	10000	1	1	1	1	0	30108	0	0	31108	0	812501	600	30	0	0	812501	124	125	0	0	144	5	425	0	0	0	1000	100	0	0	1001	0	0	0	0	0	0	1002	24	24	19	5	0	6	6	6	0	0
8126	1	云霞碑-第6关	10012	0	f_yuanjiang.txt	11	1	10000	10000	1	1	1	1	0	30108	0	0	31108	0	812601	600	30	0	0	812601	125	126	0	0	144	5	426	0	0	0	1000	100	0	0	1001	0	0	0	0	0	0	1002	24	24	20	9	0	6	6	6	0	0
8127	1	云霞碑-第7关	10012	0	f_yuanjiang.txt	11	1	10000	10000	1	1	1	1	0	30108	0	0	31108	0	812701	600	30	0	0	812701	126	127	0	0	144	5	427	0	0	0	1000	100	0	0	1001	0	0	0	0	0	0	1002	24	24	20	9	0	6	6	6	0	0
8128	1	云霞碑-第8关	10012	0	f_yuanjiang.txt	11	1	10000	10000	1	1	1	1	0	30108	0	0	31108	0	812801	600	30	0	0	812801	127	128	0	0	144	5	428	0	0	0	1000	100	0	0	1001	0	0	0	0	0	0	1002	24	24	20	9	0	6	6	6	0	0
8129	1	云霞碑-第9关	10012	0	f_yuanjiang.txt	11	1	10000	10000	1	1	1	1	0	30108	0	0	31108	0	812901	600	30	0	0	812901	128	129	0	0	144	5	429	0	0	0	1000	100	0	0	1001	0	0	0	0	0	0	1002	24	24	21	10	0	0	0	0	0	0
8130	1	云霞碑-第10关	10012	0	f_yuanjiang.txt	11	1	10000	10000	1	1	1	1	0	30108	0	0	31108	0	813001	600	30	0	0	813001	129	130	0	0	144	5	430	0	0	0	1000	100	0	0	1001	0	0	0	0	0	0	1002	24	24	21	10	0	0	0	0	0	0
8131	1	梦泽碑-第1关	10012	0	f_baoku.txt	27	1	10000	10000	1	1	1	1	0	30108	0	0	31108	0	813101	600	30	0	0	813101	130	131	0	0	144	5	431	0	0	0	1000	100	0	0	1001	0	0	0	0	0	0	1002	24	24	21	10	0	0	0	0	0	0
8132	1	梦泽碑-第2关	10012	0	f_baoku.txt	27	1	10000	10000	1	1	1	1	0	30108	0	0	31108	0	813201	600	30	0	0	813201	131	132	0	0	144	5	432	0	0	0	1000	100	0	0	1001	0	0	0	0	0	0	1002	24	24	22	12	0	0	0	0	0	0
8133	1	梦泽碑-第3关	10012	0	f_baoku.txt	27	1	10000	10000	1	1	1	1	0	30108	0	0	31108	0	813301	600	30	0	0	813301	132	133	0	0	144	5	433	0	0	0	1000	100	0	0	1001	0	0	0	0	0	0	1002	24	24	22	12	0	0	0	0	0	0
8134	1	梦泽碑-第4关	10012	0	f_baoku.txt	27	1	10000	10000	1	1	1	1	0	30108	0	0	31108	0	813401	600	30	0	0	813401	133	134	0	0	144	5	434	0	0	0	1000	100	0	0	1001	0	0	0	0	0	0	1002	24	24	22	12	0	0	0	0	0	0
8135	1	梦泽碑-第5关	10012	0	f_baoku.txt	27	1	10000	10000	1	1	1	1	0	30108	0	0	31108	0	813501	600	30	0	0	813501	134	135	0	0	144	5	435	0	0	0	1000	100	0	0	1001	0	0	0	0	0	0	1002	24	24	23	13	0	0	0	0	0	0
8136	1	梦泽碑-第6关	10012	0	f_baoku.txt	27	1	10000	10000	1	1	1	1	0	30108	0	0	31108	0	813601	600	30	0	0	813601	135	136	0	0	144	5	436	0	0	0	1000	100	0	0	1001	0	0	0	0	0	0	1002	24	24	23	13	0	0	0	0	0	0
8137	1	梦泽碑-第7关	10012	0	f_baoku.txt	27	1	10000	10000	1	1	1	1	0	30108	0	0	31108	0	813701	600	30	0	0	813701	136	137	0	0	144	5	437	0	0	0	1000	100	0	0	1001	0	0	0	0	0	0	1002	24	24	23	13	0	0	0	0	0	0
8138	1	梦泽碑-第8关	10012	0	f_baoku.txt	27	1	10000	10000	1	1	1	1	0	30108	0	0	31108	0	813801	600	30	0	0	813801	137	138	0	0	144	5	438	0	0	0	1000	100	0	0	1001	0	0	0	0	0	0	1002	24	24	24	14	0	0	0	0	0	0
8139	1	梦泽碑-第9关	10012	0	f_baoku.txt	27	1	10000	10000	1	1	1	1	0	30108	0	0	31108	0	813901	600	30	0	0	813901	138	139	0	0	144	5	439	0	0	0	1000	100	0	0	1001	0	0	0	0	0	0	1002	24	24	24	14	0	0	0	0	0	0
8140	1	梦泽碑-第10关	10012	0	f_baoku.txt	27	1	10000	10000	1	1	1	1	0	30108	0	0	31108	0	814001	600	30	0	0	814001	139	140	0	0	144	5	440	0	0	0	1000	100	0	0	1001	0	0	0	0	0	0	1002	24	24	24	14	0	0	0	0	0	0
8141	1	青烟碑-第1关	10012	0	f_xuedi.txt	25	1	10000	10000	1	1	1	1	0	30108	0	0	31108	0	814101	600	30	0	0	814101	140	141	0	0	144	5	441	0	0	0	1000	100	0	0	1001	0	0	0	0	0	0	1002	24	24	24	15	1	0	0	0	0	0
8142	1	青烟碑-第2关	10012	0	f_xuedi.txt	25	1	10000	10000	1	1	1	1	0	30108	0	0	31108	0	814201	600	30	0	0	814201	141	142	0	0	144	5	442	0	0	0	1000	100	0	0	1001	0	0	0	0	0	0	1002	24	24	24	15	1	0	0	0	0	0
8143	1	青烟碑-第3关	10012	0	f_xuedi.txt	25	1	10000	10000	1	1	1	1	0	30108	0	0	31108	0	814301	600	30	0	0	814301	142	143	0	0	144	5	443	0	0	0	1000	100	0	0	1001	0	0	0	0	0	0	1002	24	24	24	15	1	0	0	0	0	0
8144	1	青烟碑-第4关	10012	0	f_xuedi.txt	25	1	10000	10000	1	1	1	1	0	30108	0	0	31108	0	814401	600	30	0	0	814401	143	144	0	0	144	5	444	0	0	0	1000	100	0	0	1001	0	0	0	0	0	0	1002	24	24	24	16	2	0	0	0	0	0
8145	1	青烟碑-第5关	10012	0	f_xuedi.txt	25	1	10000	10000	1	1	1	1	0	30108	0	0	31108	0	814501	600	30	0	0	814501	144	145	0	0	144	5	445	0	0	0	1000	100	0	0	1001	0	0	0	0	0	0	1002	24	24	24	16	2	0	0	0	0	0
8146	1	青烟碑-第6关	10012	0	f_xuedi.txt	25	1	10000	10000	1	1	1	1	0	30108	0	0	31108	0	814601	600	30	0	0	814601	145	146	0	0	144	5	446	0	0	0	1000	100	0	0	1001	0	0	0	0	0	0	1002	24	24	24	16	2	0	0	0	0	0
8147	1	青烟碑-第7关	10012	0	f_xuedi.txt	25	1	10000	10000	1	1	1	1	0	30108	0	0	31108	0	814701	600	30	0	0	814701	146	147	0	0	144	5	447	0	0	0	1000	100	0	0	1001	0	0	0	0	0	0	1002	24	24	24	17	3	0	0	0	0	0
8148	1	青烟碑-第8关	10012	0	f_xuedi.txt	25	1	10000	10000	1	1	1	1	0	30108	0	0	31108	0	814801	600	30	0	0	814801	147	148	0	0	144	5	448	0	0	0	1000	100	0	0	1001	0	0	0	0	0	0	1002	24	24	24	17	3	0	0	0	0	0
8149	1	青烟碑-第9关	10012	0	f_xuedi.txt	25	1	10000	10000	1	1	1	1	0	30108	0	0	31108	0	814901	600	30	0	0	814901	148	149	0	0	144	5	449	0	0	0	1000	100	0	0	1001	0	0	0	0	0	0	1002	24	24	24	17	3	0	0	0	0	0
8150	1	青烟碑-第10关	10012	0	f_xuedi.txt	25	1	10000	10000	1	1	1	1	0	30108	0	0	31108	0	815001	600	30	0	0	815001	149	150	0	0	144	5	450	0	0	0	1000	100	0	0	1001	0	0	0	0	0	0	1002	24	24	24	18	4	0	0	0	0	0
8151	1	星辰碑-第1关	10012	0	f_zhouling.txt	16	1	10000	10000	1	1	1	1	0	30108	0	0	31108	0	815101	600	30	0	0	815101	150	151	0	0	144	5	451	0	0	0	1000	100	0	0	1001	0	0	0	0	0	0	1002	24	24	24	18	4	0	0	0	0	0
8152	1	星辰碑-第2关	10012	0	f_zhouling.txt	16	1	10000	10000	1	1	1	1	0	30108	0	0	31108	0	815201	600	30	0	0	815201	151	152	0	0	144	5	452	0	0	0	1000	100	0	0	1001	0	0	0	0	0	0	1002	24	24	24	18	4	0	0	0	0	0
8153	1	星辰碑-第3关	10012	0	f_zhouling.txt	16	1	10000	10000	1	1	1	1	0	30108	0	0	31108	0	815301	600	30	0	0	815301	152	153	0	0	144	5	453	0	0	0	1000	100	0	0	1001	0	0	0	0	0	0	1002	24	24	24	19	5	0	0	0	0	0
8154	1	星辰碑-第4关	10012	0	f_zhouling.txt	16	1	10000	10000	1	1	1	1	0	30108	0	0	31108	0	815401	600	30	0	0	815401	153	154	0	0	144	5	454	0	0	0	1000	100	0	0	1001	0	0	0	0	0	0	1002	24	24	24	19	5	0	0	0	0	0
8155	1	星辰碑-第5关	10012	0	f_zhouling.txt	16	1	10000	10000	1	1	1	1	0	30108	0	0	31108	0	815501	600	30	0	0	815501	154	155	0	0	144	5	455	0	0	0	1000	100	0	0	1001	0	0	0	0	0	0	1002	24	24	24	19	5	0	0	0	0	0
8156	1	星辰碑-第6关	10012	0	f_zhouling.txt	16	1	10000	10000	1	1	1	1	0	30108	0	0	31108	0	815601	600	30	0	0	815601	155	156	0	0	144	5	456	0	0	0	1000	100	0	0	1001	0	0	0	0	0	0	1002	24	24	24	20	9	0	0	0	0	0
8157	1	星辰碑-第7关	10012	0	f_zhouling.txt	16	1	10000	10000	1	1	1	1	0	30108	0	0	31108	0	815701	600	30	0	0	815701	156	157	0	0	144	5	457	0	0	0	1000	100	0	0	1001	0	0	0	0	0	0	1002	24	24	24	20	9	0	0	0	0	0
8158	1	星辰碑-第8关	10012	0	f_zhouling.txt	16	1	10000	10000	1	1	1	1	0	30108	0	0	31108	0	815801	600	30	0	0	815801	157	158	0	0	144	5	458	0	0	0	1000	100	0	0	1001	0	0	0	0	0	0	1002	24	24	24	20	9	0	0	0	0	0
8159	1	星辰碑-第9关	10012	0	f_zhouling.txt	16	1	10000	10000	1	1	1	1	0	30108	0	0	31108	0	815901	600	30	0	0	815901	158	159	0	0	144	5	459	0	0	0	1000	100	0	0	1001	0	0	0	0	0	0	1002	24	24	24	21	10	0	0	0	0	0
8160	1	星辰碑-第10关	10012	0	f_zhouling.txt	16	1	10000	10000	1	1	1	1	0	30108	0	0	31108	0	816001	600	30	0	0	816001	159	160	0	0	144	5	460	0	0	0	1000	100	0	0	1001	0	0	0	0	0	0	1002	24	24	24	21	10	0	0	0	0	0
8161	1	暮寒碑-第1关	10012	0	f_dixiacheng.txt	24	1	10000	10000	1	1	1	1	0	30108	0	0	31109	0	816101	600	30	0	0	816101	160	161	0	0	144	5	461	0	0	0	1000	100	0	0	1001	0	0	0	0	0	0	1002	24	24	24	21	10	0	0	0	0	0
8162	1	暮寒碑-第2关	10012	0	f_dixiacheng.txt	24	1	10000	10000	1	1	1	1	0	30108	0	0	31109	0	816201	600	30	0	0	816201	161	162	0	0	144	5	462	0	0	0	1000	100	0	0	1001	0	0	0	0	0	0	1002	24	24	24	22	12	0	0	0	0	0
8163	1	暮寒碑-第3关	10012	0	f_dixiacheng.txt	24	1	10000	10000	1	1	1	1	0	30108	0	0	31109	0	816301	600	30	0	0	816301	162	163	0	0	144	5	463	0	0	0	1000	100	0	0	1001	0	0	0	0	0	0	1002	24	24	24	22	12	0	0	0	0	0
8164	1	暮寒碑-第4关	10012	0	f_dixiacheng.txt	24	1	10000	10000	1	1	1	1	0	30108	0	0	31109	0	816401	600	30	0	0	816401	163	164	0	0	144	5	464	0	0	0	1000	100	0	0	1001	0	0	0	0	0	0	1002	24	24	24	22	12	0	0	0	0	0
8165	1	暮寒碑-第5关	10012	0	f_dixiacheng.txt	24	1	10000	10000	1	1	1	1	0	30108	0	0	31109	0	816501	600	30	0	0	816501	164	165	0	0	144	5	465	0	0	0	1000	100	0	0	1001	0	0	0	0	0	0	1002	24	24	24	23	13	0	0	0	0	0
8166	1	暮寒碑-第6关	10012	0	f_dixiacheng.txt	24	1	10000	10000	1	1	1	1	0	30108	0	0	31109	0	816601	600	30	0	0	816601	165	166	0	0	144	5	466	0	0	0	1000	100	0	0	1001	0	0	0	0	0	0	1002	24	24	24	23	13	0	0	0	0	0
8167	1	暮寒碑-第7关	10012	0	f_dixiacheng.txt	24	1	10000	10000	1	1	1	1	0	30108	0	0	31109	0	816701	600	30	0	0	816701	166	167	0	0	144	5	467	0	0	0	1000	100	0	0	1001	0	0	0	0	0	0	1002	24	24	24	23	13	0	0	0	0	0
8168	1	暮寒碑-第8关	10012	0	f_dixiacheng.txt	24	1	10000	10000	1	1	1	1	0	30108	0	0	31109	0	816801	600	30	0	0	816801	167	168	0	0	144	5	468	0	0	0	1000	100	0	0	1001	0	0	0	0	0	0	1002	24	24	24	24	14	0	0	0	0	0
8169	1	暮寒碑-第9关	10012	0	f_dixiacheng.txt	24	1	10000	10000	1	1	1	1	0	30108	0	0	31109	0	816901	600	30	0	0	816901	168	169	0	0	144	5	469	0	0	0	1000	100	0	0	1001	0	0	0	0	0	0	1002	24	24	24	24	14	0	0	0	0	0
8170	1	暮寒碑-第10关	10012	0	f_dixiacheng.txt	24	1	10000	10000	1	1	1	1	0	30108	0	0	31109	0	817001	600	30	0	0	817001	169	170	0	0	144	5	470	0	0	0	1000	100	0	0	1001	0	0	0	0	0	0	1002	24	24	24	24	14	0	0	0	0	0
8171	1	虚无碑-第1关	10012	0	f_shouhu.txt	21	1	10000	10000	1	1	1	1	0	30108	0	0	31109	0	817101	600	30	0	0	817101	170	171	0	0	144	5	471	0	0	0	1000	100	0	0	1001	0	0	0	0	0	0	1002	24	24	24	24	15	1	0	0	0	0
8172	1	虚无碑-第2关	10012	0	f_shouhu.txt	21	1	10000	10000	1	1	1	1	0	30108	0	0	31109	0	817201	600	30	0	0	817201	171	172	0	0	144	5	472	0	0	0	1000	100	0	0	1001	0	0	0	0	0	0	1002	24	24	24	24	15	1	0	0	0	0
8173	1	虚无碑-第3关	10012	0	f_shouhu.txt	21	1	10000	10000	1	1	1	1	0	30108	0	0	31109	0	817301	600	30	0	0	817301	172	173	0	0	144	5	473	0	0	0	1000	100	0	0	1001	0	0	0	0	0	0	1002	24	24	24	24	15	1	0	0	0	0
8174	1	虚无碑-第4关	10012	0	f_shouhu.txt	21	1	10000	10000	1	1	1	1	0	30108	0	0	31109	0	817401	600	30	0	0	817401	173	174	0	0	144	5	474	0	0	0	1000	100	0	0	1001	0	0	0	0	0	0	1002	24	24	24	24	16	2	0	0	0	0
8175	1	虚无碑-第5关	10012	0	f_shouhu.txt	21	1	10000	10000	1	1	1	1	0	30108	0	0	31109	0	817501	600	30	0	0	817501	174	175	0	0	144	5	475	0	0	0	1000	100	0	0	1001	0	0	0	0	0	0	1002	24	24	24	24	16	2	0	0	0	0
8176	1	虚无碑-第6关	10012	0	f_shouhu.txt	21	1	10000	10000	1	1	1	1	0	30108	0	0	31109	0	817601	600	30	0	0	817601	175	176	0	0	144	5	476	0	0	0	1000	100	0	0	1001	0	0	0	0	0	0	1002	24	24	24	24	16	2	0	0	0	0
8177	1	虚无碑-第7关	10012	0	f_shouhu.txt	21	1	10000	10000	1	1	1	1	0	30108	0	0	31109	0	817701	600	30	0	0	817701	176	177	0	0	144	5	477	0	0	0	1000	100	0	0	1001	0	0	0	0	0	0	1002	24	24	24	24	17	3	0	0	0	0
8178	1	虚无碑-第8关	10012	0	f_shouhu.txt	21	1	10000	10000	1	1	1	1	0	30108	0	0	31109	0	817801	600	30	0	0	817801	177	178	0	0	144	5	478	0	0	0	1000	100	0	0	1001	0	0	0	0	0	0	1002	24	24	24	24	17	3	0	0	0	0
8179	1	虚无碑-第9关	10012	0	f_shouhu.txt	21	1	10000	10000	1	1	1	1	0	30108	0	0	31109	0	817901	600	30	0	0	817901	178	179	0	0	144	5	479	0	0	0	1000	100	0	0	1001	0	0	0	0	0	0	1002	24	24	24	24	17	3	0	0	0	0
8180	1	虚无碑-第10关	10012	0	f_shouhu.txt	21	1	10000	10000	1	1	1	1	0	30108	0	0	31109	0	818001	600	30	0	0	818001	179	180	0	0	144	5	480	0	0	0	1000	100	0	0	1001	0	0	0	0	0	0	1002	24	24	24	24	18	4	0	0	0	0
8181	1	劫炎碑-第1关	10012	0	f_yuanjiang.txt	11	1	10000	10000	1	1	1	1	0	30108	0	0	31109	0	818101	600	30	0	0	818101	180	181	0	0	144	5	481	0	0	0	1000	100	0	0	1001	0	0	0	0	0	0	1002	24	24	24	24	18	4	0	0	0	0
8182	1	劫炎碑-第2关	10012	0	f_yuanjiang.txt	11	1	10000	10000	1	1	1	1	0	30108	0	0	31109	0	818201	600	30	0	0	818201	181	182	0	0	144	5	482	0	0	0	1000	100	0	0	1001	0	0	0	0	0	0	1002	24	24	24	24	18	4	0	0	0	0
8183	1	劫炎碑-第3关	10012	0	f_yuanjiang.txt	11	1	10000	10000	1	1	1	1	0	30108	0	0	31109	0	818301	600	30	0	0	818301	182	183	0	0	144	5	483	0	0	0	1000	100	0	0	1001	0	0	0	0	0	0	1002	24	24	24	24	19	5	0	0	0	0
8184	1	劫炎碑-第4关	10012	0	f_yuanjiang.txt	11	1	10000	10000	1	1	1	1	0	30108	0	0	31109	0	818401	600	30	0	0	818401	183	184	0	0	144	5	484	0	0	0	1000	100	0	0	1001	0	0	0	0	0	0	1002	24	24	24	24	19	5	0	0	0	0
8185	1	劫炎碑-第5关	10012	0	f_yuanjiang.txt	11	1	10000	10000	1	1	1	1	0	30108	0	0	31109	0	818501	600	30	0	0	818501	184	185	0	0	144	5	485	0	0	0	1000	100	0	0	1001	0	0	0	0	0	0	1002	24	24	24	24	19	5	0	0	0	0
8186	1	劫炎碑-第6关	10012	0	f_yuanjiang.txt	11	1	10000	10000	1	1	1	1	0	30108	0	0	31109	0	818601	600	30	0	0	818601	185	186	0	0	144	5	486	0	0	0	1000	100	0	0	1001	0	0	0	0	0	0	1002	24	24	24	24	20	9	0	0	0	0
8187	1	劫炎碑-第7关	10012	0	f_yuanjiang.txt	11	1	10000	10000	1	1	1	1	0	30108	0	0	31109	0	818701	600	30	0	0	818701	186	187	0	0	144	5	487	0	0	0	1000	100	0	0	1001	0	0	0	0	0	0	1002	24	24	24	24	20	9	0	0	0	0
8188	1	劫炎碑-第8关	10012	0	f_yuanjiang.txt	11	1	10000	10000	1	1	1	1	0	30108	0	0	31109	0	818801	600	30	0	0	818801	187	188	0	0	144	5	488	0	0	0	1000	100	0	0	1001	0	0	0	0	0	0	1002	24	24	24	24	20	9	0	0	0	0
8189	1	劫炎碑-第9关	10012	0	f_yuanjiang.txt	11	1	10000	10000	1	1	1	1	0	30108	0	0	31109	0	818901	600	30	0	0	818901	188	189	0	0	144	5	489	0	0	0	1000	100	0	0	1001	0	0	0	0	0	0	1002	24	24	24	24	21	10	0	0	0	0
8190	1	劫炎碑-第10关	10012	0	f_yuanjiang.txt	11	1	10000	10000	1	1	1	1	0	30108	0	0	31109	0	819001	600	30	0	0	819001	189	190	0	0	144	5	490	0	0	0	1000	100	0	0	1001	0	0	0	0	0	0	1002	24	24	24	24	21	10	0	0	0	0
8191	1	战天碑-第1关	10012	0	f_mijing.txt	26	1	10000	10000	1	1	1	1	0	30108	0	0	31109	0	819101	600	30	0	0	819101	190	191	0	0	144	5	491	0	0	0	1000	100	0	0	1001	0	0	0	0	0	0	1002	24	24	24	24	21	10	0	0	0	0
8192	1	战天碑-第2关	10012	0	f_mijing.txt	26	1	10000	10000	1	1	1	1	0	30108	0	0	31109	0	819201	600	30	0	0	819201	191	192	0	0	144	5	492	0	0	0	1000	100	0	0	1001	0	0	0	0	0	0	1002	24	24	24	24	22	12	0	0	0	0
8193	1	战天碑-第3关	10012	0	f_mijing.txt	26	1	10000	10000	1	1	1	1	0	30108	0	0	31109	0	819301	600	30	0	0	819301	192	193	0	0	144	5	493	0	0	0	1000	100	0	0	1001	0	0	0	0	0	0	1002	24	24	24	24	22	12	0	0	0	0
8194	1	战天碑-第4关	10012	0	f_mijing.txt	26	1	10000	10000	1	1	1	1	0	30108	0	0	31109	0	819401	600	30	0	0	819401	193	194	0	0	144	5	494	0	0	0	1000	100	0	0	1001	0	0	0	0	0	0	1002	24	24	24	24	22	12	0	0	0	0
8195	1	战天碑-第5关	10012	0	f_mijing.txt	26	1	10000	10000	1	1	1	1	0	30108	0	0	31109	0	819501	600	30	0	0	819501	194	195	0	0	144	5	495	0	0	0	1000	100	0	0	1001	0	0	0	0	0	0	1002	24	24	24	24	23	13	0	0	0	0
8196	1	战天碑-第6关	10012	0	f_mijing.txt	26	1	10000	10000	1	1	1	1	0	30108	0	0	31109	0	819601	600	30	0	0	819601	195	196	0	0	144	5	496	0	0	0	1000	100	0	0	1001	0	0	0	0	0	0	1002	24	24	24	24	23	13	0	0	0	0
8197	1	战天碑-第7关	10012	0	f_mijing.txt	26	1	10000	10000	1	1	1	1	0	30108	0	0	31109	0	819701	600	30	0	0	819701	196	197	0	0	144	5	497	0	0	0	1000	100	0	0	1001	0	0	0	0	0	0	1002	24	24	24	24	23	13	0	0	0	0
8198	1	战天碑-第8关	10012	0	f_mijing.txt	26	1	10000	10000	1	1	1	1	0	30108	0	0	31109	0	819801	600	30	0	0	819801	197	198	0	0	144	5	498	0	0	0	1000	100	0	0	1001	0	0	0	0	0	0	1002	24	24	24	24	24	14	0	0	0	0
8199	1	战天碑-第9关	10012	0	f_mijing.txt	26	1	10000	10000	1	1	1	1	0	30108	0	0	31109	0	819901	600	30	0	0	819901	198	199	0	0	144	5	499	0	0	0	1000	100	0	0	1001	0	0	0	0	0	0	1002	24	24	24	24	24	14	0	0	0	0
8200	1	战天碑-第10关	10012	0	f_mijing.txt	26	1	10000	10000	1	1	1	1	0	30108	0	0	31109	0	820001	600	30	0	0	820001	199	250	0	0	144	5	500	0	0	0	1000	100	0	0	1001	0	0	0	0	0	0	1002	24	24	24	24	24	14	0	0	0	0
8201	1	飞虹碑-第1关	10012	0	f_xingkong.txt	23	1	10000	10000	1	1	1	1	0	30108	0	0	31109	0	820101	600	30	0	0	820101	250	261	0	0	144	5	501	0	0	0	1000	100	0	0	1001	0	0	0	0	0	0	1002	24	24	24	24	24	15	1	0	0	0
8202	1	飞虹碑-第2关	10012	0	f_xingkong.txt	23	1	10000	10000	1	1	1	1	0	30108	0	0	31109	0	820201	600	30	0	0	820201	261	262	0	0	144	5	502	0	0	0	1000	100	0	0	1001	0	0	0	0	0	0	1002	24	24	24	24	24	15	1	0	0	0
8203	1	飞虹碑-第3关	10012	0	f_xingkong.txt	23	1	10000	10000	1	1	1	1	0	30108	0	0	31109	0	820301	600	30	0	0	820301	262	263	0	0	144	5	503	0	0	0	1000	100	0	0	1001	0	0	0	0	0	0	1002	24	24	24	24	24	15	1	0	0	0
8204	1	飞虹碑-第4关	10012	0	f_xingkong.txt	23	1	10000	10000	1	1	1	1	0	30108	0	0	31109	0	820401	600	30	0	0	820401	263	264	0	0	144	5	504	0	0	0	1000	100	0	0	1001	0	0	0	0	0	0	1002	24	24	24	24	24	16	2	0	0	0
8205	1	飞虹碑-第5关	10012	0	f_xingkong.txt	23	1	10000	10000	1	1	1	1	0	30108	0	0	31109	0	820501	600	30	0	0	820501	264	265	0	0	144	5	505	0	0	0	1000	100	0	0	1001	0	0	0	0	0	0	1002	24	24	24	24	24	16	2	0	0	0
8206	1	飞虹碑-第6关	10012	0	f_xingkong.txt	23	1	10000	10000	1	1	1	1	0	30108	0	0	31109	0	820601	600	30	0	0	820601	265	266	0	0	144	5	506	0	0	0	1000	100	0	0	1001	0	0	0	0	0	0	1002	24	24	24	24	24	16	2	0	0	0
8207	1	飞虹碑-第7关	10012	0	f_xingkong.txt	23	1	10000	10000	1	1	1	1	0	30108	0	0	31109	0	820701	600	30	0	0	820701	266	267	0	0	144	5	507	0	0	0	1000	100	0	0	1001	0	0	0	0	0	0	1002	24	24	24	24	24	17	3	0	0	0
8208	1	飞虹碑-第8关	10012	0	f_xingkong.txt	23	1	10000	10000	1	1	1	1	0	30108	0	0	31109	0	820801	600	30	0	0	820801	267	268	0	0	144	5	508	0	0	0	1000	100	0	0	1001	0	0	0	0	0	0	1002	24	24	24	24	24	17	3	0	0	0
8209	1	飞虹碑-第9关	10012	0	f_xingkong.txt	23	1	10000	10000	1	1	1	1	0	30108	0	0	31109	0	820901	600	30	0	0	820901	268	269	0	0	144	5	509	0	0	0	1000	100	0	0	1001	0	0	0	0	0	0	1002	24	24	24	24	24	17	3	0	0	0
8210	1	飞虹碑-第10关	10012	0	f_xingkong.txt	23	1	10000	10000	1	1	1	1	0	30108	0	0	31109	0	821001	600	30	0	0	821001	269	270	0	0	144	5	510	0	0	0	1000	100	0	0	1001	0	0	0	0	0	0	1002	24	24	24	24	24	18	4	0	0	0
8211	1	琉焰碑-第1关	10012	0	f_shouhu.txt	21	1	10000	10000	1	1	1	1	0	30108	0	0	31109	0	821101	600	30	0	0	821101	270	271	0	0	144	5	511	0	0	0	1000	100	0	0	1001	0	0	0	0	0	0	1002	24	24	24	24	24	18	4	0	0	0
8212	1	琉焰碑-第2关	10012	0	f_shouhu.txt	21	1	10000	10000	1	1	1	1	0	30108	0	0	31109	0	821201	600	30	0	0	821201	271	272	0	0	144	5	512	0	0	0	1000	100	0	0	1001	0	0	0	0	0	0	1002	24	24	24	24	24	18	4	0	0	0
8213	1	琉焰碑-第3关	10012	0	f_shouhu.txt	21	1	10000	10000	1	1	1	1	0	30108	0	0	31109	0	821301	600	30	0	0	821301	272	273	0	0	144	5	513	0	0	0	1000	100	0	0	1001	0	0	0	0	0	0	1002	24	24	24	24	24	19	5	0	0	0
8214	1	琉焰碑-第4关	10012	0	f_shouhu.txt	21	1	10000	10000	1	1	1	1	0	30108	0	0	31109	0	821401	600	30	0	0	821401	273	274	0	0	144	5	514	0	0	0	1000	100	0	0	1001	0	0	0	0	0	0	1002	24	24	24	24	24	19	5	0	0	0
8215	1	琉焰碑-第5关	10012	0	f_shouhu.txt	21	1	10000	10000	1	1	1	1	0	30108	0	0	31109	0	821501	600	30	0	0	821501	274	275	0	0	144	5	515	0	0	0	1000	100	0	0	1001	0	0	0	0	0	0	1002	24	24	24	24	24	19	5	0	0	0
8216	1	琉焰碑-第6关	10012	0	f_shouhu.txt	21	1	10000	10000	1	1	1	1	0	30108	0	0	31109	0	821601	600	30	0	0	821601	275	276	0	0	144	5	516	0	0	0	1000	100	0	0	1001	0	0	0	0	0	0	1002	24	24	24	24	24	20	9	0	0	0
8217	1	琉焰碑-第7关	10012	0	f_shouhu.txt	21	1	10000	10000	1	1	1	1	0	30108	0	0	31109	0	821701	600	30	0	0	821701	276	277	0	0	144	5	517	0	0	0	1000	100	0	0	1001	0	0	0	0	0	0	1002	24	24	24	24	24	20	9	0	0	0
8218	1	琉焰碑-第8关	10012	0	f_shouhu.txt	21	1	10000	10000	1	1	1	1	0	30108	0	0	31109	0	821801	600	30	0	0	821801	277	278	0	0	144	5	518	0	0	0	1000	100	0	0	1001	0	0	0	0	0	0	1002	24	24	24	24	24	20	9	0	0	0
8219	1	琉焰碑-第9关	10012	0	f_shouhu.txt	21	1	10000	10000	1	1	1	1	0	30108	0	0	31109	0	821901	600	30	0	0	821901	278	279	0	0	144	5	519	0	0	0	1000	100	0	0	1001	0	0	0	0	0	0	1002	24	24	24	24	24	21	10	0	0	0
8220	1	琉焰碑-第10关	10012	0	f_shouhu.txt	21	1	10000	10000	1	1	1	1	0	30108	0	0	31109	0	822001	600	30	0	0	822001	279	280	0	0	144	5	520	0	0	0	1000	100	0	0	1001	0	0	0	0	0	0	1002	24	24	24	24	24	21	10	0	0	0
8221	1	霓霞碑-第1关	10012	0	f_yunshi.txt	40	1	10000	10000	1	1	1	1	0	30108	0	0	31109	0	822101	600	30	0	0	822101	280	281	0	0	144	5	521	0	0	0	1000	100	0	0	1001	0	0	0	0	0	0	1002	24	24	24	24	24	21	10	0	0	0
8222	1	霓霞碑-第2关	10012	0	f_yunshi.txt	40	1	10000	10000	1	1	1	1	0	30108	0	0	31109	0	822201	600	30	0	0	822201	281	282	0	0	144	5	522	0	0	0	1000	100	0	0	1001	0	0	0	0	0	0	1002	24	24	24	24	24	22	12	0	0	0
8223	1	霓霞碑-第3关	10012	0	f_yunshi.txt	40	1	10000	10000	1	1	1	1	0	30108	0	0	31109	0	822301	600	30	0	0	822301	282	283	0	0	144	5	523	0	0	0	1000	100	0	0	1001	0	0	0	0	0	0	1002	24	24	24	24	24	22	12	0	0	0
8224	1	霓霞碑-第4关	10012	0	f_yunshi.txt	40	1	10000	10000	1	1	1	1	0	30108	0	0	31109	0	822401	600	30	0	0	822401	283	284	0	0	144	5	524	0	0	0	1000	100	0	0	1001	0	0	0	0	0	0	1002	24	24	24	24	24	22	12	0	0	0
8225	1	霓霞碑-第5关	10012	0	f_yunshi.txt	40	1	10000	10000	1	1	1	1	0	30108	0	0	31109	0	822501	600	30	0	0	822501	284	285	0	0	144	5	525	0	0	0	1000	100	0	0	1001	0	0	0	0	0	0	1002	24	24	24	24	24	23	13	0	0	0
8226	1	霓霞碑-第6关	10012	0	f_yunshi.txt	40	1	10000	10000	1	1	1	1	0	30108	0	0	31109	0	822601	600	30	0	0	822601	285	286	0	0	144	5	526	0	0	0	1000	100	0	0	1001	0	0	0	0	0	0	1002	24	24	24	24	24	23	13	0	0	0
8227	1	霓霞碑-第7关	10012	0	f_yunshi.txt	40	1	10000	10000	1	1	1	1	0	30108	0	0	31109	0	822701	600	30	0	0	822701	286	287	0	0	144	5	527	0	0	0	1000	100	0	0	1001	0	0	0	0	0	0	1002	24	24	24	24	24	23	13	0	0	0
8228	1	霓霞碑-第8关	10012	0	f_yunshi.txt	40	1	10000	10000	1	1	1	1	0	30108	0	0	31109	0	822801	600	30	0	0	822801	287	288	0	0	144	5	528	0	0	0	1000	100	0	0	1001	0	0	0	0	0	0	1002	24	24	24	24	24	24	14	0	0	0
8229	1	霓霞碑-第9关	10012	0	f_yunshi.txt	40	1	10000	10000	1	1	1	1	0	30108	0	0	31109	0	822901	600	30	0	0	822901	288	289	0	0	144	5	529	0	0	0	1000	100	0	0	1001	0	0	0	0	0	0	1002	24	24	24	24	24	24	14	0	0	0
8230	1	霓霞碑-第10关	10012	0	f_yunshi.txt	40	1	10000	10000	1	1	1	1	0	30108	0	0	31109	0	823001	600	30	0	0	823001	289	290	0	0	144	5	530	0	0	0	1000	100	0	0	1001	0	0	0	0	0	0	1002	24	24	24	24	24	24	14	0	0	0
8231	1	XX4-第1关	10012	0	f_shenmogumu.txt	38	1	10000	10000	1	1	1	1	0	30108	0	0	31109	0	823101	600	30	0	0	823101	290	291	0	0	144	5	531	0	0	0	1000	100	0	0	1001	0	0	0	0	0	0	1002	24	24	24	24	24	21	15	1	0	0
8232	1	XX4-第2关	10012	0	f_shenmogumu.txt	38	1	10000	10000	1	1	1	1	0	30108	0	0	31109	0	823201	600	30	0	0	823201	291	292	0	0	144	5	532	0	0	0	1000	100	0	0	1001	0	0	0	0	0	0	1002	24	24	24	24	24	22	16	2	0	0
8233	1	XX4-第3关	10012	0	f_shenmogumu.txt	38	1	10000	10000	1	1	1	1	0	30108	0	0	31109	0	823301	600	30	0	0	823301	292	293	0	0	144	5	533	0	0	0	1000	100	0	0	1001	0	0	0	0	0	0	1002	24	24	24	24	24	22	17	3	0	0
8234	1	XX4-第4关	10012	0	f_shenmogumu.txt	38	1	10000	10000	1	1	1	1	0	30108	0	0	31109	0	823401	600	30	0	0	823401	293	294	0	0	144	5	534	0	0	0	1000	100	0	0	1001	0	0	0	0	0	0	1002	24	24	24	24	24	22	18	4	0	0
8235	1	XX4-第5关	10012	0	f_shenmogumu.txt	38	1	10000	10000	1	1	1	1	0	30108	0	0	31109	0	823501	600	30	0	0	823501	294	295	0	0	144	5	535	0	0	0	1000	100	0	0	1001	0	0	0	0	0	0	1002	24	24	24	24	24	23	19	5	0	0
8236	1	XX4-第6关	10012	0	f_shenmogumu.txt	38	1	10000	10000	1	1	1	1	0	30108	0	0	31109	0	823601	600	30	0	0	823601	295	296	0	0	144	5	536	0	0	0	1000	100	0	0	1001	0	0	0	0	0	0	1002	24	24	24	24	24	23	20	9	0	0
8237	1	XX4-第7关	10012	0	f_shenmogumu.txt	38	1	10000	10000	1	1	1	1	0	30108	0	0	31109	0	823701	600	30	0	0	823701	296	297	0	0	144	5	537	0	0	0	1000	100	0	0	1001	0	0	0	0	0	0	1002	24	24	24	24	24	23	21	12	0	0
8238	1	XX4-第8关	10012	0	f_shenmogumu.txt	38	1	10000	10000	1	1	1	1	0	30108	0	0	31109	0	823801	600	30	0	0	823801	297	298	0	0	144	5	538	0	0	0	1000	100	0	0	1001	0	0	0	0	0	0	1002	24	24	24	24	24	24	22	14	0	0
8239	1	XX4-第9关	10012	0	f_shenmogumu.txt	38	1	10000	10000	1	1	1	1	0	30108	0	0	31109	0	823901	600	30	0	0	823901	298	299	0	0	144	5	539	0	0	0	1000	100	0	0	1001	0	0	0	0	0	0	1002	24	24	24	24	24	24	23	16	0	0
8240	1	XX4-第10关	10012	0	f_shenmogumu.txt	38	1	10000	10000	1	1	1	1	0	30108	0	0	31109	0	824001	600	30	0	0	824001	299	300	0	0	144	5	540	0	0	0	1000	100	0	0	1001	0	0	0	0	0	0	1002	24	24	24	24	24	24	24	20	0	0
9001	1	封魔塔	10009	0	fengmota.txt	18	1	10000	10000	1	1	1	1	90000095	0	0	0	0	0	900101	30000	30	0	0	900101	0	207	0	0	144	0	0	90012000	0	0	1000	100	0	0	1001	0	0	0	0	0	0	0	0	0	0	0	0	0	0	0	0	0
9002	1	封魔塔	10009	0	fengmota.txt	18	1	10000	10000	1	1	1	1	90000095	0	0	0	0	0	900201	30000	30	0	0	900201	0	207	0	0	144	0	0	90012000	0	0	1000	100	0	0	1001	0	0	0	0	0	0	0	0	0	0	0	0	0	0	0	0	0
9003	1	封魔塔	10009	0	fengmota.txt	18	1	10000	10000	1	1	1	1	90000095	0	0	0	0	0	900301	30000	30	0	0	900301	0	207	0	0	144	0	0	90012000	0	0	1000	100	0	0	1001	0	0	0	0	0	0	0	0	0	0	0	0	0	0	0	0	0
9004	1	封魔塔	10009	0	fengmota.txt	18	1	10000	10000	1	1	1	1	90000095	0	0	0	0	0	900401	30000	30	0	0	900401	0	207	0	0	144	0	0	90012000	0	0	1000	100	0	0	1001	0	0	0	0	0	0	0	0	0	0	0	0	0	0	0	0	0
9005	1	封魔塔	10009	0	fengmota.txt	18	1	10000	10000	1	1	1	1	90000095	0	0	0	0	0	900501	30000	30	0	0	900501	0	207	0	0	144	0	0	90012000	0	0	1000	100	0	0	1001	0	0	0	0	0	0	0	0	0	0	0	0	0	0	0	0	0
9006	1	封魔塔	10009	0	fengmota.txt	18	1	10000	10000	1	1	1	1	90000095	0	0	0	0	0	900601	30000	30	0	0	900601	0	207	0	0	144	0	0	90012000	0	0	1000	100	0	0	1001	0	0	0	0	0	0	0	0	0	0	0	0	0	0	0	0	0
9007	1	封魔塔	10009	0	fengmota.txt	18	1	10000	10000	1	1	1	1	90000095	0	0	0	0	0	900701	30000	30	0	0	900701	0	207	0	0	144	0	0	90012000	0	0	1000	100	0	0	1001	0	0	0	0	0	0	0	0	0	0	0	0	0	0	0	0	0
9008	1	封魔塔	10009	0	fengmota.txt	18	1	10000	10000	1	1	1	1	90000095	0	0	0	0	0	900801	30000	30	0	0	900801	0	207	0	0	144	0	0	90012000	0	0	1000	100	0	0	1001	0	0	0	0	0	0	0	0	0	0	0	0	0	0	0	0	0
9009	1	封魔塔	10009	0	fengmota.txt	18	1	10000	10000	1	1	1	1	90000095	0	0	0	0	0	900901	30000	30	0	0	900901	0	207	0	0	144	0	0	90012000	0	0	1000	100	0	0	1001	0	0	0	0	0	0	0	0	0	0	0	0	0	0	0	0	0
9010	1	封魔塔	10009	0	fengmota.txt	18	1	10000	10000	1	1	1	1	90000095	0	0	0	0	0	901001	30000	30	0	0	901001	0	207	0	0	144	0	0	90012000	0	0	1000	100	0	0	1001	0	0	0	0	0	0	0	0	0	0	0	0	0	0	0	0	0
9011	1	封魔塔	10009	0	fengmota.txt	18	1	10000	10000	1	1	1	1	90000095	0	0	0	0	0	901101	30000	30	0	0	901101	0	207	0	0	144	0	0	90012000	0	0	1000	100	0	0	1001	0	0	0	0	0	0	0	0	0	0	0	0	0	0	0	0	0
9012	1	封魔塔	10009	0	fengmota.txt	18	1	10000	10000	1	1	1	1	90000095	0	0	0	0	0	901201	30000	30	0	0	901201	0	207	0	0	144	0	0	90012000	0	0	1000	100	0	0	1001	0	0	0	0	0	0	0	0	0	0	0	0	0	0	0	0	0
9013	1	封魔塔	10009	0	fengmota.txt	18	1	10000	10000	1	1	1	1	90000095	0	0	0	0	0	901301	30000	30	0	0	901301	0	207	0	0	144	0	0	90012000	0	0	1000	100	0	0	1001	0	0	0	0	0	0	0	0	0	0	0	0	0	0	0	0	0
9014	1	封魔塔	10009	0	fengmota.txt	18	1	10000	10000	1	1	1	1	90000095	0	0	0	0	0	901401	30000	30	0	0	901401	0	207	0	0	144	0	0	90012000	0	0	1000	100	0	0	1001	0	0	0	0	0	0	0	0	0	0	0	0	0	0	0	0	0
9015	1	封魔塔	10009	0	fengmota.txt	18	1	10000	10000	1	1	1	1	90000095	0	0	0	0	0	901501	30000	30	0	0	901501	0	207	0	0	144	0	0	90012000	0	0	1000	100	0	0	1001	0	0	0	0	0	0	0	0	0	0	0	0	0	0	0	0	0
9016	1	封魔塔	10009	0	fengmota.txt	18	1	10000	10000	1	1	1	1	90000095	0	0	0	0	0	901601	30000	30	0	0	901601	0	207	0	0	144	0	0	90012000	0	0	1000	100	0	0	1001	0	0	0	0	0	0	0	0	0	0	0	0	0	0	0	0	0
9017	1	封魔塔	10009	0	fengmota.txt	18	1	10000	10000	1	1	1	1	90000095	0	0	0	0	0	901701	30000	30	0	0	901701	0	207	0	0	144	0	0	90012000	0	0	1000	100	0	0	1001	0	0	0	0	0	0	0	0	0	0	0	0	0	0	0	0	0
9018	1	封魔塔	10009	0	fengmota.txt	18	1	10000	10000	1	1	1	1	90000095	0	0	0	0	0	901801	30000	30	0	0	901801	0	207	0	0	144	0	0	90012000	0	0	1000	100	0	0	1001	0	0	0	0	0	0	0	0	0	0	0	0	0	0	0	0	0
9019	1	封魔塔	10009	0	fengmota.txt	18	1	10000	10000	1	1	1	1	90000095	0	0	0	0	0	901901	30000	30	0	0	901901	0	207	0	0	144	0	0	90012000	0	0	1000	100	0	0	1001	0	0	0	0	0	0	0	0	0	0	0	0	0	0	0	0	0
9020	1	封魔塔	10009	0	fengmota.txt	18	1	10000	10000	1	1	1	1	90000095	0	0	0	0	0	902001	30000	30	0	0	902001	0	207	0	0	144	0	0	90012000	0	0	1000	100	0	0	1001	0	0	0	0	0	0	0	0	0	0	0	0	0	0	0	0	0
