群组ID	有效值	死亡触发事件ID	公共掉落ID	单人掉落ID	是否为群组巡逻	成员个数	成员ID1	成员ID2	成员ID3	成员ID4	成员ID5	成员ID6	成员ID7	成员ID8	成员ID9	成员ID10	成员ID11	成员ID12	成员ID13	成员ID14	成员ID15	成员ID16	成员ID17	成员ID18	成员ID19	成员ID20
301101001	1	0	0	0	0	3	301101001	301101002	301101003																	
301102001	1	0	0	0	0	4	301102001	301102002	301102003	301102004																
301103001	1	0	0	0	0	11	301103001	301103002	301103003	301103004	301103005	301103006	301103007	301103008	301103009	301103010	301103011									
301104001	1	0	0	0	0	3	301104001	301104002	301104003																	
301105001	1	0	0	0	0	12	301105001	301105002	301105003	301105004	301105005	301105006	301105007	301105008	301105009	301105010	301105011	301105012								
301106001	1	0	0	0	0	4	301106001	301106002	301106003	301106004																
301107001	1	0	0	0	0	8	301107001	301107002	301107003	301107004	301107005	301107006	301107007	301107008												
301108001	1	0	0	0	0	8	301108001	301108002	301108003	301108004	301108005	301108006	301108007	301108008												
301109001	1	0	0	0	0	17	301109001	301109002	301109003	301109004	301109005	301109006	301109007	301109008	301109009	301109010	301109011	301109012	301109013	301109014	301109015	301109016	301109017			
301110001	1	0	0	0	0	1	301110001																			
301101001	1	30110002	0	0	0	4	301101001	301101002	301101003	301101004																
301102001	1	30110003	0	0	0	4	301102001	301102002	301102003	301102004																
301103001	1	30110005	0	0	0	3	301103001	301103002	301103003																	
301104001	1	30110006	0	0	0	1	301104001																			
301105001	1	30110001	0	0	0	1	301105001																			
301106001	1	0	0	0	0	4	301106001	301106002	301106003	301106004																
301107001	1	0	0	0	0	4	301107001	301107002	301107003	301107004																
301108001	1	0	0	0	0	9	301108001	301108002	301108003	301108004	301108005	301108006	301108007	301108008	301108009											
301100003	1	30110020	0	0	0	2	301100003	301100004																		
301100005	1	30110022	0	0	0	3	301100005	301100006	301100007																	
301100008	1	30110023	0	0	0	3	301100008	301100009	301100010																	
301100011	1	30110025	0	0	0	3	301100011	301100012	301100013																	
301100016	1	30110026	0	0	0	3	301100016	301100017	301100018																	
301100019	1	30110027	0	0	0	4	301100019	301100020	301100021	301100022																
301200002	1	30120002	0	0	0	5	301200002	301200003	301200004	301200005	301200006															
301200012	1	30120003	0	0	0	2	301200012	301200013																		
301200014	1	30120005	0	0	0	5	301200014	301200016	301200017	301200018	301200019															
301200025	1	30120006	0	0	0	2	301200025	301200026																		
301200028	1	30120008	0	0	0	5	301200028	301200029	301200030	301200031	301200032															
301200038	1	30120009	0	0	0	5	301200038	301200039	301200040	301200041	301200042															
301200043	1	30120010	0	0	0	3	301200043	301200044	301200045																	
301200046	1	30120011	0	0	0	5	301200046	301200047	301200048	301200049	301200050															
301200051	1	30120013	0	0	0	5	301200051	301200052	301200053	301200054	301200055															
301200061	1	30120014	0	0	0	3	301200061	301200062	301200063																	
301200064	1	30120017	0	0	0	1	301200064																			
301200065	1	30120015	0	0	0	1	301200065																			
301200066	1	0	0	0	0	6	301200066	301200067	301200068	301200069	301200070	301200071														
301300003	1	30130020	0	0	0	2	301300003	301300004																		
301300005	1	30130022	0	0	0	2	301300005	301300006																		
301300009	1	30130023	0	0	0	2	301300009	301300010																		
301300011	1	30130025	0	0	0	2	301300011	301300012																		
301300016	1	30130026	0	0	0	3	301300016	301300017	301300018																	
301300019	1	30130028	0	0	0	3	301300019	301300020	301300021																	
301300026	1	30130029	0	0	0	3	301300026	301300027	301300028																	
301300030	1	30130031	0	0	0	4	301300030	301300031	301300032	301300033																
301300038	1	30130032	0	0	0	5	301300038	301300039	301300040	301300041	301300042															
301300043	1	30130034	0	0	0	5	301300043	301300044	301300045	301300046	301300047															
301400001	1	30140001	0	0	0	5	301400001	301400002	301400003	301400004	301400005															
301400006	1	30140002	0	0	0	5	301400006	301400007	301400008	301400009	301400010															
301400011	1	30140003	0	0	0	1	301400011																			
301400012	1	30140004	0	0	0	5	301400012	301400013	301400014	301400015	301400016															
301400017	1	30140005	0	0	0	5	301400017	301400018	301400019	301400020	301400021															
301400022	1	30140006	0	0	0	1	301400022																			
301400023	1	30140007	0	0	0	10	301400023	301400024	301400025	301400026	301400027	301400028	301400029	301400030	301400031	301400032										
301400033	1	30140009	0	0	0	2	301400033	301400034																		
301400035	1	30140012	0	0	0	1	301400035																			
301400036	1	30140015	0	0	0	6	301400036	301400037	301400038	301400039	301400040	301400041														
301500003	1	30150020	0	0	0	2	301500003	301500004																		
301500005	1	30150022	0	0	0	3	301500005	301500006	301500007																	
301500008	1	30150023	0	0	0	3	301500008	301500009	301500010																	
301500011	1	30150025	0	0	0	3	301500011	301500012	301500013																	
301500016	1	30150026	0	0	0	3	301500016	301500017	301500018																	
301500019	1	30150028	0	0	0	4	301500019	301500020	301500021	301500022																
301500026	1	30150029	0	0	0	4	301500026	301500027	301500028	301500029																
301500030	1	30150031	0	0	0	4	301500030	301500031	301500032	301500033																
301500038	1	30150032	0	0	0	5	301500038	301500039	301500040	301500041	301500042															
301500043	1	30150034	0	0	0	5	301500043	301500044	301500045	301500046	301500047															
301600002	1	30160002	0	0	0	5	301600002	301600003	301600004	301600005	301600006															
301600012	1	30160003	0	0	0	2	301600012	301600013																		
301600014	1	30160005	0	0	0	5	301600014	301600016	301600017	301600018	301600019															
301600025	1	30160006	0	0	0	2	301600025	301600026																		
301600028	1	30160008	0	0	0	5	301600028	301600029	301600030	301600031	301600032															
301600038	1	30160009	0	0	0	5	301600038	301600039	301600040	301600041	301600042															
301600043	1	30160010	0	0	0	3	301600043	301600044	301600045																	
301600046	1	30160011	0	0	0	5	301600046	301600047	301600048	301600049	301600050															
301600051	1	30160013	0	0	0	5	301600051	301600052	301600053	301600054	301600055															
301600061	1	30160014	0	0	0	3	301600061	301600062	301600063																	
301600064	1	30160017	0	0	0	1	301600064																			
301600065	1	30160015	0	0	0	1	301600065																			
301600066	1	0	0	0	0	6	301600066	301600067	301600068	301600069	301600070	301600071														
301700003	1	30170020	0	0	0	2	301700003	301700004																		
301700005	1	30170022	0	0	0	2	301700005	301700006																		
301700009	1	30170023	0	0	0	2	301700009	301700010																		
301700011	1	30170025	0	0	0	2	301700011	301700012																		
301700016	1	30170026	0	0	0	3	301700016	301700017	301700018																	
301700019	1	30170028	0	0	0	3	301700019	301700020	301700021																	
301700026	1	30170029	0	0	0	3	301700026	301700027	301700028																	
301700030	1	30170031	0	0	0	4	301700030	301700031	301700032	301700033																
301700038	1	30170032	0	0	0	5	301700038	301700039	301700040	301700041	301700042															
301700043	1	30170034	0	0	0	5	301700043	301700044	301700045	301700046	301700047															
301800001	1	30180001	0	0	0	5	301800001	301800002	301800003	301800004	301800005															
301800006	1	30180002	0	0	0	5	301800006	301800007	301800008	301800009	301800010															
301800011	1	30180003	0	0	0	1	301800011																			
301800012	1	30180004	0	0	0	5	301800012	301800013	301800014	301800015	301800016															
301800017	1	30180005	0	0	0	5	301800017	301800018	301800019	301800020	301800021															
301800022	1	30180006	0	0	0	1	301800022																			
301800023	1	30180007	0	0	0	10	301800023	301800024	301800025	301800026	301800027	301800028	301800029	301800030	301800031	301800032										
301800033	1	30180009	0	0	0	2	301800033	301800034																		
301800035	1	30180012	0	0	0	1	301800035																			
301800036	1	30180015	0	0	0	6	301800036	301800037	301800038	301800039	301800040	301800041														
301900003	1	30190020	0	0	0	2	301900003	301900004																		
301900005	1	30190022	0	0	0	3	301900005	301900006	301900007																	
301900008	1	30190023	0	0	0	3	301900008	301900009	301900010																	
301900011	1	30190025	0	0	0	3	301900011	301900012	301900013																	
301900016	1	30190026	0	0	0	3	301900016	301900017	301900018																	
301900019	1	30190027	0	0	0	4	301900019	301900020	301900021	301900022																
310100001	1	31010001	0	0	0	4	310100001	310100002	310100003	310100004																
310100005	1	31010002	0	0	0	4	310100005	310100006	310100007	310100008																
310100009	1	31010003	0	0	0	8	310100009	310100010	310100011	310100012	310100013	310100014	310100015	310100016												
310100017	1	31010004	0	0	0	4	310100017	310100018	310100019	310100020																
310100021	1	31010005	0	0	0	8	310100021	310100022	310100023	310100024	310100025	310100026	310100027	310100028												
310100029	1	31010006	0	0	0	1	310100029																			
310200008	1	31020001	0	0	0	9	310200008	310200009	310200010	310200011	310200012	310200013	310200014	310200015	310200016											
310200017	1	31020002	0	0	0	12	310200017	310200018	310200019	310200020	310200021	310200022	310200023	310200024	310200025	310200026	310200027	310200028								
310200029	1	31020003	0	0	0	7	310200029	310200030	310200031	310200032	310200033	310200034	310200035													
310200036	1	31020004	0	0	0	1	310200036																			
310300004	1	31030001	0	0	0	9	310300004	310300005	310300006	310300007	310300008	310300009	310300010	310300011	310300012											
310300014	1	31030002	0	0	0	4	310300014	310300016	310300017	310300018																
310300019	1	31030003	0	0	0	5	310300019	310300020	310300021	310300022	310300023															
310300024	1	31030004	0	0	0	11	310300024	310300025	310300026	310300027	310300028	310300029	310300030	310300031	310300032	310300033	310300034									
310400003	1	31040001	0	0	0	7	310400003	310400004	310400005	310400006	310400007	310400008	310400009													
310400014	1	31040002	0	0	0	8	310400014	310400015	310400016	310400017	310400018	310400019	310400020	310400021												
310400027	1	31040003	0	0	0	7	310400027	310400028	310400029	310400030	310400031	310400032	310400033													
310400010	1	31040004	0	0	0	6	310400010	310400011	310400023	310400024	310400025	310400026														
310400036	1	31040005	0	0	0	1	310400036																			
310500001	1	31050001	0	0	0	4	310500001	310500002	310500003	310500004																
310500005	1	31050002	0	0	0	4	310500005	310500006	310500007	310500008																
310500009	1	31050003	0	0	0	8	310500009	310500010	310500011	310500012	310500013	310500014	310500015	310500016												
310500017	1	31050004	0	0	0	4	310500017	310500018	310500019	310500020																
310500021	1	31050005	0	0	0	8	310500021	310500022	310500023	310500024	310500025	310500026	310500027	310500028												
310500029	1	31050006	0	0	0	1	310500029																			
310600001	1	31060001	0	0	0	4	310600001	310600002	310600003	310600004																
310600005	1	31060002	0	0	0	4	310600005	310600006	310600007	310600008																
310600009	1	31060003	0	0	0	8	310600009	310600010	310600011	310600012	310600013	310600014	310600015	310600016												
310600017	1	31060004	0	0	0	4	310600017	310600018	310600019	310600020																
310600021	1	31060005	0	0	0	8	310600021	310600022	310600023	310600024	310600025	310600026	310600027	310600028												
310600029	1	31060006	0	0	0	1	310600029																			
310700001	1	31070001	0	0	0	4	310700001	310700002	310700003	310700004																
310700005	1	31070002	0	0	0	4	310700005	310700006	310700007	310700008																
310700009	1	31070003	0	0	0	8	310700009	310700010	310700011	310700012	310700013	310700014	310700015	310700016												
310700017	1	31070004	0	0	0	4	310700017	310700018	310700019	310700020																
310700021	1	31070005	0	0	0	8	310700021	310700022	310700023	310700024	310700025	310700026	310700027	310700028												
310700029	1	31070006	0	0	0	1	310700029																			
310800001	1	31080001	0	0	0	4	310800001	310800002	310800003	310800004																
310800005	1	31080002	0	0	0	4	310800005	310800006	310800007	310800008																
310800009	1	31080003	0	0	0	8	310800009	310800010	310800011	310800012	310800013	310800014	310800015	310800016												
310800017	1	31080004	0	0	0	4	310800017	310800018	310800019	310800020																
310800021	1	31080005	0	0	0	8	310800021	310800022	310800023	310800024	310800025	310800026	310800027	310800028												
310800029	1	31080006	0	0	0	1	310800029																			
320101001	1	63202001	0	0	0	10	320101001	320101002	320101003	320101004	320101005	320101006	320101007	320101008	320101009	320101010										
320102001	1	63202002	0	0	0	11	320102001	320102002	320102003	320102004	320102005	320102006	320102007	320102008	320102009	320102010	320102011									
320103001	1	63202003	0	0	0	10	320103001	320103002	320103003	320103004	320103005	320103006	320103007	320103008	320103009	320103010										
320104001	1	63202004	0	0	0	10	320104001	320104002	320104003	320104004	320104005	320104006	320104007	320104008	320104009	320104010										
320105001	1	63202005	0	0	0	11	320105001	320105002	320105003	320105004	320105005	320105006	320105007	320105008	320105009	320105010	320105011									
320106001	1	63202006	0	0	0	10	320106001	320106002	320106003	320106004	320106005	320106006	320106007	320106008	320106009	320106010										
320107001	1	63202007	0	0	0	10	320107001	320107002	320107003	320107004	320107005	320107006	320107007	320107008	320107009	320107010										
320108001	1	63202008	0	0	0	12	320108001	320108002	320108003	320108004	320108005	320108006	320108007	320108008	320108009	320108010	320108011	320108012								
320109001	1	63202009	0	0	0	12	320109001	320109002	320109003	320109004	320109005	320109006	320109007	320109008	320109009	320109010	320109011	320109012								
320110001	1	63202010	0	0	0	1	320110001																			
320100007	1	63202012	0	0	0	1	320100007																			
320100011	1	0	0	0	0	3	320100011	320100012	320100013																	
320200005	1	32020001	0	0	0	1	320200005																			
320200006	1	32020002	0	0	0	6	320200006	320200007	320200008	320200009	320200010	320200011														
320200012	1	32020003	0	0	0	7	320200012	320200013	320200014	320200015	320200016	320200017	320200018													
320200019	1	32020004	0	0	0	8	320200019	320200020	320200021	320200022	320200023	320200024	320200025	320200026												
320200027	1	32020005	0	0	0	8	320200027	320200028	320200029	320200030	320200031	320200032	320200033	320200034												
320200035	1	32020006	0	0	0	6	320200035	320200036	320200037	320200038	320200039	320200040														
320200041	1	32020007	0	0	0	14	320200041	320200042	320200043	320200044	320200045	320200046	320200047	320200048	320200049	320200050	320200051	320200052	320200053	320200054						
320300001	1	63030003	0	0	0	18	320300001	320300002	320300003	320300004	320300005	320300006	320300007	320300008	320300011	320300012	320300013	320300014	320300015	320300016	320300017	320300018	320301001	320301002		
320300010	1	0	0	0	0	18	320300010	320300020	320300021	320300022	320300023	320300024	320300025	320300026	320300027	320300028	320300029	320300030	320300031	320300032	320300033	320300034	320300035	320301003		
320400006	1	32040021	0	0	0	5	320400006	320400007	320400008	320400009	320400010															
320400011	1	32040022	0	0	0	5	320400011	320400012	320400013	320400014	320400015															
320400016	1	32040023	0	0	0	5	320400016	320400017	320400018	320400019	320400020															
320400021	1	32040024	0	0	0	5	320400021	320400022	320400023	320400024	320400025															
320400026	1	32040025	0	0	0	5	320400026	320400027	320400028	320400029	320400030															
320300043	1	0	0	0	0	9	320300009	320300036	320300037	320300038	320300039	320300040	320300041	320300042	320300043											
340100004	1	34010002	0	0	0	6	340100004	340100005	340100006	340100007	340100008	340100009														
340100011	1	34010003	0	0	0	6	340100011	340100012	340100013	340100014	340100015	340100016														
340100017	1	34010004	0	0	0	1	340100017																			
340100019	1	34010005	0	0	0	6	340100019	340100020	340100021	340100022	340100023	340100024														
340100025	1	34010006	0	0	0	7	340100025	340100026	340100027	340100028	340100029	340100030	340100031													
340100032	1	34010007	0	0	0	1	340100032																			
340100034	1	34010009	0	0	0	6	340100034	340100035	340100036	340100037	340100038	340100039														
340100041	1	34010010	0	0	0	6	340100041	340100042	340100043	340100044	340100045	340100046														
340100047	1	34010011	0	0	0	1	340100047																			
340100049	1	34010012	0	0	0	6	340100049	340100050	340100051	340100052	340100053	340100054														
340100055	1	34010013	0	0	0	3	340100055	340100056	340100057																	
340100059	1	34010016	0	0	0	7	340100059	340100060	340100061	340100062	340100063	340100064	340100065													
340100066	1	0	0	0	0	10	340100066	340100067	340100068	340100069	340100070	340100071	340100072	340100073	340100074	340100075										
340100076	1	34010018	0	0	0	1	340100076																			
340100077	1	0	0	0	0	2	340100077	340100078																		
340100080	1	0	0	0	0	1	340100080																			
340100081	1	0	0	0	0	4	340100081	340100082	340100083	340100084																
340100085	1	34010023	0	0	0	1	340100085																			
340100086	1	34010022	0	0	0	4	340100086	340100087	340100088	340100089																
340100090	1	34010025	0	0	0	3	340100090	340100095	340100096																	
340100091	1	0	0	0	0	4	340100091	340100092	340100093	340100094																
340100098	1	0	0	0	0	7	340100098	340100099	340100100	340100101	340100102	340100103	340100104													
340100105	1	34010028	0	0	0	7	340100105	340100106	340100107	340100108	340100109	340100110	340100111													
340100112	1	34010030	0	0	0	2	340100112	340100113																		
340100114	1	0	0	0	0	3	340100114	340100115	340100116																	
340200004	1	34020002	0	0	0	6	340200004	340200005	340200006	340200007	340200008	340200009														
340200011	1	34020003	0	0	0	6	340200011	340200012	340200013	340200014	340200015	340200016														
340200017	1	34020004	0	0	0	1	340200017																			
340200019	1	34020005	0	0	0	6	340200019	340200020	340200021	340200022	340200023	340200024														
340200025	1	34020006	0	0	0	7	340200025	340200026	340200027	340200028	340200029	340200030	340200031													
340200032	1	34020007	0	0	0	1	340200032																			
340200034	1	34020009	0	0	0	6	340200034	340200035	340200036	340200037	340200038	340200039														
340200041	1	34020010	0	0	0	6	340200041	340200042	340200043	340200044	340200045	340200046														
340200047	1	34020011	0	0	0	1	340200047																			
340200049	1	34020012	0	0	0	6	340200049	340200050	340200051	340200052	340200053	340200054														
340200055	1	34020013	0	0	0	3	340200055	340200056	340200057																	
340200059	1	34020016	0	0	0	7	340200059	340200060	340200061	340200062	340200063	340200064	340200065													
340200066	1	0	0	0	0	10	340200066	340200067	340200068	340200069	340200070	340200071	340200072	340200073	340200074	340200075										
340200076	1	34020018	0	0	0	1	340200076																			
340200077	1	0	0	0	0	2	340200077	340200078																		
340200080	1	0	0	0	0	1	340200080																			
340200081	1	0	0	0	0	4	340200081	340200082	340200083	340200084																
340200085	1	34020023	0	0	0	1	340200085																			
340200086	1	34020022	0	0	0	4	340200086	340200087	340200088	340200089																
340200090	1	34020025	0	0	0	3	340200090	340200095	340200096																	
340200091	1	0	0	0	0	4	340200091	340200092	340200093	340200094																
340200098	1	0	0	0	0	7	340200098	340200099	340200100	340200101	340200102	340200103	340200104													
340200105	1	34020028	0	0	0	7	340200105	340200106	340200107	340200108	340200109	340200110	340200111													
340200112	1	34020030	0	0	0	2	340200112	340200113																		
340200114	1	0	0	0	0	3	340200114	340200115	340200116																	
340300004	1	34030002	0	0	0	6	340300004	340300005	340300006	340300007	340300008	340300009														
340300011	1	34030003	0	0	0	6	340300011	340300012	340300013	340300014	340300015	340300016														
340300017	1	34030004	0	0	0	1	340300017																			
340300019	1	34030005	0	0	0	6	340300019	340300020	340300021	340300022	340300023	340300024														
340300025	1	34030006	0	0	0	7	340300025	340300026	340300027	340300028	340300029	340300030	340300031													
340300032	1	34030007	0	0	0	1	340300032																			
340300034	1	34030009	0	0	0	6	340300034	340300035	340300036	340300037	340300038	340300039														
340300041	1	34030010	0	0	0	6	340300041	340300042	340300043	340300044	340300045	340300046														
340300047	1	34030011	0	0	0	1	340300047																			
340300049	1	34030012	0	0	0	6	340300049	340300050	340300051	340300052	340300053	340300054														
340300055	1	34030013	0	0	0	3	340300055	340300056	340300057																	
340300059	1	34030016	0	0	0	7	340300059	340300060	340300061	340300062	340300063	340300064	340300065													
340300066	1	0	0	0	0	10	340300066	340300067	340300068	340300069	340300070	340300071	340300072	340300073	340300074	340300075										
340300076	1	34030018	0	0	0	1	340300076																			
340300077	1	0	0	0	0	2	340300077	340300078																		
340300080	1	0	0	0	0	1	340300080																			
340300081	1	0	0	0	0	4	340300081	340300082	340300083	340300084																
340300085	1	34030023	0	0	0	1	340300085																			
340300086	1	34030022	0	0	0	4	340300086	340300087	340300088	340300089																
340300090	1	34030025	0	0	0	3	340300090	340300095	340300096																	
340300091	1	0	0	0	0	4	340300091	340300092	340300093	340300094																
340300098	1	0	0	0	0	7	340300098	340300099	340300100	340300101	340300102	340300103	340300104													
340300105	1	34030028	0	0	0	7	340300105	340300106	340300107	340300108	340300109	340300110	340300111													
340300112	1	34030030	0	0	0	2	340300112	340300113																		
340300114	1	0	0	0	0	3	340300114	340300115	340300116																	
340400004	1	34040002	0	0	0	6	340400004	340400005	340400006	340400007	340400008	340400009														
340400011	1	34040003	0	0	0	6	340400011	340400012	340400013	340400014	340400015	340400016														
340400017	1	34040004	0	0	0	1	340400017																			
340400019	1	34040005	0	0	0	6	340400019	340400020	340400021	340400022	340400023	340400024														
340400025	1	34040006	0	0	0	7	340400025	340400026	340400027	340400028	340400029	340400030	340400031													
340400032	1	34040007	0	0	0	1	340400032																			
340400034	1	34040009	0	0	0	6	340400034	340400035	340400036	340400037	340400038	340400039														
340400041	1	34040010	0	0	0	6	340400041	340400042	340400043	340400044	340400045	340400046														
340400047	1	34040011	0	0	0	1	340400047																			
340400049	1	34040012	0	0	0	6	340400049	340400050	340400051	340400052	340400053	340400054														
340400055	1	34040013	0	0	0	3	340400055	340400056	340400057																	
340400059	1	34040016	0	0	0	7	340400059	340400060	340400061	340400062	340400063	340400064	340400065													
340400066	1	0	0	0	0	10	340400066	340400067	340400068	340400069	340400070	340400071	340400072	340400073	340400074	340400075										
340400076	1	34040018	0	0	0	1	340400076																			
340400077	1	0	0	0	0	2	340400077	340400078																		
340400080	1	0	0	0	0	1	340400080																			
340400081	1	0	0	0	0	4	340400081	340400082	340400083	340400084																
340400085	1	34040023	0	0	0	1	340400085																			
340400086	1	34040022	0	0	0	4	340400086	340400087	340400088	340400089																
340400090	1	34040025	0	0	0	3	340400090	340400095	340400096																	
340400091	1	0	0	0	0	4	340400091	340400092	340400093	340400094																
340400098	1	0	0	0	0	7	340400098	340400099	340400100	340400101	340400102	340400103	340400104													
340400105	1	34040028	0	0	0	7	340400105	340400106	340400107	340400108	340400109	340400110	340400111													
340400112	1	34040030	0	0	0	2	340400112	340400113																		
340400114	1	0	0	0	0	3	340400114	340400115	340400116																	
340500004	1	34050002	0	0	0	6	340500004	340500005	340500006	340500007	340500008	340500009														
340500011	1	34050003	0	0	0	6	340500011	340500012	340500013	340500014	340500015	340500016														
340500017	1	34050004	0	0	0	1	340500017																			
340500019	1	34050005	0	0	0	6	340500019	340500020	340500021	340500022	340500023	340500024														
340500025	1	34050006	0	0	0	7	340500025	340500026	340500027	340500028	340500029	340500030	340500031													
340500032	1	34050007	0	0	0	1	340500032																			
340500034	1	34050009	0	0	0	6	340500034	340500035	340500036	340500037	340500038	340500039														
340500041	1	34050010	0	0	0	6	340500041	340500042	340500043	340500044	340500045	340500046														
340500047	1	34050011	0	0	0	1	340500047																			
340500049	1	34050012	0	0	0	6	340500049	340500050	340500051	340500052	340500053	340500054														
340500055	1	34050013	0	0	0	3	340500055	340500056	340500057																	
340500059	1	34050016	0	0	0	7	340500059	340500060	340500061	340500062	340500063	340500064	340500065													
340500066	1	0	0	0	0	10	340500066	340500067	340500068	340500069	340500070	340500071	340500072	340500073	340500074	340500075										
340500076	1	34050018	0	0	0	1	340500076																			
340500077	1	0	0	0	0	2	340500077	340500078																		
340500080	1	0	0	0	0	1	340500080																			
340500081	1	0	0	0	0	4	340500081	340500082	340500083	340500084																
340500085	1	34050023	0	0	0	1	340500085																			
340500086	1	34050022	0	0	0	4	340500086	340500087	340500088	340500089																
340500090	1	34050025	0	0	0	3	340500090	340500095	340500096																	
340500091	1	0	0	0	0	4	340500091	340500092	340500093	340500094																
340500098	1	0	0	0	0	7	340500098	340500099	340500100	340500101	340500102	340500103	340500104													
340500105	1	34050028	0	0	0	7	340500105	340500106	340500107	340500108	340500109	340500110	340500111													
340500112	1	34050030	0	0	0	2	340500112	340500113																		
340500114	1	0	0	0	0	3	340500114	340500115	340500116																	
340600004	1	34060002	0	0	0	6	340600004	340600005	340600006	340600007	340600008	340600009														
340600011	1	34060003	0	0	0	6	340600011	340600012	340600013	340600014	340600015	340600016														
340600017	1	34060004	0	0	0	1	340600017																			
340600019	1	34060005	0	0	0	6	340600019	340600020	340600021	340600022	340600023	340600024														
340600025	1	34060006	0	0	0	7	340600025	340600026	340600027	340600028	340600029	340600030	340600031													
340600032	1	34060007	0	0	0	1	340600032																			
340600034	1	34060009	0	0	0	6	340600034	340600035	340600036	340600037	340600038	340600039														
340600041	1	34060010	0	0	0	6	340600041	340600042	340600043	340600044	340600045	340600046														
340600047	1	34060011	0	0	0	1	340600047																			
340600049	1	34060012	0	0	0	6	340600049	340600050	340600051	340600052	340600053	340600054														
340600055	1	34060013	0	0	0	3	340600055	340600056	340600057																	
340600059	1	34060016	0	0	0	7	340600059	340600060	340600061	340600062	340600063	340600064	340600065													
340600066	1	0	0	0	0	10	340600066	340600067	340600068	340600069	340600070	340600071	340600072	340600073	340600074	340600075										
340600076	1	34060018	0	0	0	1	340600076																			
340600077	1	0	0	0	0	2	340600077	340600078																		
340600080	1	0	0	0	0	1	340600080																			
340600081	1	0	0	0	0	4	340600081	340600082	340600083	340600084																
340600085	1	34060023	0	0	0	1	340600085																			
340600086	1	34060022	0	0	0	4	340600086	340600087	340600088	340600089																
340600090	1	34060025	0	0	0	3	340600090	340600095	340600096																	
340600091	1	0	0	0	0	4	340600091	340600092	340600093	340600094																
340600098	1	0	0	0	0	7	340600098	340600099	340600100	340600101	340600102	340600103	340600104													
340600105	1	34060028	0	0	0	7	340600105	340600106	340600107	340600108	340600109	340600110	340600111													
340600112	1	34060030	0	0	0	2	340600112	340600113																		
340600114	1	0	0	0	0	3	340600114	340600115	340600116																	
340700004	1	34070002	0	0	0	6	340700004	340700005	340700006	340700007	340700008	340700009														
340700011	1	34070003	0	0	0	6	340700011	340700012	340700013	340700014	340700015	340700016														
340700017	1	34070004	0	0	0	1	340700017																			
340700019	1	34070005	0	0	0	6	340700019	340700020	340700021	340700022	340700023	340700024														
340700025	1	34070006	0	0	0	7	340700025	340700026	340700027	340700028	340700029	340700030	340700031													
340700032	1	34070007	0	0	0	1	340700032																			
340700034	1	34070009	0	0	0	6	340700034	340700035	340700036	340700037	340700038	340700039														
340700041	1	34070010	0	0	0	6	340700041	340700042	340700043	340700044	340700045	340700046														
340700047	1	34070011	0	0	0	1	340700047																			
340700049	1	34070012	0	0	0	6	340700049	340700050	340700051	340700052	340700053	340700054														
340700055	1	34070013	0	0	0	3	340700055	340700056	340700057																	
340700059	1	34070016	0	0	0	7	340700059	340700060	340700061	340700062	340700063	340700064	340700065													
340700066	1	0	0	0	0	10	340700066	340700067	340700068	340700069	340700070	340700071	340700072	340700073	340700074	340700075										
340700076	1	34070018	0	0	0	1	340700076																			
340700077	1	0	0	0	0	2	340700077	340700078																		
340700080	1	0	0	0	0	1	340700080																			
340700081	1	0	0	0	0	4	340700081	340700082	340700083	340700084																
340700085	1	34070023	0	0	0	1	340700085																			
340700086	1	34070022	0	0	0	4	340700086	340700087	340700088	340700089																
340700090	1	34070025	0	0	0	3	340700090	340700095	340700096																	
340700091	1	0	0	0	0	4	340700091	340700092	340700093	340700094																
340700098	1	0	0	0	0	7	340700098	340700099	340700100	340700101	340700102	340700103	340700104													
340700105	1	34070028	0	0	0	7	340700105	340700106	340700107	340700108	340700109	340700110	340700111													
340700112	1	34070030	0	0	0	2	340700112	340700113																		
340700114	1	0	0	0	0	3	340700114	340700115	340700116																	
340800004	1	34080002	0	0	0	6	340800004	340800005	340800006	340800007	340800008	340800009														
340800011	1	34080003	0	0	0	6	340800011	340800012	340800013	340800014	340800015	340800016														
340800017	1	34080004	0	0	0	1	340800017																			
340800019	1	34080005	0	0	0	6	340800019	340800020	340800021	340800022	340800023	340800024														
340800025	1	34080006	0	0	0	7	340800025	340800026	340800027	340800028	340800029	340800030	340800031													
340800032	1	34080007	0	0	0	1	340800032																			
340800034	1	34080009	0	0	0	6	340800034	340800035	340800036	340800037	340800038	340800039														
340800041	1	34080010	0	0	0	6	340800041	340800042	340800043	340800044	340800045	340800046														
340800047	1	34080011	0	0	0	1	340800047																			
340800049	1	34080012	0	0	0	6	340800049	340800050	340800051	340800052	340800053	340800054														
340800055	1	34080013	0	0	0	3	340800055	340800056	340800057																	
340800059	1	34080016	0	0	0	7	340800059	340800060	340800061	340800062	340800063	340800064	340800065													
340800066	1	0	0	0	0	10	340800066	340800067	340800068	340800069	340800070	340800071	340800072	340800073	340800074	340800075										
340800076	1	34080018	0	0	0	1	340800076																			
340800077	1	0	0	0	0	2	340800077	340800078																		
340800080	1	0	0	0	0	1	340800080																			
340800081	1	0	0	0	0	4	340800081	340800082	340800083	340800084																
340800085	1	34080023	0	0	0	1	340800085																			
340800086	1	34080022	0	0	0	4	340800086	340800087	340800088	340800089																
340800090	1	34080025	0	0	0	3	340800090	340800095	340800096																	
340800091	1	0	0	0	0	4	340800091	340800092	340800093	340800094																
340800098	1	0	0	0	0	7	340800098	340800099	340800100	340800101	340800102	340800103	340800104													
340800105	1	34080028	0	0	0	7	340800105	340800106	340800107	340800108	340800109	340800110	340800111													
340800112	1	34080030	0	0	0	2	340800112	340800113																		
340800114	1	0	0	0	0	3	340800114	340800115	340800116																	
360100005	1	0	0	0	0	4	360100005	360100006	360100007	360100008																
360100009	1	36010101	0	0	0	1	360100009																			
360200005	1	0	0	0	0	4	360200005	360200006	360200007	360200008																
360200009	1	36020101	0	0	0	1	360200009																			
360300005	1	0	0	0	0	4	360300005	360300006	360300007	360300008																
360300009	1	36030101	0	0	0	1	360300009																			
360400005	1	0	0	0	0	4	360400005	360400006	360400007	360400008																
360400009	1	36040101	0	0	0	1	360400009																			
360500005	1	0	0	0	0	4	360500005	360500006	360500007	360500008																
360500009	1	36050101	0	0	0	1	360500009																			
360600005	1	0	0	0	0	4	360600005	360600006	360600007	360600008																
360600009	1	36060101	0	0	0	1	360600009																			
360700005	1	0	0	0	0	4	360700005	360700006	360700007	360700008																
360700009	1	36070101	0	0	0	1	360700009																			
410300101	1	4103007	0	0	0	3	410300011	410300012	410300013																	
410300102	1	4103008	0	0	0	3	410300014	410300015	410300016																	
410300103	1	4103009	0	0	0	3	410300017	410300018	410300019																	
410300104	1	4103010	0	0	0	3	410300020	410300021	410300022																	
420000003	1	0	0	0	0	4	420000003	420000004	420000005	420000006																
420000011	1	42000009	0	0	0	4	420000011	420000012	420000013	420000015																
420000007	1	0	0	0	0	3	420000007	420000009	420000010																	
420000016	1	0	0	0	0	3	420000016	420000018	420000019																	
420000020	1	42000008	0	0	0	3	420000020	420000022	420000023																	
420000033	1	42000001	0	0	0	2	420000033	420000014																		
420000036	1	42000005	0	0	0	6	420000036	420000017	420000021	420000024	420000027	420000029														
420000043	1	42000007	510130	0	0	2	420000043	420000044																		
420000045	1	0	0	0	0	1	420000045																			
420000037	1	0	0	0	0	4	420000037	420000038	420000039	420000040																
420000031	1	42000002	0	0	0	2	420000031	420000034																		
420100003	1	0	0	0	0	4	420100003	420100004	420100005	420100006																
420100011	1	42010009	0	0	0	4	420100011	420100012	420100013	420100015																
420100007	1	0	0	0	0	3	420100007	420100009	420100010																	
420100016	1	0	0	0	0	3	420100016	420100018	420100019																	
420100020	1	42010008	0	0	0	3	420100020	420100022	420100023																	
420100033	1	42010001	0	0	0	2	420100033	420100014																		
420100036	1	42010005	0	0	0	6	420100036	420100017	420100021	420100024	420100027	420100029														
420100043	1	42010007	0	0	0	2	420100043	420100044																		
420100045	1	0	0	0	0	1	420100045																			
420100037	1	0	0	0	0	4	420100037	420100038	420100039	420100040																
420100031	1	42010002	0	0	0	2	420100031	420100034																		
420300001	1	0	0	0	0	6	420300001	420300002	420300003	420300004	420300016	420300047														
420300020	1	42030006	0	0	0	16	420300020	420300021	420300022	420300023	420300024	420300025	420300026	420300027	420300028	420300029	420300030	420300031	420300032	420300033	420300034	420300035				
420300005	1	42030001	0	0	0	9	420300005	420300006	420300007	420300008	420300009	420300010	420300011	420300012	420300013											
420300014	1	42030007	0	0	0	13	420300014	420300015	420300036	420300037	420300038	420300039	420300040	420300041	420300042	420300043	420300044	420300045	420300046							
420300048	1	42030002	0	0	0	11	420300048	420300049	420300050	420300065	420300066	420300067	420300068	420300069	420300070	420300071	420300072									
420300061	1	0	0	0	0	2	420300061	420300062																		
420300051	1	42030003	0	0	0	1	420300051																			
420300081	1	42030008	0	0	0	10	420300081	420300082	420300083	420300084	420300085	420300086	420300087	420300088	420300089	420300090										
420300018	1	42030004	0	0	0	1	420300018																			
602000008	1	60200001	0	0	0	7	602000008	602000009	602000010	602000011	602000012	602000013	602000014													
602000017	1	60200002	0	0	0	20	602000017	602000018	602000019	602000020	602000021	602000022	602000023	602000024	602000025	602000026	602000027	602000028	602000029	602000030	602000031	602000032	602000033	602000034	602000035	602000036
602000037	1	60200003	0	0	0	1	602000037																			
701000001	1	70100001	0	0	0	5	701000001	701000002	701000003	701000004	701000005															
701000011	1	70100002	0	0	0	5	701000011	701000012	701000013	701000014	701000015															
701000021	1	70100003	0	0	0	5	701000021	701000022	701000023	701000024	701000025															
701000031	1	70100004	0	0	0	5	701000031	701000032	701000033	701000034	701000035															
701000041	1	70100005	0	0	0	2	701000041	701000042																		
701000043	1	70100009	0	0	0	5	701000043	701000044	701000045	701000046	701000047															
701000053	1	70100010	0	0	0	5	701000053	701000054	701000055	701000056	701000057															
701000063	1	70100006	0	0	0	1	701000063																			
701000064	1	70100012	0	0	0	5	701000064	701000065	701000066	701000067	701000068															
701000074	1	70100011	0	0	0	5	701000074	701000075	701000076	701000077	701000078															
701000084	1	70100007	0	0	0	1	701000084																			
701000085	1	70100013	0	0	0	5	701000085	701000086	701000087	701000088	701000089															
701000095	1	70100014	0	0	0	10	701000095	701000096	701000097	701000098	701000099	701000100	701000101	701000102	701000103	701000104										
701000105	1	70100008	0	0	0	1	701000105																			
900100001	1	0	0	0	0	1	900101001																			
900101001	1	0	0	0	0	3	900101002	900101003	900101004																	
900101002	1	0	0	0	0	4	900101005	900101006	900101007	900102001																
900102001	1	0	0	0	0	3	900102002	900102003	900102004																	
900102002	1	0	0	0	0	4	900102005	900102006	900102007	900103001																
900103001	1	0	0	0	0	3	900103002	900103003	900103004																	
900103002	1	0	0	0	0	3	900103005	900103006	900104001																	
900104001	1	0	0	0	0	3	900104002	900104003	900104004																	
900104002	1	0	0	0	0	5	900104005	900104006	900104007	900104008	900105001															
900105001	1	0	0	0	0	3	900105002	900105003	900105004																	
900105002	1	0	0	0	0	7	900105005	900105006	900105007	900105008	900105009	900105010	900106001													
900106001	1	0	0	0	0	3	900106002	900106003	900106004																	
900106002	1	0	0	0	0	4	900106005	900106006	900106007	900107001																
900107001	1	0	0	0	0	3	900107002	900107003	900107004																	
900107002	1	0	0	0	0	4	900107005	900107006	900107007	900108001																
900108001	1	0	0	0	0	5	900108002	900108003	900108004	900108005	900108014															
900108002	1	0	0	0	0	3	900108006	900108007	900109001																	
900109001	1	0	0	0	0	4	900109002	900109003	900109004	900109005																
900109002	1	0	0	0	0	4	900109006	900109007	900109008	900110001																
900110001	1	0	0	0	0	1	900110002																			
900200001	1	0	0	0	0	1	900201001																			
900201001	1	0	0	0	0	3	900201002	900201003	900201004																	
900201002	1	0	0	0	0	4	900201005	900201006	900201007	900202001																
900202001	1	0	0	0	0	3	900202002	900202003	900202004																	
900202002	1	0	0	0	0	4	900202005	900202006	900202007	900203001																
900203001	1	0	0	0	0	3	900203002	900203003	900203004																	
900203002	1	0	0	0	0	3	900203005	900203006	900204001																	
900204001	1	0	0	0	0	3	900204002	900204003	900204004																	
900204002	1	0	0	0	0	5	900204005	900204006	900204007	900204008	900205001															
900205001	1	0	0	0	0	3	900205002	900205003	900205004																	
900205002	1	0	0	0	0	7	900205005	900205006	900205007	900205008	900205009	900205010	900206001													
900206001	1	0	0	0	0	3	900206002	900206003	900206004																	
900206002	1	0	0	0	0	4	900206005	900206006	900206007	900207001																
900207001	1	0	0	0	0	3	900207002	900207003	900207004																	
900207002	1	0	0	0	0	4	900207005	900207006	900207007	900208001																
900208001	1	0	0	0	0	5	900208002	900208003	900208004	900208005	900208014															
900208002	1	0	0	0	0	3	900208006	900208007	900209001																	
900209001	1	0	0	0	0	4	900209002	900209003	900209004	900209005																
900209002	1	0	0	0	0	4	900209006	900209007	900209008	900210001																
900210001	1	0	0	0	0	1	900210002																			
900300001	1	0	0	0	0	1	900301001																			
900301001	1	0	0	0	0	3	900301002	900301003	900301004																	
900301002	1	0	0	0	0	4	900301005	900301006	900301007	900302001																
900302001	1	0	0	0	0	3	900302002	900302003	900302004																	
900302002	1	0	0	0	0	4	900302005	900302006	900302007	900303001																
900303001	1	0	0	0	0	3	900303002	900303003	900303004																	
900303002	1	0	0	0	0	3	900303005	900303006	900304001																	
900304001	1	0	0	0	0	3	900304002	900304003	900304004																	
900304002	1	0	0	0	0	5	900304005	900304006	900304007	900304008	900305001															
900305001	1	0	0	0	0	3	900305002	900305003	900305004																	
900305002	1	0	0	0	0	7	900305005	900305006	900305007	900305008	900305009	900305010	900306001													
900306001	1	0	0	0	0	3	900306002	900306003	900306004																	
900306002	1	0	0	0	0	4	900306005	900306006	900306007	900307001																
900307001	1	0	0	0	0	3	900307002	900307003	900307004																	
900307002	1	0	0	0	0	4	900307005	900307006	900307007	900308001																
900308001	1	0	0	0	0	5	900308002	900308003	900308004	900308005	900308014															
900308002	1	0	0	0	0	3	900308006	900308007	900309001																	
900309001	1	0	0	0	0	4	900309002	900309003	900309004	900309005																
900309002	1	0	0	0	0	4	900309006	900309007	900309008	900310001																
900310001	1	0	0	0	0	1	900310002																			
900400001	1	0	0	0	0	1	900401001																			
900401001	1	0	0	0	0	3	900401002	900401003	900401004																	
900401002	1	0	0	0	0	4	900401005	900401006	900401007	900402001																
900402001	1	0	0	0	0	3	900402002	900402003	900402004																	
900402002	1	0	0	0	0	4	900402005	900402006	900402007	900403001																
900403001	1	0	0	0	0	3	900403002	900403003	900403004																	
900403002	1	0	0	0	0	3	900403005	900403006	900404001																	
900404001	1	0	0	0	0	3	900404002	900404003	900404004																	
900404002	1	0	0	0	0	5	900404005	900404006	900404007	900404008	900405001															
900405001	1	0	0	0	0	3	900405002	900405003	900405004																	
900405002	1	0	0	0	0	7	900405005	900405006	900405007	900405008	900405009	900405010	900406001													
900406001	1	0	0	0	0	3	900406002	900406003	900406004																	
900406002	1	0	0	0	0	4	900406005	900406006	900406007	900407001																
900407001	1	0	0	0	0	3	900407002	900407003	900407004																	
900407002	1	0	0	0	0	4	900407005	900407006	900407007	900408001																
900408001	1	0	0	0	0	5	900408002	900408003	900408004	900408005	900408014															
900408002	1	0	0	0	0	3	900408006	900408007	900409001																	
900409001	1	0	0	0	0	4	900409002	900409003	900409004	900409005																
900409002	1	0	0	0	0	4	900409006	900409007	900409008	900410001																
900410001	1	0	0	0	0	1	900410002																			
900500001	1	0	0	0	0	1	900501001																			
900501001	1	0	0	0	0	3	900501002	900501003	900501004																	
900501002	1	0	0	0	0	4	900501005	900501006	900501007	900502001																
900502001	1	0	0	0	0	3	900502002	900502003	900502004																	
900502002	1	0	0	0	0	4	900502005	900502006	900502007	900503001																
900503001	1	0	0	0	0	3	900503002	900503003	900503004																	
900503002	1	0	0	0	0	3	900503005	900503006	900504001																	
900504001	1	0	0	0	0	3	900504002	900504003	900504004																	
900504002	1	0	0	0	0	5	900504005	900504006	900504007	900504008	900505001															
900505001	1	0	0	0	0	3	900505002	900505003	900505004																	
900505002	1	0	0	0	0	7	900505005	900505006	900505007	900505008	900505009	900505010	900506001													
900506001	1	0	0	0	0	3	900506002	900506003	900506004																	
900506002	1	0	0	0	0	4	900506005	900506006	900506007	900507001																
900507001	1	0	0	0	0	3	900507002	900507003	900507004																	
900507002	1	0	0	0	0	4	900507005	900507006	900507007	900508001																
900508001	1	0	0	0	0	5	900508002	900508003	900508004	900508005	900508014															
900508002	1	0	0	0	0	3	900508006	900508007	900509001																	
900509001	1	0	0	0	0	4	900509002	900509003	900509004	900509005																
900509002	1	0	0	0	0	4	900509006	900509007	900509008	900510001																
900510001	1	0	0	0	0	1	900510002																			
900600001	1	0	0	0	0	1	900601001																			
900601001	1	0	0	0	0	3	900601002	900601003	900601004																	
900601002	1	0	0	0	0	4	900601005	900601006	900601007	900602001																
900602001	1	0	0	0	0	3	900602002	900602003	900602004																	
900602002	1	0	0	0	0	4	900602005	900602006	900602007	900603001																
900603001	1	0	0	0	0	3	900603002	900603003	900603004																	
900603002	1	0	0	0	0	3	900603005	900603006	900604001																	
900604001	1	0	0	0	0	3	900604002	900604003	900604004																	
900604002	1	0	0	0	0	5	900604005	900604006	900604007	900604008	900605001															
900605001	1	0	0	0	0	3	900605002	900605003	900605004																	
900605002	1	0	0	0	0	7	900605005	900605006	900605007	900605008	900605009	900605010	900606001													
900606001	1	0	0	0	0	3	900606002	900606003	900606004																	
900606002	1	0	0	0	0	4	900606005	900606006	900606007	900607001																
900607001	1	0	0	0	0	3	900607002	900607003	900607004																	
900607002	1	0	0	0	0	4	900607005	900607006	900607007	900608001																
900608001	1	0	0	0	0	5	900608002	900608003	900608004	900608005	900608014															
900608002	1	0	0	0	0	3	900608006	900608007	900609001																	
900609001	1	0	0	0	0	4	900609002	900609003	900609004	900609005																
900609002	1	0	0	0	0	4	900609006	900609007	900609008	900610001																
900610001	1	0	0	0	0	1	900610002																			
900700001	1	0	0	0	0	1	900701001																			
900701001	1	0	0	0	0	3	900701002	900701003	900701004																	
900701002	1	0	0	0	0	4	900701005	900701006	900701007	900702001																
900702001	1	0	0	0	0	3	900702002	900702003	900702004																	
900702002	1	0	0	0	0	4	900702005	900702006	900702007	900703001																
900703001	1	0	0	0	0	3	900703002	900703003	900703004																	
900703002	1	0	0	0	0	3	900703005	900703006	900704001																	
900704001	1	0	0	0	0	3	900704002	900704003	900704004																	
900704002	1	0	0	0	0	5	900704005	900704006	900704007	900704008	900705001															
900705001	1	0	0	0	0	3	900705002	900705003	900705004																	
900705002	1	0	0	0	0	7	900705005	900705006	900705007	900705008	900705009	900705010	900706001													
900706001	1	0	0	0	0	3	900706002	900706003	900706004																	
900706002	1	0	0	0	0	4	900706005	900706006	900706007	900707001																
900707001	1	0	0	0	0	3	900707002	900707003	900707004																	
900707002	1	0	0	0	0	4	900707005	900707006	900707007	900708001																
900708001	1	0	0	0	0	5	900708002	900708003	900708004	900708005	900708014															
900708002	1	0	0	0	0	3	900708006	900708007	900709001																	
900709001	1	0	0	0	0	4	900709002	900709003	900709004	900709005																
900709002	1	0	0	0	0	4	900709006	900709007	900709008	900710001																
900710001	1	0	0	0	0	1	900710002																			
900800001	1	0	0	0	0	1	900801001																			
900801001	1	0	0	0	0	3	900801002	900801003	900801004																	
900801002	1	0	0	0	0	4	900801005	900801006	900801007	900802001																
900802001	1	0	0	0	0	3	900802002	900802003	900802004																	
900802002	1	0	0	0	0	4	900802005	900802006	900802007	900803001																
900803001	1	0	0	0	0	3	900803002	900803003	900803004																	
900803002	1	0	0	0	0	3	900803005	900803006	900804001																	
900804001	1	0	0	0	0	3	900804002	900804003	900804004																	
900804002	1	0	0	0	0	5	900804005	900804006	900804007	900804008	900805001															
900805001	1	0	0	0	0	3	900805002	900805003	900805004																	
900805002	1	0	0	0	0	7	900805005	900805006	900805007	900805008	900805009	900805010	900806001													
900806001	1	0	0	0	0	3	900806002	900806003	900806004																	
900806002	1	0	0	0	0	4	900806005	900806006	900806007	900807001																
900807001	1	0	0	0	0	3	900807002	900807003	900807004																	
900807002	1	0	0	0	0	4	900807005	900807006	900807007	900808001																
900808001	1	0	0	0	0	5	900808002	900808003	900808004	900808005	900808014															
900808002	1	0	0	0	0	3	900808006	900808007	900809001																	
900809001	1	0	0	0	0	4	900809002	900809003	900809004	900809005																
900809002	1	0	0	0	0	4	900809006	900809007	900809008	900810001																
900810001	1	0	0	0	0	1	900810002																			
900900001	1	0	0	0	0	1	900901001																			
900901001	1	0	0	0	0	3	900901002	900901003	900901004																	
900901002	1	0	0	0	0	4	900901005	900901006	900901007	900902001																
900902001	1	0	0	0	0	3	900902002	900902003	900902004																	
900902002	1	0	0	0	0	4	900902005	900902006	900902007	900903001																
900903001	1	0	0	0	0	3	900903002	900903003	900903004																	
900903002	1	0	0	0	0	3	900903005	900903006	900904001																	
900904001	1	0	0	0	0	3	900904002	900904003	900904004																	
900904002	1	0	0	0	0	5	900904005	900904006	900904007	900904008	900905001															
900905001	1	0	0	0	0	3	900905002	900905003	900905004																	
900905002	1	0	0	0	0	7	900905005	900905006	900905007	900905008	900905009	900905010	900906001													
900906001	1	0	0	0	0	3	900906002	900906003	900906004																	
900906002	1	0	0	0	0	4	900906005	900906006	900906007	900907001																
900907001	1	0	0	0	0	3	900907002	900907003	900907004																	
900907002	1	0	0	0	0	4	900907005	900907006	900907007	900908001																
900908001	1	0	0	0	0	5	900908002	900908003	900908004	900908005	900908014															
900908002	1	0	0	0	0	3	900908006	900908007	900909001																	
900909001	1	0	0	0	0	4	900909002	900909003	900909004	900909005																
900909002	1	0	0	0	0	4	900909006	900909007	900909008	900910001																
900910001	1	0	0	0	0	1	900910002																			
901000001	1	0	0	0	0	1	901001001																			
901001001	1	0	0	0	0	3	901001002	901001003	901001004																	
901001002	1	0	0	0	0	4	901001005	901001006	901001007	901002001																
901002001	1	0	0	0	0	3	901002002	901002003	901002004																	
901002002	1	0	0	0	0	4	901002005	901002006	901002007	901003001																
901003001	1	0	0	0	0	3	901003002	901003003	901003004																	
901003002	1	0	0	0	0	3	901003005	901003006	901004001																	
901004001	1	0	0	0	0	3	901004002	901004003	901004004																	
901004002	1	0	0	0	0	5	901004005	901004006	901004007	901004008	901005001															
901005001	1	0	0	0	0	3	901005002	901005003	901005004																	
901005002	1	0	0	0	0	7	901005005	901005006	901005007	901005008	901005009	901005010	901006001													
901006001	1	0	0	0	0	3	901006002	901006003	901006004																	
901006002	1	0	0	0	0	4	901006005	901006006	901006007	901007001																
901007001	1	0	0	0	0	3	901007002	901007003	901007004																	
901007002	1	0	0	0	0	4	901007005	901007006	901007007	901008001																
901008001	1	0	0	0	0	5	901008002	901008003	901008004	901008005	901008014															
901008002	1	0	0	0	0	3	901008006	901008007	901009001																	
901009001	1	0	0	0	0	4	901009002	901009003	901009004	901009005																
901009002	1	0	0	0	0	4	901009006	901009007	901009008	901010001																
901010001	1	0	0	0	0	1	901010002																			
901100001	1	0	0	0	0	1	901101001																			
901101001	1	0	0	0	0	3	901101002	901101003	901101004																	
901101002	1	0	0	0	0	4	901101005	901101006	901101007	901102001																
901102001	1	0	0	0	0	3	901102002	901102003	901102004																	
901102002	1	0	0	0	0	4	901102005	901102006	901102007	901103001																
901103001	1	0	0	0	0	3	901103002	901103003	901103004																	
901103002	1	0	0	0	0	3	901103005	901103006	901104001																	
901104001	1	0	0	0	0	3	901104002	901104003	901104004																	
901104002	1	0	0	0	0	5	901104005	901104006	901104007	901104008	901105001															
901105001	1	0	0	0	0	3	901105002	901105003	901105004																	
901105002	1	0	0	0	0	7	901105005	901105006	901105007	901105008	901105009	901105010	901106001													
901106001	1	0	0	0	0	3	901106002	901106003	901106004																	
901106002	1	0	0	0	0	4	901106005	901106006	901106007	901107001																
901107001	1	0	0	0	0	3	901107002	901107003	901107004																	
901107002	1	0	0	0	0	4	901107005	901107006	901107007	901108001																
901108001	1	0	0	0	0	5	901108002	901108003	901108004	901108005	901108014															
901108002	1	0	0	0	0	3	901108006	901108007	901109001																	
901109001	1	0	0	0	0	4	901109002	901109003	901109004	901109005																
901109002	1	0	0	0	0	4	901109006	901109007	901109008	901110001																
901110001	1	0	0	0	0	1	901110002																			
901200001	1	0	0	0	0	1	901201001																			
901201001	1	0	0	0	0	3	901201002	901201003	901201004																	
901201002	1	0	0	0	0	4	901201005	901201006	901201007	901202001																
901202001	1	0	0	0	0	3	901202002	901202003	901202004																	
901202002	1	0	0	0	0	4	901202005	901202006	901202007	901203001																
901203001	1	0	0	0	0	3	901203002	901203003	901203004																	
901203002	1	0	0	0	0	3	901203005	901203006	901204001																	
901204001	1	0	0	0	0	3	901204002	901204003	901204004																	
901204002	1	0	0	0	0	5	901204005	901204006	901204007	901204008	901205001															
901205001	1	0	0	0	0	3	901205002	901205003	901205004																	
901205002	1	0	0	0	0	7	901205005	901205006	901205007	901205008	901205009	901205010	901206001													
901206001	1	0	0	0	0	3	901206002	901206003	901206004																	
901206002	1	0	0	0	0	4	901206005	901206006	901206007	901207001																
901207001	1	0	0	0	0	3	901207002	901207003	901207004																	
901207002	1	0	0	0	0	4	901207005	901207006	901207007	901208001																
901208001	1	0	0	0	0	5	901208002	901208003	901208004	901208005	901208014															
901208002	1	0	0	0	0	3	901208006	901208007	901209001																	
901209001	1	0	0	0	0	4	901209002	901209003	901209004	901209005																
901209002	1	0	0	0	0	4	901209006	901209007	901209008	901210001																
901210001	1	0	0	0	0	1	901210002																			
901300001	1	0	0	0	0	1	901301001																			
901301001	1	0	0	0	0	3	901301002	901301003	901301004																	
901301002	1	0	0	0	0	4	901301005	901301006	901301007	901302001																
901302001	1	0	0	0	0	3	901302002	901302003	901302004																	
901302002	1	0	0	0	0	4	901302005	901302006	901302007	901303001																
901303001	1	0	0	0	0	3	901303002	901303003	901303004																	
901303002	1	0	0	0	0	3	901303005	901303006	901304001																	
901304001	1	0	0	0	0	3	901304002	901304003	901304004																	
901304002	1	0	0	0	0	5	901304005	901304006	901304007	901304008	901305001															
901305001	1	0	0	0	0	3	901305002	901305003	901305004																	
901305002	1	0	0	0	0	7	901305005	901305006	901305007	901305008	901305009	901305010	901306001													
901306001	1	0	0	0	0	3	901306002	901306003	901306004																	
901306002	1	0	0	0	0	4	901306005	901306006	901306007	901307001																
901307001	1	0	0	0	0	3	901307002	901307003	901307004																	
901307002	1	0	0	0	0	4	901307005	901307006	901307007	901308001																
901308001	1	0	0	0	0	5	901308002	901308003	901308004	901308005	901308014															
901308002	1	0	0	0	0	3	901308006	901308007	901309001																	
901309001	1	0	0	0	0	4	901309002	901309003	901309004	901309005																
901309002	1	0	0	0	0	4	901309006	901309007	901309008	901310001																
901310001	1	0	0	0	0	1	901310002																			
901400001	1	0	0	0	0	1	901401001																			
901401001	1	0	0	0	0	3	901401002	901401003	901401004																	
901401002	1	0	0	0	0	4	901401005	901401006	901401007	901402001																
901402001	1	0	0	0	0	3	901402002	901402003	901402004																	
901402002	1	0	0	0	0	4	901402005	901402006	901402007	901403001																
901403001	1	0	0	0	0	3	901403002	901403003	901403004																	
901403002	1	0	0	0	0	3	901403005	901403006	901404001																	
901404001	1	0	0	0	0	3	901404002	901404003	901404004																	
901404002	1	0	0	0	0	5	901404005	901404006	901404007	901404008	901405001															
901405001	1	0	0	0	0	3	901405002	901405003	901405004																	
901405002	1	0	0	0	0	7	901405005	901405006	901405007	901405008	901405009	901405010	901406001													
901406001	1	0	0	0	0	3	901406002	901406003	901406004																	
901406002	1	0	0	0	0	4	901406005	901406006	901406007	901407001																
901407001	1	0	0	0	0	3	901407002	901407003	901407004																	
901407002	1	0	0	0	0	4	901407005	901407006	901407007	901408001																
901408001	1	0	0	0	0	5	901408002	901408003	901408004	901408005	901408014															
901408002	1	0	0	0	0	3	901408006	901408007	901409001																	
901409001	1	0	0	0	0	4	901409002	901409003	901409004	901409005																
901409002	1	0	0	0	0	4	901409006	901409007	901409008	901410001																
901410001	1	0	0	0	0	1	901410002																			
901500001	1	0	0	0	0	1	901501001																			
901501001	1	0	0	0	0	3	901501002	901501003	901501004																	
901501002	1	0	0	0	0	4	901501005	901501006	901501007	901502001																
901502001	1	0	0	0	0	3	901502002	901502003	901502004																	
901502002	1	0	0	0	0	4	901502005	901502006	901502007	901503001																
901503001	1	0	0	0	0	3	901503002	901503003	901503004																	
901503002	1	0	0	0	0	3	901503005	901503006	901504001																	
901504001	1	0	0	0	0	3	901504002	901504003	901504004																	
901504002	1	0	0	0	0	5	901504005	901504006	901504007	901504008	901505001															
901505001	1	0	0	0	0	3	901505002	901505003	901505004																	
901505002	1	0	0	0	0	7	901505005	901505006	901505007	901505008	901505009	901505010	901506001													
901506001	1	0	0	0	0	3	901506002	901506003	901506004																	
901506002	1	0	0	0	0	4	901506005	901506006	901506007	901507001																
901507001	1	0	0	0	0	3	901507002	901507003	901507004																	
901507002	1	0	0	0	0	4	901507005	901507006	901507007	901508001																
901508001	1	0	0	0	0	5	901508002	901508003	901508004	901508005	901508014															
901508002	1	0	0	0	0	3	901508006	901508007	901509001																	
901509001	1	0	0	0	0	4	901509002	901509003	901509004	901509005																
901509002	1	0	0	0	0	4	901509006	901509007	901509008	901510001																
901510001	1	0	0	0	0	1	901510002																			
901600001	1	0	0	0	0	1	901601001																			
901601001	1	0	0	0	0	3	901601002	901601003	901601004																	
901601002	1	0	0	0	0	4	901601005	901601006	901601007	901602001																
901602001	1	0	0	0	0	3	901602002	901602003	901602004																	
901602002	1	0	0	0	0	4	901602005	901602006	901602007	901603001																
901603001	1	0	0	0	0	3	901603002	901603003	901603004																	
901603002	1	0	0	0	0	3	901603005	901603006	901604001																	
901604001	1	0	0	0	0	3	901604002	901604003	901604004																	
901604002	1	0	0	0	0	5	901604005	901604006	901604007	901604008	901605001															
901605001	1	0	0	0	0	3	901605002	901605003	901605004																	
901605002	1	0	0	0	0	7	901605005	901605006	901605007	901605008	901605009	901605010	901606001													
901606001	1	0	0	0	0	3	901606002	901606003	901606004																	
901606002	1	0	0	0	0	4	901606005	901606006	901606007	901607001																
901607001	1	0	0	0	0	3	901607002	901607003	901607004																	
901607002	1	0	0	0	0	4	901607005	901607006	901607007	901608001																
901608001	1	0	0	0	0	5	901608002	901608003	901608004	901608005	901608014															
901608002	1	0	0	0	0	3	901608006	901608007	901609001																	
901609001	1	0	0	0	0	4	901609002	901609003	901609004	901609005																
901609002	1	0	0	0	0	4	901609006	901609007	901609008	901610001																
901610001	1	0	0	0	0	1	901610002																			
901700001	1	0	0	0	0	1	901701001																			
901701001	1	0	0	0	0	3	901701002	901701003	901701004																	
901701002	1	0	0	0	0	4	901701005	901701006	901701007	901702001																
901702001	1	0	0	0	0	3	901702002	901702003	901702004																	
901702002	1	0	0	0	0	4	901702005	901702006	901702007	901703001																
901703001	1	0	0	0	0	3	901703002	901703003	901703004																	
901703002	1	0	0	0	0	3	901703005	901703006	901704001																	
901704001	1	0	0	0	0	3	901704002	901704003	901704004																	
901704002	1	0	0	0	0	5	901704005	901704006	901704007	901704008	901705001															
901705001	1	0	0	0	0	3	901705002	901705003	901705004																	
901705002	1	0	0	0	0	7	901705005	901705006	901705007	901705008	901705009	901705010	901706001													
901706001	1	0	0	0	0	3	901706002	901706003	901706004																	
901706002	1	0	0	0	0	4	901706005	901706006	901706007	901707001																
901707001	1	0	0	0	0	3	901707002	901707003	901707004																	
901707002	1	0	0	0	0	4	901707005	901707006	901707007	901708001																
901708001	1	0	0	0	0	5	901708002	901708003	901708004	901708005	901708014															
901708002	1	0	0	0	0	3	901708006	901708007	901709001																	
901709001	1	0	0	0	0	4	901709002	901709003	901709004	901709005																
901709002	1	0	0	0	0	4	901709006	901709007	901709008	901710001																
901710001	1	0	0	0	0	1	901710002																			
901800001	1	0	0	0	0	1	901801001																			
901801001	1	0	0	0	0	3	901801002	901801003	901801004																	
901801002	1	0	0	0	0	4	901801005	901801006	901801007	901802001																
901802001	1	0	0	0	0	3	901802002	901802003	901802004																	
901802002	1	0	0	0	0	4	901802005	901802006	901802007	901803001																
901803001	1	0	0	0	0	3	901803002	901803003	901803004																	
901803002	1	0	0	0	0	3	901803005	901803006	901804001																	
901804001	1	0	0	0	0	3	901804002	901804003	901804004																	
901804002	1	0	0	0	0	5	901804005	901804006	901804007	901804008	901805001															
901805001	1	0	0	0	0	3	901805002	901805003	901805004																	
901805002	1	0	0	0	0	7	901805005	901805006	901805007	901805008	901805009	901805010	901806001													
901806001	1	0	0	0	0	3	901806002	901806003	901806004																	
901806002	1	0	0	0	0	4	901806005	901806006	901806007	901807001																
901807001	1	0	0	0	0	3	901807002	901807003	901807004																	
901807002	1	0	0	0	0	4	901807005	901807006	901807007	901808001																
901808001	1	0	0	0	0	5	901808002	901808003	901808004	901808005	901808014															
901808002	1	0	0	0	0	3	901808006	901808007	901809001																	
901809001	1	0	0	0	0	4	901809002	901809003	901809004	901809005																
901809002	1	0	0	0	0	4	901809006	901809007	901809008	901810001																
901810001	1	0	0	0	0	1	901810002																			
901900001	1	0	0	0	0	1	901901001																			
901901001	1	0	0	0	0	3	901901002	901901003	901901004																	
901901002	1	0	0	0	0	4	901901005	901901006	901901007	901902001																
901902001	1	0	0	0	0	3	901902002	901902003	901902004																	
901902002	1	0	0	0	0	4	901902005	901902006	901902007	901903001																
901903001	1	0	0	0	0	3	901903002	901903003	901903004																	
901903002	1	0	0	0	0	3	901903005	901903006	901904001																	
901904001	1	0	0	0	0	3	901904002	901904003	901904004																	
901904002	1	0	0	0	0	5	901904005	901904006	901904007	901904008	901905001															
901905001	1	0	0	0	0	3	901905002	901905003	901905004																	
901905002	1	0	0	0	0	7	901905005	901905006	901905007	901905008	901905009	901905010	901906001													
901906001	1	0	0	0	0	3	901906002	901906003	901906004																	
901906002	1	0	0	0	0	4	901906005	901906006	901906007	901907001																
901907001	1	0	0	0	0	3	901907002	901907003	901907004																	
901907002	1	0	0	0	0	4	901907005	901907006	901907007	901908001																
901908001	1	0	0	0	0	5	901908002	901908003	901908004	901908005	901908014															
901908002	1	0	0	0	0	3	901908006	901908007	901909001																	
901909001	1	0	0	0	0	4	901909002	901909003	901909004	901909005																
901909002	1	0	0	0	0	4	901909006	901909007	901909008	901910001																
901910001	1	0	0	0	0	1	901910002																			
902000001	1	0	0	0	0	1	902001001																			
902001001	1	0	0	0	0	3	902001002	902001003	902001004																	
902001002	1	0	0	0	0	4	902001005	902001006	902001007	902002001																
902002001	1	0	0	0	0	3	902002002	902002003	902002004																	
902002002	1	0	0	0	0	4	902002005	902002006	902002007	902003001																
902003001	1	0	0	0	0	3	902003002	902003003	902003004																	
902003002	1	0	0	0	0	3	902003005	902003006	902004001																	
902004001	1	0	0	0	0	3	902004002	902004003	902004004																	
902004002	1	0	0	0	0	5	902004005	902004006	902004007	902004008	902005001															
902005001	1	0	0	0	0	3	902005002	902005003	902005004																	
902005002	1	0	0	0	0	7	902005005	902005006	902005007	902005008	902005009	902005010	902006001													
902006001	1	0	0	0	0	3	902006002	902006003	902006004																	
902006002	1	0	0	0	0	4	902006005	902006006	902006007	902007001																
902007001	1	0	0	0	0	3	902007002	902007003	902007004																	
902007002	1	0	0	0	0	4	902007005	902007006	902007007	902008001																
902008001	1	0	0	0	0	5	902008002	902008003	902008004	902008005	902008014															
902008002	1	0	0	0	0	3	902008006	902008007	902009001																	
902009001	1	0	0	0	0	4	902009002	902009003	902009004	902009005																
902009002	1	0	0	0	0	4	902009006	902009007	902009008	902010001																
902010001	1	0	0	0	0	1	902010002																			
802101001	1	82010001	0	0	0	2	802101001	802101002																		
802201001	1	82010001	0	0	0	2	802201001	802201002																		
802301001	1	82010001	0	0	0	2	802301001	802301002																		
802401001	1	82010001	0	0	0	2	802401001	802401002																		
802501001	1	82010001	0	0	0	2	802501001	802501002																		
802601001	1	82010001	0	0	0	2	802601001	802601002																		
802701001	1	82010001	0	0	0	2	802701001	802701002																		
802801001	1	82010001	0	0	0	2	802801001	802801002																		
802901001	1	82010001	0	0	0	2	802901001	802901002																		
803001001	1	82010001	0	0	0	1	803001001																			
803101003	1	82010001	0	0	0	2	803101003	803101004																		
803201001	1	82010001	0	0	0	2	803201001	803201002																		
803301001	1	82010001	0	0	0	2	803301001	803301002																		
803401001	1	82010001	0	0	0	2	803401001	803401002																		
803501001	1	82010001	0	0	0	2	803501001	803501002																		
803601001	1	82010001	0	0	0	2	803601001	803601002																		
803701001	1	82010001	0	0	0	2	803701001	803701002																		
803801001	1	82010001	0	0	0	2	803801001	803801002																		
803901001	1	82010001	0	0	0	2	803901001	803901002																		
804001001	1	82010001	0	0	0	1	804001001																			
804101002	1	82010001	0	0	0	2	804101002	804101003																		
804201001	1	82010001	0	0	0	2	804201001	804201002																		
804301001	1	82010001	0	0	0	3	804301001	804301002	804301003																	
804401002	1	82010001	0	0	0	2	804401002	804401003																		
804501001	1	82010001	0	0	0	2	804501001	804501003																		
804601001	1	82010001	0	0	0	3	804601001	804601002	804601003																	
804701001	1	82010001	0	0	0	2	804701001	804701003																		
804801001	1	82010001	0	0	0	2	804801001	804801002																		
804901001	1	82010001	0	0	0	3	804901001	804901002	804901003																	
805001001	1	82010001	0	0	0	1	805001001																			
805101001	1	82010001	0	0	0	3	805101001	805101002	805101003																	
805201002	1	82010001	0	0	0	2	805201002	805201003																		
805301001	1	82010001	0	0	0	3	805301001	805301002	805301003																	
805401001	1	82010001	0	0	0	2	805401001	805401002																		
805501002	1	82010001	0	0	0	2	805501002	805501003																		
805601001	1	82010001	0	0	0	3	805601001	805601002	805601003																	
805701002	1	82010001	0	0	0	2	805701002	805701003																		
805801001	1	82010001	0	0	0	3	805801001	805801002	805801003																	
805901001	1	82010001	0	0	0	3	805901001	805901002	805901003																	
806001001	1	82010001	0	0	0	1	806001001																			
806101001	1	82010001	0	0	0	3	806101001	806101002	806101003																	
806201001	1	82010001	0	0	0	2	806201001	806201003																		
806301001	1	82010001	0	0	0	3	806301001	806301002	806301003																	
806401001	1	82010001	0	0	0	2	806401001	806401002																		
806501001	1	82010001	0	0	0	2	806501001	806501002																		
806601001	1	82010001	0	0	0	3	806601001	806601002	806601003																	
806701001	1	82010001	0	0	0	2	806701001	806701003																		
806801001	1	82010001	0	0	0	3	806801001	806801002	806801003																	
806901001	1	82010001	0	0	0	3	806901001	806901002	806901003																	
807001001	1	82010001	0	0	0	1	807001001																			
807101001	1	82010001	0	0	0	3	807101001	807101002	807101003																	
807201002	1	82010001	0	0	0	2	807201002	807201003																		
807301001	1	82010001	0	0	0	2	807301001	807301003																		
807401001	1	82010001	0	0	0	3	807401001	807401002	807401003																	
807501002	1	82010001	0	0	0	2	807501002	807501003																		
807601002	1	82010001	0	0	0	2	807601002	807601003																		
807701001	1	82010001	0	0	0	3	807701001	807701002	807701003																	
807801001	1	82010001	0	0	0	3	807801001	807801002	807801003																	
807901001	1	82010001	0	0	0	3	807901001	807901002	807901003																	
808001001	1	82010001	0	0	0	1	808001001																			
808101001	1	82010001	0	0	0	2	808101001	808101002																		
808201001	1	82010001	0	0	0	3	808201001	808201002	808201003																	
808301001	1	82010001	0	0	0	3	808301001	808301002	808301003																	
808401001	1	82010001	0	0	0	2	808401001	808401003																		
808501001	1	82010001	0	0	0	2	808501001	808501002																		
808601001	1	82010001	0	0	0	3	808601001	808601002	808601003																	
808701001	1	82010001	0	0	0	2	808701001	808701002																		
808801001	1	82010001	0	0	0	3	808801001	808801002	808801003																	
808901001	1	82010001	0	0	0	3	808901001	808901002	808901003																	
809001001	1	82010001	0	0	0	1	809001001																			
809101001	1	82010001	0	0	0	3	809101001	809101002	809101003																	
809201001	1	82010001	0	0	0	2	809201001	809201002																		
809301001	1	82010001	0	0	0	3	809301001	809301002	809301003																	
809401001	1	82010001	0	0	0	3	809401001	809401002	809401003																	
809501001	1	82010001	0	0	0	2	809501001	809501002																		
809601001	1	82010001	0	0	0	3	809601001	809601002	809601003																	
809701001	1	82010001	0	0	0	3	809701001	809701002	809701003																	
809801001	1	82010001	0	0	0	2	809801001	809801002																		
809901001	1	82010001	0	0	0	3	809901001	809901002	809901003																	
810001001	1	82010001	0	0	0	1	810001001																			
810101001	1	82010001	0	0	0	3	810101001	810101002	810101003																	
810201001	1	82010001	0	0	0	2	810201001	810201002																		
810301001	1	82010001	0	0	0	2	810301001	810301002																		
810401001	1	82010001	0	0	0	3	810401001	810401002	810401003																	
810501001	1	82010001	0	0	0	2	810501001	810501002																		
810601001	1	82010001	0	0	0	3	810601001	810601002	810601003																	
810701001	1	82010001	0	0	0	3	810701001	810701002	810701003																	
810801001	1	82010001	0	0	0	2	810801001	810801002																		
810901001	1	82010001	0	0	0	3	810901001	810901002	810901003																	
811001001	1	82010001	0	0	0	1	811001001																			
811101001	1	82010001	0	0	0	3	811101001	811101002	811101003																	
811201001	1	82010001	0	0	0	2	811201001	811201002																		
811301001	1	82010001	0	0	0	2	811301001	811301002																		
811401001	1	82010001	0	0	0	3	811401001	811401002	811401003																	
811501001	1	82010001	0	0	0	2	811501001	811501002																		
811601001	1	82010001	0	0	0	3	811601001	811601002	811601003																	
811701001	1	82010001	0	0	0	3	811701001	811701002	811701003																	
811801001	1	82010001	0	0	0	2	811801001	811801002																		
811901001	1	82010001	0	0	0	3	811901001	811901002	811901003																	
812001001	1	82010001	0	0	0	1	812001001																			
812101001	1	82010001	0	0	0	3	812101001	812101002	812101003																	
812201001	1	82010001	0	0	0	2	812201001	812201002																		
812301001	1	82010001	0	0	0	2	812301001	812301002																		
812401001	1	82010001	0	0	0	3	812401001	812401002	812401003																	
812501001	1	82010001	0	0	0	2	812501001	812501002																		
812601001	1	82010001	0	0	0	3	812601001	812601002	812601003																	
812701001	1	82010001	0	0	0	3	812701001	812701002	812701003																	
812801001	1	82010001	0	0	0	2	812801001	812801002																		
812901001	1	82010001	0	0	0	3	812901001	812901002	812901003																	
813001001	1	82010001	0	0	0	1	813001001																			
813101001	1	82010001	0	0	0	3	813101001	813101002	813101003																	
813201001	1	82010001	0	0	0	2	813201001	813201002																		
813301001	1	82010001	0	0	0	2	813301001	813301002																		
813401001	1	82010001	0	0	0	3	813401001	813401002	813401003																	
813501001	1	82010001	0	0	0	2	813501001	813501002																		
813601001	1	82010001	0	0	0	3	813601001	813601002	813601003																	
813701001	1	82010001	0	0	0	3	813701001	813701002	813701003																	
813801001	1	82010001	0	0	0	2	813801001	813801002																		
813901001	1	82010001	0	0	0	3	813901001	813901002	813901003																	
814001001	1	82010001	0	0	0	1	814001001																			
814101001	1	82010001	0	0	0	3	814101001	814101002	814101003																	
814201001	1	82010001	0	0	0	2	814201001	814201002																		
814301001	1	82010001	0	0	0	2	814301001	814301002																		
814401001	1	82010001	0	0	0	3	814401001	814401002	814401003																	
814501001	1	82010001	0	0	0	2	814501001	814501002																		
814601001	1	82010001	0	0	0	3	814601001	814601002	814601003																	
814701001	1	82010001	0	0	0	3	814701001	814701002	814701003																	
814801001	1	82010001	0	0	0	2	814801001	814801002																		
814901001	1	82010001	0	0	0	3	814901001	814901002	814901003																	
815001001	1	82010001	0	0	0	1	815001001																			
815101001	1	82010001	0	0	0	3	815101001	815101002	815101003																	
815201001	1	82010001	0	0	0	2	815201001	815201002																		
815301001	1	82010001	0	0	0	2	815301001	815301002																		
815401001	1	82010001	0	0	0	3	815401001	815401002	815401003																	
815501001	1	82010001	0	0	0	2	815501001	815501002																		
815601001	1	82010001	0	0	0	3	815601001	815601002	815601003																	
815701001	1	82010001	0	0	0	3	815701001	815701002	815701003																	
815801001	1	82010001	0	0	0	2	815801001	815801002																		
815901001	1	82010001	0	0	0	3	815901001	815901002	815901003																	
816001001	1	82010001	0	0	0	1	816001001																			
816101001	1	82010001	0	0	0	2	816101001	816101002																		
816201001	1	82010001	0	0	0	2	816201001	816201002																		
816301001	1	82010001	0	0	0	3	816301001	816301002	816301003																	
816401001	1	82010001	0	0	0	2	816401001	816401002																		
816501001	1	82010001	0	0	0	2	816501001	816501002																		
816601001	1	82010001	0	0	0	3	816601001	816601002	816601003																	
816701001	1	82010001	0	0	0	2	816701001	816701002																		
816801001	1	82010001	0	0	0	2	816801001	816801002																		
816901001	1	82010001	0	0	0	3	816901001	816901002	816901003																	
817001001	1	82010001	0	0	0	1	817001001																			
817100004	1	82010001	0	0	0	2	817100004	817100005																		
817200004	1	82010001	0	0	0	2	817200004	817200005																		
817300004	1	82010001	0	0	0	2	817300004	817300005																		
817400004	1	82010001	0	0	0	2	817400004	817400005																		
817500004	1	82010001	0	0	0	2	817500004	817500005																		
817600004	1	82010001	0	0	0	2	817600004	817600005																		
817700004	1	82010001	0	0	0	2	817700004	817700005																		
817800004	1	82010001	0	0	0	2	817800004	817800005																		
817900004	1	82010001	0	0	0	2	817900004	817900005																		
818100004	1	82010001	0	0	0	2	818100004	818100005																		
818000004	1	82010001	0	0	0	1	818000004																			
818200004	1	82010001	0	0	0	2	818200004	818200005																		
818300004	1	82010001	0	0	0	2	818300004	818300005																		
818400004	1	82010001	0	0	0	2	818400004	818400005																		
818500004	1	82010001	0	0	0	2	818500004	818500005																		
818600004	1	82010001	0	0	0	2	818600004	818600005																		
818700004	1	82010001	0	0	0	2	818700004	818700005																		
818800004	1	82010001	0	0	0	2	818800004	818800005																		
818900004	1	82010001	0	0	0	2	818900004	818900005																		
819000004	1	82010001	0	0	0	1	819000004																			
819100002	1	82010001	0	0	0	2	819100002	819100003																		
819200002	1	82010001	0	0	0	2	819200002	819200003																		
819300002	1	82010001	0	0	0	2	819300002	819300003																		
819400002	1	82010001	0	0	0	2	819400002	819400003																		
819500002	1	82010001	0	0	0	2	819500002	819500003																		
819600002	1	82010001	0	0	0	2	819600002	819600003																		
819700002	1	82010001	0	0	0	2	819700002	819700003																		
819800002	1	82010001	0	0	0	2	819800002	819800003																		
819900002	1	82010001	0	0	0	2	819900002	819900003																		
820000002	1	82010001	0	0	0	1	820000002																			
820101001	1	82010001	0	0	0	3	820101001	820101002	820101003																	
820201001	1	82010001	0	0	0	2	820201001	820201002																		
820301001	1	82010001	0	0	0	3	820301001	820301002	820301003																	
820401001	1	82010001	0	0	0	3	820401001	820401002	820401003																	
820501001	1	82010001	0	0	0	2	820501001	820501002																		
820601001	1	82010001	0	0	0	3	820601001	820601002	820601003																	
820701001	1	82010001	0	0	0	3	820701001	820701002	820701003																	
820801001	1	82010001	0	0	0	2	820801001	820801002																		
820901001	1	82010001	0	0	0	3	820901001	820901002	820901003																	
821001001	1	82010001	0	0	0	1	821001001																			
821100004	1	82010001	0	0	0	2	821100004	821100005																		
821200004	1	82010001	0	0	0	2	821200004	821200005																		
821300004	1	82010001	0	0	0	2	821300004	821300005																		
821400004	1	82010001	0	0	0	2	821400004	821400005																		
821500004	1	82010001	0	0	0	2	821500004	821500005																		
821600004	1	82010001	0	0	0	2	821600004	821600005																		
821700004	1	82010001	0	0	0	2	821700004	821700005																		
821800004	1	82010001	0	0	0	2	821800004	821800005																		
821900004	1	82010001	0	0	0	2	821900004	821900005																		
822000004	1	82010001	0	0	0	1	822000004																			
822100001	1	82010001	0	0	0	2	822100001	822100002																		
822200001	1	82010001	0	0	0	2	822200001	822200002																		
822300001	1	82010001	0	0	0	2	822300001	822300002																		
822400001	1	82010001	0	0	0	2	822400001	822400002																		
822500001	1	82010001	0	0	0	2	822500001	822500002																		
822600001	1	82010001	0	0	0	2	822600001	822600002																		
822700001	1	82010001	0	0	0	2	822700001	822700002																		
822800001	1	82010001	0	0	0	2	822800001	822800002																		
822900001	1	82010001	0	0	0	2	822900001	822900002																		
823000001	1	82010001	0	0	0	1	823000001																			
825100001	1	82010001	0	0	0	2	825100001	825100002																		
825200001	1	82010001	0	0	0	2	825200001	825200002																		
825300001	1	82010001	0	0	0	2	825300001	825300002																		
825400001	1	82010001	0	0	0	2	825400001	825400002																		
825500001	1	82010001	0	0	0	2	825500001	825500002																		
825600001	1	82010001	0	0	0	2	825600001	825600002																		
825700001	1	82010001	0	0	0	2	825700001	825700002																		
825800001	1	82010001	0	0	0	2	825800001	825800002																		
825900001	1	82010001	0	0	0	2	825900001	825900002																		
826000001	1	82010001	0	0	0	1	826000001																			
700100027	1	0	0	0	0	4	700100027	700100028	700100029	700100030																
700100031	1	0	0	0	0	4	700100031	700100032	700100033	700100034																
700100035	1	0	0	0	0	2	700100035	700100036																		
700100037	1	0	0	0	0	2	700100037	700100038																		
393000006	1	63930106	0	304628	0	12	393000006	393000007	393000008	393000009	393000010	393000011	393000012	393000013	393000014	393000015	393000016	393000017								
393000018	1	63930107	0	304628	0	12	393000018	393000019	393000020	393000021	393000022	393000023	393000024	393000025	393000026	393000027	393000028	393000029								
393000030	1	63930108	0	304628	0	12	393000030	393000031	393000032	393000033	393000034	393000035	393000036	393000037	393000038	393000039	393000040	393000041								
393000042	1	63930109	0	304628	0	12	393000042	393000043	393000044	393000045	393000046	393000047	393000048	393000049	393000050	393000051	393000052	393000053								
393000054	1	63930110	0	304628	0	12	393000054	393000055	393000056	393000057	393000058	393000059	393000060	393000061	393000062	393000063	393000064	393000065								
393000066	1	63930111	0	304628	0	12	393000066	393000067	393000068	393000069	393000070	393000071	393000072	393000073	393000074	393000075	393000076	393000077								
393000078	1	63930102	0	304629	0	4	393000078	393000079	393000080	393000081																
393000082	1	63930101	0	304629	0	1	393000082																			
393100006	1	63931106	0	304628	0	12	393100006	393100007	393100008	393100009	393100010	393100011	393100012	393100013	393100014	393100015	393100016	393100017								
393100018	1	63931107	0	304628	0	12	393100018	393100019	393100020	393100021	393100022	393100023	393100024	393100025	393100026	393100027	393100028	393100029								
393100030	1	63931108	0	304628	0	12	393100030	393100031	393100032	393100033	393100034	393100035	393100036	393100037	393100038	393100039	393100040	393100041								
393100042	1	63931109	0	304628	0	12	393100042	393100043	393100044	393100045	393100046	393100047	393100048	393100049	393100050	393100051	393100052	393100053								
393100054	1	63931110	0	304628	0	12	393100054	393100055	393100056	393100057	393100058	393100059	393100060	393100061	393100062	393100063	393100064	393100065								
393100066	1	63931111	0	304628	0	12	393100066	393100067	393100068	393100069	393100070	393100071	393100072	393100073	393100074	393100075	393100076	393100077								
393100078	1	63931102	0	304629	0	4	393100078	393100079	393100080	393100081																
393100082	1	63931101	0	304629	0	1	393100082																			
393200006	1	63932106	0	304628	0	12	393200006	393200007	393200008	393200009	393200010	393200011	393200012	393200013	393200014	393200015	393200016	393200017								
393200018	1	63932107	0	304628	0	12	393200018	393200019	393200020	393200021	393200022	393200023	393200024	393200025	393200026	393200027	393200028	393200029								
393200030	1	63932108	0	304628	0	12	393200030	393200031	393200032	393200033	393200034	393200035	393200036	393200037	393200038	393200039	393200040	393200041								
393200042	1	63932109	0	304628	0	12	393200042	393200043	393200044	393200045	393200046	393200047	393200048	393200049	393200050	393200051	393200052	393200053								
393200054	1	63932110	0	304628	0	12	393200054	393200055	393200056	393200057	393200058	393200059	393200060	393200061	393200062	393200063	393200064	393200065								
393200066	1	63932111	0	304628	0	12	393200066	393200067	393200068	393200069	393200070	393200071	393200072	393200073	393200074	393200075	393200076	393200077								
393200078	1	63932102	0	304629	0	4	393200078	393200079	393200080	393200081																
393200082	1	63932101	0	304629	0	1	393200082																			
393300006	1	63933106	0	304628	0	12	393300006	393300007	393300008	393300009	393300010	393300011	393300012	393300013	393300014	393300015	393300016	393300017								
393300018	1	63933107	0	304628	0	12	393300018	393300019	393300020	393300021	393300022	393300023	393300024	393300025	393300026	393300027	393300028	393300029								
393300030	1	63933108	0	304628	0	12	393300030	393300031	393300032	393300033	393300034	393300035	393300036	393300037	393300038	393300039	393300040	393300041								
393300042	1	63933109	0	304628	0	12	393300042	393300043	393300044	393300045	393300046	393300047	393300048	393300049	393300050	393300051	393300052	393300053								
393300054	1	63933110	0	304628	0	12	393300054	393300055	393300056	393300057	393300058	393300059	393300060	393300061	393300062	393300063	393300064	393300065								
393300066	1	63933111	0	304628	0	12	393300066	393300067	393300068	393300069	393300070	393300071	393300072	393300073	393300074	393300075	393300076	393300077								
393300078	1	63933102	0	304629	0	4	393300078	393300079	393300080	393300081																
393300082	1	63933101	0	304629	0	1	393300082																			
393400006	1	63934106	0	304628	0	12	393400006	393400007	393400008	393400009	393400010	393400011	393400012	393400013	393400014	393400015	393400016	393400017								
393400018	1	63934107	0	304628	0	12	393400018	393400019	393400020	393400021	393400022	393400023	393400024	393400025	393400026	393400027	393400028	393400029								
393400030	1	63934108	0	304628	0	12	393400030	393400031	393400032	393400033	393400034	393400035	393400036	393400037	393400038	393400039	393400040	393400041								
393400042	1	63934109	0	304628	0	12	393400042	393400043	393400044	393400045	393400046	393400047	393400048	393400049	393400050	393400051	393400052	393400053								
393400054	1	63934110	0	304628	0	12	393400054	393400055	393400056	393400057	393400058	393400059	393400060	393400061	393400062	393400063	393400064	393400065								
393400066	1	63934111	0	304628	0	12	393400066	393400067	393400068	393400069	393400070	393400071	393400072	393400073	393400074	393400075	393400076	393400077								
393400078	1	63934102	0	304629	0	4	393400078	393400079	393400080	393400081																
393400082	1	63934101	0	304629	0	1	393400082																			
393500006	1	63935106	0	304628	0	12	393500006	393500007	393500008	393500009	393500010	393500011	393500012	393500013	393500014	393500015	393500016	393500017								
393500018	1	63935107	0	304628	0	12	393500018	393500019	393500020	393500021	393500022	393500023	393500024	393500025	393500026	393500027	393500028	393500029								
393500030	1	63935108	0	304628	0	12	393500030	393500031	393500032	393500033	393500034	393500035	393500036	393500037	393500038	393500039	393500040	393500041								
393500042	1	63935109	0	304628	0	12	393500042	393500043	393500044	393500045	393500046	393500047	393500048	393500049	393500050	393500051	393500052	393500053								
393500054	1	63935110	0	304628	0	12	393500054	393500055	393500056	393500057	393500058	393500059	393500060	393500061	393500062	393500063	393500064	393500065								
393500066	1	63935111	0	304628	0	12	393500066	393500067	393500068	393500069	393500070	393500071	393500072	393500073	393500074	393500075	393500076	393500077								
393500078	1	63935102	0	304629	0	4	393500078	393500079	393500080	393500081																
393500082	1	63935101	0	304629	0	1	393500082																			
393600006	1	63936106	0	304628	0	12	393600006	393600007	393600008	393600009	393600010	393600011	393600012	393600013	393600014	393600015	393600016	393600017								
393600018	1	63936107	0	304628	0	12	393600018	393600019	393600020	393600021	393600022	393600023	393600024	393600025	393600026	393600027	393600028	393600029								
393600030	1	63936108	0	304628	0	12	393600030	393600031	393600032	393600033	393600034	393600035	393600036	393600037	393600038	393600039	393600040	393600041								
393600042	1	63936109	0	304628	0	12	393600042	393600043	393600044	393600045	393600046	393600047	393600048	393600049	393600050	393600051	393600052	393600053								
393600054	1	63936110	0	304628	0	12	393600054	393600055	393600056	393600057	393600058	393600059	393600060	393600061	393600062	393600063	393600064	393600065								
393600066	1	63936111	0	304628	0	12	393600066	393600067	393600068	393600069	393600070	393600071	393600072	393600073	393600074	393600075	393600076	393600077								
393600078	1	63936102	0	304629	0	4	393600078	393600079	393600080	393600081																
393600082	1	63936101	0	304629	0	1	393600082																			
393700006	1	63937106	0	304628	0	12	393700006	393700007	393700008	393700009	393700010	393700011	393700012	393700013	393700014	393700015	393700016	393700017								
393700018	1	63937107	0	304628	0	12	393700018	393700019	393700020	393700021	393700022	393700023	393700024	393700025	393700026	393700027	393700028	393700029								
393700030	1	63937108	0	304628	0	12	393700030	393700031	393700032	393700033	393700034	393700035	393700036	393700037	393700038	393700039	393700040	393700041								
393700042	1	63937109	0	304628	0	12	393700042	393700043	393700044	393700045	393700046	393700047	393700048	393700049	393700050	393700051	393700052	393700053								
393700054	1	63937110	0	304628	0	12	393700054	393700055	393700056	393700057	393700058	393700059	393700060	393700061	393700062	393700063	393700064	393700065								
393700066	1	63937111	0	304628	0	12	393700066	393700067	393700068	393700069	393700070	393700071	393700072	393700073	393700074	393700075	393700076	393700077								
393700078	1	63937102	0	304629	0	4	393700078	393700079	393700080	393700081																
393700082	1	63937101	0	304629	0	1	393700082																			
393800006	1	63938106	0	304628	0	12	393800006	393800007	393800008	393800009	393800010	393800011	393800012	393800013	393800014	393800015	393800016	393800017								
393800018	1	63938107	0	304628	0	12	393800018	393800019	393800020	393800021	393800022	393800023	393800024	393800025	393800026	393800027	393800028	393800029								
393800030	1	63938108	0	304628	0	12	393800030	393800031	393800032	393800033	393800034	393800035	393800036	393800037	393800038	393800039	393800040	393800041								
393800042	1	63938109	0	304628	0	12	393800042	393800043	393800044	393800045	393800046	393800047	393800048	393800049	393800050	393800051	393800052	393800053								
393800054	1	63938110	0	304628	0	12	393800054	393800055	393800056	393800057	393800058	393800059	393800060	393800061	393800062	393800063	393800064	393800065								
393800066	1	63938111	0	304628	0	12	393800066	393800067	393800068	393800069	393800070	393800071	393800072	393800073	393800074	393800075	393800076	393800077								
393800078	1	63938102	0	304629	0	4	393800078	393800079	393800080	393800081																
393800082	1	63938101	0	304629	0	1	393800082																			
393900006	1	63939106	0	304628	0	12	393900006	393900007	393900008	393900009	393900010	393900011	393900012	393900013	393900014	393900015	393900016	393900017								
393900018	1	63939107	0	304628	0	12	393900018	393900019	393900020	393900021	393900022	393900023	393900024	393900025	393900026	393900027	393900028	393900029								
393900030	1	63939108	0	304628	0	12	393900030	393900031	393900032	393900033	393900034	393900035	393900036	393900037	393900038	393900039	393900040	393900041								
393900042	1	63939109	0	304628	0	12	393900042	393900043	393900044	393900045	393900046	393900047	393900048	393900049	393900050	393900051	393900052	393900053								
393900054	1	63939110	0	304628	0	12	393900054	393900055	393900056	393900057	393900058	393900059	393900060	393900061	393900062	393900063	393900064	393900065								
393900066	1	63939111	0	304628	0	12	393900066	393900067	393900068	393900069	393900070	393900071	393900072	393900073	393900074	393900075	393900076	393900077								
393900078	1	63939102	0	304629	0	4	393900078	393900079	393900080	393900081																
393900082	1	63939101	0	304629	0	1	393900082																			
