#id	#可用	#类型（1单数出现，2偶数出现）	#出现几率（此题目在本类型中出现的几率）	#正确答案	#选项数量	#题目（文本信息或文本信息ID）	选项1（文本信息或文本信息ID）	选项2（文本信息或文本信息ID）	选项3（文本信息或文本信息ID）	选项4（文本信息或文本信息ID）
[K][C][S]id	valid	[C][S]type_id	[C][S]probability	[C][S]answer_id	[C][S]answer_num	[C][S]questionDesc	[C][S]answer_1	[C][S]answer_2	[C][S]answer_3	[C][S]answer_4
1	1	1	10000	1	2	怎涌梢垣@得唯美`魅惑狐妖？	非刀客I首	首	0	0
2	1	2	10000	1	2	lF[BUG後怎N做？	M客服K回	先y一下是否	0	0
3	1	1	10000	1	2	怎N打_小地D？	c粲疑辖悄框框	c羧宋锬_底	0	0
4	1	2	10000	2	2	主任找求_到多少多少後怎Nk？	霭	⑴c支和活	0	0
5	1	1	10000	2	2	系y提示Rr背包M了怎Nk？	再I背包	Rr背包中取出物品	0	0
6	1	2	10000	1	2	提升等最快的方法是什N？	⑴c主、活尤粘	C	0	0
7	1	1	10000	2	2	什N|西能提升人物等？	~		0	0
8	1	2	10000	1	2	什N|西能提升技能等？	秘笈		0	0
9	1	1	10000	1	2	以下哪不全是坐T？	黑毛羊、酒鬼葫J	白帝、`狐、雪兔	0	0
10	1	2	10000	1	2	@得第一b`後致铮	x癯	{蛞幌	0	0
11	1	1	10000	1	2	武We面有什N？	技能傩浴⒎文x	技能效果、技能z忘	0	0
12	1	2	10000	2	2	`遣散後有什N好？	概率@得y元	概率@得`	0	0
13	1	1	10000	1	2	`最高e椋	SS	SB	0	0
14	1	2	10000	1	2	`法有什N好？	提高出痨`傩	提高出痨`智商	0	0
15	1	1	10000	1	2	C`最多同r碛I悟技能？	2	3	0	0
16	1	2	10000	2	2	元可以用致铮	I棒棒糖吃	元商店I物品	0	0
17	1	1	10000	1	2	`被遣散後致铮	不再碛	不	0	0
18	1	2	10000	1	2	用什N可以招募`？	~拧⒄心剂	零食、甜甜圈	0	0
19	1	1	10000	1	2	外^不全包含哪些？	套b、武器、背包	坐T、`、魂	0	0
20	1	2	10000	2	2	下面哪不全是坐T？	玄FΑ㈧`狐、白帝	天山雪雕、天山老妖	0	0
21	1	1	10000	1	2	下面哪些不全是[蛑薪文籍e的？	周易、孟子、唐	Z、尚、Y	0	0
22	1	2	10000	1	2	文主要@得哪些Y源？	培B丹、~	、秘笈	0	0
23	1	1	10000	1	2	下面哪不全是[蛑碛械呐判邪瘢	修椤、鹆	修椤Ⅶ攘Α团	0	0
24	1	2	10000	1	2	目前[蛑蟹槟娜大I？	}王、修_、天策	昆觥⒘鹆А⑶坤	0	0
25	1	1	10000	1	2	I中的l官可以致铮	@偈找	召旧颀	0	0
26	1	2	10000	2	2	以下哪不全凫哆[蛑械年I官？	神、魔尊、	、魔後、首席	0	0
27	1	1	10000	1	2	x_团舍怎樱	不能⑴c鹄品分t	得更	0	0
28	1	2	10000	2	2	[蛑心境界高一c？	胱	元	0	0
29	1	1	10000	2	2	哪不凫团纱d中的建B？	主殿、兵甲坊	团臁⑴馁u行	0	0
30	1	2	10000	2	2	以下哪不全凫侗嘲按o中的功能？	整理、重T	Db、出售	0	0
31	1	1	10000	2	2	[蛑醒b渲骷分槟？	武器、衣服、子、防具	武器、衣服、子、腰	0	0
32	1	2	10000	2	2	[蛑醒b漭o件分槟？	腰А⒆o肩、手套、鞋子	帽子、o肩、手套、鞋子	0	0
33	1	1	10000	2	2	[蛑醒b滹品分槟？	、耳h	、戒指	0	0
34	1	2	10000	2	2	化需要消耗什N？	三角石、化石	~拧化石	0	0
35	1	1	10000	2	2	重T需要消耗什N？	化石和~	EF和~	0	0
36	1	2	10000	1	2	嵌需要消耗什N？	石	魂玉	0	0
37	1	1	10000	1	2	坐T能否在寄售e面出售？	能	不能	0	0
38	1	2	10000	1	2	以下哪些途饺部可以@得元？	χ怠⒕盆	uX洹⒓氖	0	0
39	1	1	10000	1	2	修可以@得什N？		Wg能量	0	0
40	1	2	10000	2	2	哪些不凫段[蛑械慕巧？	m生、音一	W巴R	0	0
41	1	1	10000	2	2	以下哪不全凫哆[蛑械纳坛牵	`商城、外^商城	χ怠㈤L生w	0	0
42	1	2	10000	1	2	Τ厝找还篆h？	4	1	0	0
43	1	1	10000	2	2	以下哪些不全是我[蛑械耐娣ǎ	鬼王陵	召{谷	0	0
44	1	2	10000	1	2	以下哪些不全是限r活又械耐娣ǎ	攻城稹⒚鼐	神魔古墓、雪YZ旗	0	0
45	1	1	10000	1	2	福祈福需要到哪e去？	琅u	桃源村	0	0
46	1	2	10000	2	2	M行醉仙需要到哪地D去接任眨	神都	三合殿	0	0
47	1	1	10000	2	2	神都]有哪^域？	神坪	主殿	0	0
48	1	2	10000	2	2	怎涌梢宰？	打坐修心法	M行左上角相P	0	0
49	1	1	10000	1	2	M副本多人⑴c有什N好？	~外加成	~外拓加成	0	0
50	1	2	10000	1	2	打坐是致镉玫模	恢蜕命	恢湍Х	0	0
51	1	1	10000	2	2	[蛑薪巧放技能後怎樱	消耗魔法K技能M入冷s	技能M入冷s	0	0
52	1	2	10000	1	2	[蛑蝎@得物品r一般保存在哪？	背包	秘	0	0
53	1	1	10000	2	2	更Qbr，b化的傩允欠^承？	不		0	0
54	1	2	10000	2	2	更Qbr，嵌石的傩允欠^承？	不		0	0
55	1	1	10000	2	2	石是否可以升？	不可以	可以	0	0
56	1	2	10000	2	2	更Qbr，b渲罔T的傩允欠^承？	不		0	0
57	1	1	10000	1	2	坐T是否能增加角色的傩裕	能	不能	0	0
58	1	2	10000	1	2	l可以治友？	琉璃I角色	大胸小姐姐	0	0
59	1	1	10000	1	2	[蛑[色品|]低到高的序椋壕G-{-紫-橙-t-粉	正_	e`	0	0
60	1	2	10000	2	2	角色死亡r是否扣除？		不	0	0
61	1	1	10000	1	2	嗑後怎N做？	c糁匦逻B接	坐等客服	0	0
62	1	2	10000	1	2	椭骱桶俨萏锰弥髡l官大？	椭	百草堂堂主	0	0
63	1	1	10000	1	2	玩家最初始的境界椋	w	B基	0	0
64	1	2	10000	2	2	以下哪些|西不全在L生碑中a出？	、L生E、化石	魂玉、元、	0	0
65	1	1	10000	2	2	以下哪不全是琉璃的技能？	藤Z、花影	花`、回雁	0	0
66	1	2	10000	2	2	以下哪所含怪物不全存在Τ禺中？	夜魔虎、魔蝠	魔狼、狩C者	0	0
67	1	1	10000	2	2	以下哪不全是Τ厝盏热荩	窬Τ亍ふψV	逐妖F、逐年F	0	0
68	1	2	10000	1	2	b溆惺颤N^e？	品|、色	等、星A	0	0
69	1	1	10000	1	2	出F以下哪N情r玩家o法再@得物品？	Rr背包格子已M	\馓差	0	0
70	1	2	10000	2	2	以下哪o法在初@`任罩蝎@得的？	大	大~干	0	0
71	1	1	10000	1	2	怎涌梢蕴岣咛斓禺等？	提升等、收集材料	提高等、充值元	0	0
72	1	2	10000	2	2	以下哪不全是我[蛑械纳痰辏	兵甲坊、霓裳坊	元商店、染衣坊	0	0
73	1	1	10000	1	2	背包中整理按o有什N用？	⑴Rr背包中物品取出	⒈嘲中低b滗N	0	0
74	1	2	10000	1	2	外^Y包能@得什N|西？	rb、武器外^	旒、行坐T	0	0
75	1	1	10000	2	2	`是否可以在寄售中出售？	不可以	可以	0	0
76	1	2	10000	2	2	情p花需要多少人⑴c？	3	2	0	0
77	1	1	10000	1	2	x管可以@得哪些|西？	、古愕箱	~拧⒓寄	0	0
78	1	2	10000	2	2	抽]有哪一N？	青~抽	勾玉抽	0	0
79	1	1	10000	1	2	活诱一匾话隳茴I取多少比例的收益？	60%、90%	70%、90%	0	0
80	1	2	10000	1	2	`法一共可以上`多少？	7	8	0	0
81	1	1	10000	1	2	升武W需要消耗什N？	技能、~	、~	0	0
82	1	2	10000	1	2	I的盟主有什N好？	僮T	大把妹子	0	0
83	1	1	10000	2	2	以下哪玩法不能@得鹄品？	攻城	上古zE	0	0
84	1	2	10000	1	2	I月卡需要多少X？	150	90	0	0
85	1	1	10000	2	2	团啥嗌偌_放？	19	18	0	0
86	1	2	10000	2	2	`法什Nr候_放？	等_20	@得第一b`	0	0
87	1	1	10000	2	2	团扇赵谀难eI取？	团芍鞯	团赡	0	0
88	1	2	10000	1	2	古“L，雅，”中的“L”指的是什N？	L	L	0	0
89	1	1	10000	1	2	“六如居士”是l的e？	唐伯虎	唐立成	0	0
90	1	2	10000	2	2	“琴棋”中的“棋”指？	象棋	棋	0	0
91	1	1	10000	1	2	《Z》的作者是l？	孔子的弟子	孔子的老	0	0
92	1	2	10000	1	2	a牢中的“牢”指的是？	牲口圈	地牢	0	0
93	1	1	10000	1	2	“t娘”是哪部作品中的人物？	西	t	0	0
94	1	2	10000	1	2	被Q椤霸}”的唐代人是哪位？	杜甫	李白	0	0
95	1	1	10000	2	2	古代六，“Y，罚射，R，，怠敝械摹岸R”是指？	武	{	0	0
96	1	2	10000	2	2	狗咬味促e(猜一歇後Z)	不R女人心	不R好人心	0	0
97	1	1	10000	2	2	在二十四庵校既是庥质枪日的是？	元旦	清明	0	0
98	1	2	10000	2	2	人熟悉的“八卦”是出自？		周易	0	0
99	1	1	10000	1	2	作品中的“四君子”是指哪四N植物？	梅、m、竹、菊	梅、m、桃、菊	0	0
100	1	2	10000	1	2	"子曰‘敏而好W,不u下',@句文言文e的‘下'是指？"	向不如自己的人教	向比自己的人教	0	0
101	1	1	10000	2	2	道家是先秦T子百家的只要思想派e之一，道家的主要代表人物是？	孟子	老f	0	0
102	1	2	10000	2	2	儒家是先秦T子百家的主要思想派e之一，儒家的主要代表人物是？	n非子	孟子	0	0
103	1	1	10000	1	2	“天nn，野茫茫，L吹草低牛羊”描L的是哪地方的景色？	让晒鸥咴	青藏高原	0	0
104	1	2	10000	1	2	“w流直下三千尺，疑是y河落九天”出自？	望]山瀑布	]山瀑布	0	0
105	1	1	10000	2	2	“初出茅]”中的“茅]”本意是指l的住？	李白	T葛亮	0	0
106	1	2	10000	1	2	“家d亡，匹夫有”Z出？	炎武	O中山	0	0
107	1	1	10000	1	2	“山重水}疑o路，柳暗花明又一村。”此句的作者是？	[	毅	0	0
108	1	2	10000	2	2	“一Ttm妃子笑”中的“妃子”是指的l？	王昭君	钣癍h	0	0
109	1	1	10000	1	2	“色即是空，空即是色”此句出自哪部佛教著作？	心	易筋	0	0
110	1	2	10000	1	2	“一把紫竹悖一銮迕鞯挠辏引出西湖一段矍椤髯阅民g故事？	白蛇	牛郎女	0	0
111	1	1	10000	2	2	“昨夜N，可汗大c兵。十二卷，卷卷有名。”@句~是出自哪e？	木m	木mo	0	0
112	1	2	10000	1	2	“唐宋八大家”主要靠哪方面的文章名？	散文		0	0
113	1	1	10000	1	2	“停坐髁滞恚霜~t於二月花”@删湓的作者是？	杜牧	李白	0	0
114	1	2	10000	1	2	"“M看成X瘸煞,h近高低各不同”,它所描的是哪e的景^？"	江西]山	西[A山	0	0
115	1	1	10000	1	2	"“欲F千里目,更上一恰保@e的“更上一恰敝傅氖悄淖牵"	山西X雀	好R客大酒	0	0
116	1	2	10000	1	2	"“姑K城外寒山寺,夜半到客船”@e的“姑K城”是哪座城市的e名？"	K州城	P州城	0	0
117	1	1	10000	1	2	“阿o大海木moL兄，槭邪榜R，其中市是指？	去集市I	去集市^望	0	0
118	1	2	10000	1	2	一根竹竿^，筛竹竿四^，三根半竹竿^？	8	7	0	0
119	1	1	10000	1	2	"一杯}水,含}量30%,F在放入7克水和3克},@r杯子e}水的含}量槎嗌伲"	0.3	0.4	0	0
120	1	2	10000	2	2	S{斯是希D神中的什N神？	幸\之神	凵窈兔郎	0	0
121	1	1	10000	1	2	O果成熟了以後。槭颤N自拥舻降厣希	重力影	心`得到了Q化	0	0
122	1	2	10000	1	2	在古希D古_R神中的T神中，被Q椤凵瘛钡氖牵	丘比特	雅典娜	0	0
123	1	1	10000	1	2	“救人一命，僭炱呒浮屠。”其中浮屠的意思是？	塔	善心	0	0
124	1	2	10000	2	2	中的很多省市都有特的eQ，被Q椤吧匠恰钡氖悄城市？	昆明	重c	0	0
125	1	1	10000	2	2	“床前明月光”的明月光是指我所看到的？	太光	月亮光	0	0
126	1	2	10000	1	2	明朝著名的抗倭㈩I是？	戚^光	S^光	0	0
127	1	1	10000	1	2	“破釜沉舟”@典故f的是l？	羽	邦	0	0
128	1	2	10000	1	2	三演x中的“P”是？	T葛亮	y	0	0
129	1	1	10000	1	2	相髦古代能作“掌上舞”的人是l？	ww燕	钣癍h	0	0
130	1	2	10000	1	2	古代著名的兵《O子兵法》的作者是？	O武	O	0	0
131	1	1	10000	2	2	武t天在她的墓碑上都^什N？	挖掘技g哪家？	什N都]	0	0
132	1	2	10000	2	2	唐三彩主要是指哪三N色彩？	t、S、{	S、G、白	0	0
133	1	1	10000	1	2	c“精忠”，“莫有”等事件有P的v史人物是？	[w	w	0	0
134	1	2	10000	2	2	下面哪些全是古代四大才女中的人物？	貂s、西施、昭君	李清照、班昭	0	0
135	1	1	10000	1	2	中古代名tA佗檎l治病s被⒑Γ	曹操	曹丕	0	0
136	1	2	10000	2	2	W\上的R拉松比的起源c什N有P？	抓小偷		0	0
137	1	1	10000	2	2	《羽本o》述羽“破釜沉舟”是l生在什Nr候？	漳河之	钜鹿之	0	0
138	1	2	10000	1	2	“沉~落雁，]月羞花”，“沉~”是指的哪一位？	西施	貂s	0	0
139	1	1	10000	1	2	髡f中的江南四大才子出生于什N朝代？	明朝	清朝	0	0
140	1	2	10000	1	2	三後期，魏的哪位㈩I率先攻入蜀的都城？	艾	ST	0	0
141	1	1	10000	1	2	“n天已死，S天立，q在甲子，天下大吉”是哪次起x的口？	S巾起x	太平起x	0	0
142	1	2	10000	1	2	世界三大宗教不包括？	道教	佛教	0	0
143	1	1	10000	2	2	古名句“人生得意Mg”的下一句是什N？	做鬼也L流	莫使金樽空υ	0	0
144	1	2	10000	1	2	楚o中《九歌》和《x}》的作者是l？	屈原	李祥霆	0	0
145	1	1	10000	1	2	句“每逢佳倍思H”中的“佳”原意是指的哪日？	重	母H	0	0
146	1	2	10000	1	2	秦始皇大d土木，修建了世界名的工程，@工程是什N？	L城	U和@	0	0
147	1	1	10000	1	2	n熙d夜宴D的作者是？	b中	K|坡	0	0
148	1	2	10000	1	2	小r不R月，呼作白玉P。出自哪位人之P？	李白	杜甫	0	0
149	1	1	10000	1	2	“何以解n，惟有杜康”的作者是？	曹操		0	0
150	1	2	10000	1	2	《小窗幽》的作者是l？	^儒		0	0
151	1	1	10000	2	2	<二十四品>的作者是	司R	司空D	0	0
152	1	2	10000	2	2	古代按L格碇v，“工P”L注重	唯美秀	@	0	0
153	1	1	10000	2	2	智者匪，後一句是	愚者自Z	仁者飞	0	0
154	1	2	10000	1	2	古名句“人生若只如初”的下句是	何事秋L悲扇	只奈何相恨晚	0	0
155	1	1	10000	2	2	古名句“hh何所似，天地一沙t”的作者是	李白	杜甫	0	0
156	1	2	10000	1	2	“十年生死擅Ｃ！２凰剂浚自y忘。千古孤，oD觥！背鲎蕴KY的哪首~	江城子	K|坡	0	0
157	1	1	10000	2	2	“落花r又逢君”中的“君”指的是	李世民	李年	0	0
158	1	2	10000	1	2	“wBM，良弓藏，狡兔死，走狗烹”是l最先f的	蠡	李白	0	0
159	1	1	10000	2	2	古名句“人生自古lo死，留取丹心照汗青”的作者是	李清照	文天祥	0	0
160	1	2	10000	2	2	西[中西行取一共有兹耍	4	5	0	0
161	1	1	10000	1	2	泥菩_^河，打一歇後Z。	自身y保	游泳技g哪家？	0	0
162	1	2	10000	1	2	小t帽槭颤N平胸？（猜一冷笑）	被大野狼吃掉了	小胸胸去哪豪	0	0
163	1	1	10000	1	2	小白取成功之後被封槭颤N？	八部天	天八部	0	0
164	1	2	10000	1	2	有一字很多人都念e，是什N？（猜一X筋急D）	e	焱	0	0
165	1	1	10000	2	2	i八戒因檎{蛘l而被H入凡g？	曾志	嫦娥	0	0
166	1	2	10000	1	2	“统渣SB。（打一歇後Z）	有苦f不出	不知SB苦	0	0
167	1	1	10000	2	2	西[中i八戒多少？	34	36	0	0
168	1	2	10000	1	2	西[中^音娘娘居住在哪e？	南海落伽山	南海五指山	0	0
169	1	1	10000	2	2	西[的作者是l？	六小g童	浅卸	0	0
170	1	2	10000	2	2	檎到T葛亮出山，状卧L茅]？	2	3	0	0
171	1	1	10000	2	2	三演x中草船借箭的主要人物是？	T葛均	T葛亮	0	0
172	1	2	10000	2	2	以下哪x中的人物]有全部⑴c火赤壁？	T葛亮、周瑜、甘	O唷ⅠR超、曹操	0	0
173	1	1	10000	1	2	T葛亮活在世界上的怎N樱	多了一人	团d蜀h	0	0
174	1	2	10000	1	2	2l子，打死煞PB要1l，打死二比B要2l，C人如何打死2只B（猜冷笑）	二比B煞P了	一爆^	0	0
175	1	1	10000	1	2	三演x中Pr指的是l？	y	S月英	0	0
176	1	2	10000	2	2	三演x中是lf闹芯瘸隽税⒍罚	R超	w	0	0
177	1	1	10000	1	2	三演x中是l施Bh尾⑺懒硕卓？	王允	王力宏	0	0
178	1	2	10000	2	2	三演x中是lR死了王朗？	曹操	T葛亮	0	0
179	1	1	10000	1	2	世界上什N人一下子老?（猜一X筋急D）	新娘	老公	0	0
180	1	2	10000	1	2	三演x中是l因椴宦意而G了街亭？	Rq	R超	0	0
181	1	1	10000	1	2	"一b企Z,e得]事,拔自己毛玩。直到把毛拔光了，他f了句什N？（猜一冷笑）"	好冷	998根	0	0
182	1	2	10000	1	2	三演x中最後是l一y了三？	司R炎	司R懿	0	0
183	1	1	10000	2	2	沉~落雁]月羞花中]月指的是三中的哪位人物？	小	貂s	0	0
184	1	2	10000	1	2	P羽被人Q槭颤N？	P}帝君	P}帝公	0	0
185	1	1	10000	1	2	茉莉花、太花、玫瑰花，哪一朵花最]力？	茉莉花	玫瑰花	0	0
186	1	2	10000	2	2	希D、香格里拉、P，哪一家的服丈最]Y貌？	P	香格里拉	0	0
187	1	1	10000	1	2	酷酷哥、酷哥、酷哥，lㄉ老婆身w最弱？	酷酷哥	酷哥	0	0
188	1	2	10000	1	2	猴子最什N？	平行	感情	0	0
189	1	1	10000	1	2	象皮、老虎皮、{子皮哪一比^不好？	象皮	{子皮	0	0
190	1	2	10000	1	2	星星有多重	8公克	9公克	0	0
191	1	1	10000	1	2	l⒘吮惝	值日生	服丈	0	0
192	1	2	10000	2	2	哪一位不凫杜枷Fw5566的FT	Of志	明道	0	0
193	1	1	10000	1	2	：歌~“我然不恨你，也聿辉鼓恪钡母杳是什N	承J	承Z	0	0
194	1	2	10000	1	2	以下哪一首是林俊艿母	黑暗T士	黎明之後	0	0
195	1	1	10000	1	2	高雄以前叫什N	打狗	高M	0	0
196	1	2	10000	2	2	大老二最大的牌是什N	黑桃二	同花	0	0
197	1	1	10000	1	2	三角函sin中文名字是什N	正弦函	N弦函	0	0
198	1	2	10000	1	2	歌名好遇你原曲演唱歌手	李玉	李小	0	0
199	1	1	10000	2	2	以下哪位不是奔跑吧兄弟F的一T	李晨	范冰冰	0	0
200	1	2	10000	2	2	以下哪一位不是光兔Φ闹鞒秩	Oi	O楠	0	0
201	1	1	10000	1	2	Q行走的CD是哪位人	林俊	林俊逸	0	0
202	1	2	10000	1	2	以下哪一夜市不在台南市	新I夜市	大|夜市	0	0
203	1	1	10000	1	2	不Qt已的下一句是什N	一Q@人	一T地	0	0
204	1	2	10000	1	2	古代人Q50q是什N之年	天命	古稀	0	0
205	1	1	10000	1	2	13-5+2等於多少	10	6	0	0
206	1	2	10000	1	2	12生肖排第七位的生肖是什N	R		0	0
207	1	1	10000	1	2	2018年是什N年	狗	R	0	0
208	1	2	10000	2	2	13-(5+2)等於多少	10	6	0	0
209	1	1	10000	1	2	竹|f名叫什N	滂搅	浞屏	0	0
210	1	2	10000	1	2	以下哪一位不是偶像Fw183CLUB的FT	Of志	明道	0	0
211	1	1	10000	1	2	：歌~“我的凼穷w沙，你眼e只有他”的歌名是什N	你那N鬯	你那N想他	0	0
