限制ID（0-599为个人日限制(201-220为刷新商店专用，221-400为商品购买专用)600-679 周次数限制，680-699 月次数限制，700-749为小时限制，750-900为新增日次数限制，901~950为新增周次数限制，951~999新增月次数限制，帮派次数限制(日次数限制1000-1099，周次数限制1100-1149，月次数限制1150-1200)）	有效标志位	vip等级	次数限制	回复次数	是否客户端可见	名字	备注
[C][S]restrict_id	[S]valid	[C][S]vip_level	[C][S]nor_num	[C][S]back_num	[C][S]if_visible	[C]name	0
1	1	0	4	4	1	0	剑池任务每天做3次
2	1	0	1	1	1	0	帮派任务每天完成1轮
3	1	0	999	999	1	0	全服冲级领取魂玉计数
4	1	0	3	3	1	0	剑池采剑池每天3次
5	1	0	1	0	0	0	首次打开武器盒必的上品蓝武
6	1	0	4	4	1	0	剑池的复活次数计数
6	1	1	4	4	1	0	剑池的复活次数计数
6	1	2	4	4	1	0	剑池的复活次数计数
6	1	3	4	4	1	0	剑池的复活次数计数
6	1	4	12	12	1	0	剑池的复活次数计数
6	1	5	12	12	1	0	剑池的复活次数计数
6	1	6	12	12	1	0	剑池的复活次数计数
6	1	7	12	12	1	0	剑池的复活次数计数
6	1	8	20	20	1	0	剑池的复活次数计数
6	1	9	20	20	1	0	剑池的复活次数计数
6	1	10	20	20	1	0	剑池的复活次数计数
6	1	11	20	20	1	0	剑池的复活次数计数
6	1	12	50	50	1	0	剑池的复活次数计数
6	1	13	50	50	1	0	剑池的复活次数计数
6	1	14	50	50	1	0	剑池的复活次数计数
6	1	15	50	50	1	0	剑池的复活次数计数
6	1	16	60	60	1	0	剑池的复活次数计数
6	1	17	60	60	1	0	剑池的复活次数计数
6	1	18	70	70	1	0	剑池的复活次数计数
6	1	19	70	70	1	0	剑池的复活次数计数
6	1	20	80	80	1	0	剑池的复活次数计数
7	1	0	10000	10000	1	0	每日必做任务计数
8	1	0	1	1	1	0	剑池小循环每天做1次
9	1	0	999	999	1	0	离线竞技场每日经验奖励次数
10	1	0	1	1	1	0	蓝武必掉1次职业2
11	1	0	1	1	1	0	蓝武必掉1次职业3
12	1	0	1	1	1	0	蓝武必掉1次职业4
13	1	0	1	1	1	0	每人每日只能参与1次关碑大会(没用，用的是41)
14	1	0	999	0	1	青铜抽奖次数	青铜抽奖
15	1	0	999	0	1	白银抽奖次数	白银抽奖
16	1	0	999	0	1	宝物抽奖次数	夺宝抽奖
17	1	0	0	0	1	0	白银抽奖每日购买0次
17	1	1	0	0	1	0	白银抽奖每日购买0次
17	1	2	4	4	1	0	白银抽奖每日购买4次
17	1	3	5	5	1	0	白银抽奖每日购买5次
17	1	4	6	6	1	0	白银抽奖每日购买6次
17	1	5	7	7	1	0	白银抽奖每日购买7次
17	1	6	8	8	1	0	白银抽奖每日购买8次
17	1	7	9	9	1	0	白银抽奖每日购买9次
17	1	8	10	10	1	0	白银抽奖每日购买10次
17	1	9	11	11	1	0	白银抽奖每日购买11次
17	1	10	12	12	1	0	白银抽奖每日购买12次
17	1	11	13	13	1	0	白银抽奖每日购买13次
17	1	12	14	14	1	0	白银抽奖每日购买14次
17	1	13	15	15	1	0	白银抽奖每日购买15次
17	1	14	17	17	1	0	白银抽奖每日购买17次
17	1	15	20	20	1	0	白银抽奖每日购买20次
17	1	16	22	22	1	0	白银抽奖每日购买22次
17	1	17	25	25	1	0	白银抽奖每日购买25次
17	1	18	27	27	1	0	白银抽奖每日购买27次
17	1	19	30	30	1	0	白银抽奖每日购买30次
17	1	20	35	35	1	0	白银抽奖每日购买35次
18	1	0	20	20	1	0	剑池击杀奖励每日20次
19	1	0	2	2	1	0	秘境，开服宝箱活动---每日2次
20	1	0	2	2	1	0	归墟，开服宝箱活动---每日2次
21	1	0	1	1	1	0	日常礼包的次数限制ID
22	1	0	1	1	1	0	5连胜奖励的次数限制ID
23	1	0	1	1	1	0	10连胜奖励的次数限制ID
24	1	0	4	4	1	0	地宫魔像、帮派攻防每天付费复活
24	1	1	4	4	1	0	地宫魔像、帮派攻防每天付费复活
24	1	2	4	4	1	0	地宫魔像、帮派攻防每天付费复活
24	1	3	12	12	1	0	地宫魔像、帮派攻防每天付费复活
24	1	4	12	12	1	0	地宫魔像、帮派攻防每天付费复活
24	1	5	16	16	1	0	地宫魔像、帮派攻防每天付费复活
24	1	6	16	16	1	0	地宫魔像、帮派攻防每天付费复活
24	1	7	20	20	1	0	地宫魔像、帮派攻防每天付费复活
24	1	8	20	20	1	0	地宫魔像、帮派攻防每天付费复活
24	1	9	30	30	1	0	地宫魔像、帮派攻防每天付费复活
24	1	10	30	30	1	0	地宫魔像、帮派攻防每天付费复活
24	1	11	40	40	1	0	地宫魔像、帮派攻防每天付费复活
24	1	12	40	40	1	0	地宫魔像、帮派攻防每天付费复活
24	1	13	50	50	1	0	地宫魔像、帮派攻防每天付费复活
24	1	14	50	50	1	0	地宫魔像、帮派攻防每天付费复活
24	1	15	50	50	1	0	地宫魔像、帮派攻防每天付费复活
24	1	16	60	60	1	0	地宫魔像、帮派攻防每天付费复活
24	1	17	60	60	1	0	地宫魔像、帮派攻防每天付费复活
24	1	18	70	70	1	0	地宫魔像、帮派攻防每天付费复活
24	1	19	70	70	1	0	地宫魔像、帮派攻防每天付费复活
24	1	20	80	80	1	0	地宫魔像、帮派攻防每天付费复活
25	1	0	10	10	1	0	帮派目标每天可完成10次（帮派任务）
26	1	0	2	2	1	0	夺宝奇兵一天2次
27	1	0	1	1	1	0	上古遗迹（经验）一天1次
27	1	1	1	1	1	0	上古遗迹（经验）一天1次
27	1	2	1	1	1	0	上古遗迹（经验）一天1次
27	1	3	1	1	1	0	上古遗迹（经验）一天1次
27	1	4	1	1	1	0	上古遗迹（经验）一天1次
27	1	5	2	2	1	0	上古遗迹（经验）一天2次
27	1	6	2	2	1	0	上古遗迹（经验）一天2次
27	1	7	2	2	1	0	上古遗迹（经验）一天2次
27	1	8	2	2	1	0	上古遗迹（经验）一天2次
27	1	9	2	2	1	0	上古遗迹（经验）一天2次
27	1	10	2	2	1	0	上古遗迹（经验）一天2次
27	1	11	2	2	1	0	上古遗迹（经验）一天2次
27	1	12	2	2	1	0	上古遗迹（经验）一天2次
27	1	13	2	2	1	0	上古遗迹（经验）一天2次
27	1	14	2	2	1	0	上古遗迹（经验）一天2次
27	1	15	2	2	1	0	上古遗迹（经验）一天2次
27	1	16	2	2	1	0	上古遗迹（经验）一天2次
27	1	17	2	2	1	0	上古遗迹（经验）一天2次
27	1	18	2	2	1	0	上古遗迹（经验）一天2次
27	1	19	2	2	1	0	上古遗迹（经验）一天2次
27	1	20	2	2	1	0	上古遗迹（经验）一天2次
28	1	0	1	1	1	0	每日只能参加1次试炼之地
29	1	0	1	1	1	0	迷宫奖励一天1次
30	1	0	1	1	1	0	攻城战次数
31	1	0	18	6	1	0	打宝前6次感受1级保底
32	1	0	30	10	1	0	打宝前10次感受2级保底
33	1	0	4	4	1	0	每日付费刷新经文任务
33	1	1	4	4	1	0	每日付费刷新经文任务
33	1	2	4	4	1	0	每日付费刷新经文任务
33	1	3	10	10	1	0	每日付费刷新经文任务
33	1	4	10	10	1	0	每日付费刷新经文任务
33	1	5	10	10	1	0	每日付费刷新经文任务
33	1	6	10	10	1	0	每日付费刷新经文任务
33	1	7	15	15	1	0	每日付费刷新经文任务
33	1	8	15	15	1	0	每日付费刷新经文任务
33	1	9	15	15	1	0	每日付费刷新经文任务
33	1	10	15	15	1	0	每日付费刷新经文任务
33	1	11	20	20	1	0	每日付费刷新经文任务
33	1	12	20	20	1	0	每日付费刷新经文任务
33	1	13	20	20	1	0	每日付费刷新经文任务
33	1	14	20	20	1	0	每日付费刷新经文任务
33	1	15	30	30	1	0	每日付费刷新经文任务
33	1	16	30	30	1	0	每日付费刷新经文任务
33	1	17	30	30	1	0	每日付费刷新经文任务
33	1	18	30	30	1	0	每日付费刷新经文任务
33	1	19	40	40	1	0	每日付费刷新经文任务
33	1	20	40	40	1	0	每日付费刷新经文任务
34	1	0	99999	0	0	0	免费刷新经文任务次数记录
35	1	0	1	0	0	0	青铜首抽
36	1	0	4	4	1	0	晶石矿的每日使用次数
36	1	1	5	5	1	0	晶石矿的每日使用次数
36	1	2	5	5	1	0	晶石矿的每日使用次数
36	1	3	5	5	1	0	晶石矿的每日使用次数
36	1	4	5	5	1	0	晶石矿的每日使用次数
36	1	5	5	5	1	0	晶石矿的每日使用次数
36	1	6	5	5	1	0	晶石矿的每日使用次数
36	1	7	5	5	1	0	晶石矿的每日使用次数
36	1	8	5	5	1	0	晶石矿的每日使用次数
36	1	9	5	5	1	0	晶石矿的每日使用次数
36	1	10	5	5	1	0	晶石矿的每日使用次数
36	1	11	5	5	1	0	晶石矿的每日使用次数
36	1	12	5	5	1	0	晶石矿的每日使用次数
36	1	13	5	5	1	0	晶石矿的每日使用次数
36	1	14	5	5	1	0	晶石矿的每日使用次数
36	1	15	5	5	1	0	晶石矿的每日使用次数
36	1	16	5	5	1	0	晶石矿的每日使用次数
36	1	17	5	5	1	0	晶石矿的每日使用次数
36	1	18	5	5	1	0	晶石矿的每日使用次数
36	1	19	5	5	1	0	晶石矿的每日使用次数
36	1	20	5	5	1	0	晶石矿的每日使用次数
37	1	0	4	4	1	0	元宝转绑元的每日使用次数
38	1	0	4	4	1	0	现金转晶石的每日使用次数
39	1	0	100	100	1	0	帮派兑换库每日可以放入的最大道具数量上限
40	1	0	20	20	1	0	每天归墟获得星魂数量
41	1	0	1	1	1	0	每日只能参与一次学院观碑大会
42	1	0	1	0	0	0	军功商店首购的职业法器
43	1	0	3	0	0	0	第一次获得符印物
44	1	0	3	0	0	0	第一次获得符印法
45	1	0	2	2	1	0	战场每日参与2次，客户端写死，服务器配地图消耗里
46	1	0	3	3	0	0	开服七天天降财富，每日最多3个魂晶
47	1	0	1	0	0	0	诵读1次经文
48	1	0	1	1	1	0	每天阵营刺探敌国1
49	1	0	1	1	1	0	每天封小妖1轮
50	1	0	3	3	1	0	每天封妖王3次
51	1	0	999	999	1	0	夺旗每秒跳奖励计数
52	1	0	1	1	1	0	种植任务每天做1次
53	1	0	1	1	1	0	每天阵营刺探敌国2
54	1	0	999	999	1	0	藏宝图计数
55	1	0	3	0	1	0	第一次杀死秘境boss
56	1	0	25	25	0	0	每日推图掉落文本残页数
57	1	0	100	100	1	0	彩云的回收兑换
58	1	0	999	999	1	0	帮派召集的次数限制
59	1	0	7	7	0	0	宝箱大作战每天7次魂玉或宝石
60	1	0	10	10	1	0	斩妖任务计数
61	1	0	1	0	0	0	第一杀死真秘境boss
62	1	0	4	0	0	0	第一次通关1-2获得灵兽
63	1	0	12	0	0	0	第一次击杀剑池灰灰掉落
64	1	0	5	0	0	0	第一次通关净灵2-2碑掉落
65	1	0	5	5	1	0	新人每天只能发5次喜糖
66	1	0	20	20	1	0	每天只能采集20次喜糖
67	1	0	20	20	1	0	每天只能采集20次喜宴
68	1	0	20	20	1	0	每天只能敬酒20次
69	1	0	6	6	1	0	新郎摇床6次
70	1	0	10	10	1	0	龙虎丹10次
71	1	0	10	10	1	0	滚新床10次
72	1	0	0	0	1	0	首次10连抽灵宠半价（先用0次数屏蔽，这个别乱改，要用时问vic）
73	1	0	4	4	1	0	剑池任务每天4个任务，离线用
74	1	0	1	1	1	0	帮派任务每天1轮，离线用
75	1	0	1	1	1	0	双人赏花每天一次邀请
76	1	0	0	0	1	0	伏魔每天6只，离线用（活动去掉，离线保留）
77	1	0	1	1	1	0	巨兽每天1次（战功奖励扣），离线用
78	1	0	1	1	1	0	夺旗每天1次（dedign_cfg中配死），离线用
79	1	0	0	0	1	0	每天出国6次，离线用（活动去掉，离线保留）
80	1	0	8	8	1	0	每日必做一天8个，离线用
81	1	0	1	1	1	0	上古遗迹（财富）一天1次
82	1	0	1	1	1	0	上古遗迹（灵元）一天1次
83	1	0	5	5	1	0	离线用：人参果5环
84	1	0	2	2	1	0	每天只能进入战役2次
85	1	0	2	2	1	0	每天只能进入九层妖塔2次
86	1	0	2	2	1	0	每天只能进入归墟2次
87	1	0	1	1	1	0	每日使用日常双倍次数计数
88	1	0	10	10	1	0	封魔塔每日通关次数限制
89	1	0	12	12	1	0	补天石碎片每天12片
90	1	0	50	50	1	0	无用（先给婚礼BOSS的掉落次数用）
91	1	0	1	1	1	0	世界材料副本次数每日可开启一次
92	1	0	1	1	1	0	世界材料副本内机关每日可开启一次
93	1	0	10	10	1	0	5星任务计数
94	1	0	56	0	1	0	假秘境小怪掉落
95	1	0	40	40	1	0	每日可获得普通祝福奖励次数
96	1	0	20	20	1	0	每日可使用绑元祝福礼包次数
97	1	0	3	3	1	0	每日快速完成诵读任务
97	1	1	3	3	1	0	每日快速完成诵读任务
97	1	2	3	3	1	0	每日快速完成诵读任务
97	1	3	10	10	1	0	每日快速完成诵读任务
97	1	4	10	10	1	0	每日快速完成诵读任务
97	1	5	10	10	1	0	每日快速完成诵读任务
97	1	6	10	10	1	0	每日快速完成诵读任务
97	1	7	20	20	1	0	每日快速完成诵读任务
97	1	8	20	20	1	0	每日快速完成诵读任务
97	1	9	20	20	1	0	每日快速完成诵读任务
97	1	10	20	20	1	0	每日快速完成诵读任务
97	1	11	30	30	1	0	每日快速完成诵读任务
97	1	12	30	30	1	0	每日快速完成诵读任务
97	1	13	30	30	1	0	每日快速完成诵读任务
97	1	14	30	30	1	0	每日快速完成诵读任务
97	1	15	50	50	1	0	每日快速完成诵读任务
97	1	16	50	50	1	0	每日快速完成诵读任务
97	1	17	50	50	1	0	每日快速完成诵读任务
97	1	18	50	50	1	0	每日快速完成诵读任务
97	1	19	70	70	1	0	每日快速完成诵读任务
97	1	20	70	70	1	0	每日快速完成诵读任务
98	1	0	4	4	1	0	帮派每日BOSS可获得奖励次数
99	1	0	4	4	1	0	好友每日BOSS可获得奖励次数
100	1	0	1	0	0	0	领取第一个全服冲级奖励
101	1	0	1	0	0	0	领取第二个全服冲级奖励
102	1	0	1	1	1	0	每日阵营工资只能领取一次
103	1	0	2	2	1	0	邀请赏花计数
104	1	0	4	4	1	0	被邀请赏花计数
105	1	0	40	40	1	0	每日祝福入帮玩家可获得的奖励次数
106	1	0	10	10	1	0	帮派捐献每天捐献次数限制
106	1	1	10	10	1	0	帮派捐献每天捐献次数限制
106	1	2	10	10	1	0	帮派捐献每天捐献次数限制
106	1	3	10	10	1	0	帮派捐献每天捐献次数限制
106	1	4	20	20	1	0	帮派捐献每天捐献次数限制
106	1	5	20	20	1	0	帮派捐献每天捐献次数限制
106	1	6	20	20	1	0	帮派捐献每天捐献次数限制
106	1	7	20	20	1	0	帮派捐献每天捐献次数限制
106	1	8	25	25	1	0	帮派捐献每天捐献次数限制
106	1	9	25	25	1	0	帮派捐献每天捐献次数限制
106	1	10	25	25	1	0	帮派捐献每天捐献次数限制
106	1	11	25	25	1	0	帮派捐献每天捐献次数限制
106	1	12	30	30	1	0	帮派捐献每天捐献次数限制
106	1	13	30	30	1	0	帮派捐献每天捐献次数限制
106	1	14	30	30	1	0	帮派捐献每天捐献次数限制
106	1	15	30	30	1	0	帮派捐献每天捐献次数限制
106	1	16	35	35	1	0	帮派捐献每天捐献次数限制
106	1	17	35	35	1	0	帮派捐献每天捐献次数限制
106	1	18	35	35	1	0	帮派捐献每天捐献次数限制
106	1	19	35	35	1	0	帮派捐献每天捐献次数限制
106	1	20	40	40	1	0	帮派捐献每天捐献次数限制
107	1	0	4	4	1	0	帮派礼包兑换次数
108	1	0	1	1	1	0	夫妻双修副本进入次数
109	1	0	10	10	1	0	帮派神兽掉落限制
110	1	0	80000	80000	1	0	挂机衰减
111	1	0	5	5	1	0	藏宝店主题物每日购买次数
112	1	0	14	2	1	0	修炼时间最多储存7小时，每天恢复1小时
113	1	0	999	999	1	0	藏宝图刷新计数
114	1	0	50	50	1	0	20级祝福提示的获取次数限制
115	1	0	50	50	1	0	30级祝福提示的获取次数限制
116	1	0	50	50	1	0	虚丹境界祝福提示的获取次数限制
117	1	0	6	6	1	0	每日击杀兽兵每日掉落次数
118	1	0	6	6	1	0	每日击杀兽将每日掉落次数
119	1	0	10	10	1	0	每日击杀旗帜每日掉落次数
120	1	0	6	6	1	0	灵宠大暴走每日掉落次数
121	1	0	15	10	1	0	世界频道发言每日次数（本身次数+喇叭次数）
121	1	1	15	15	1	0	世界频道发言每日次数
121	1	2	20	20	1	0	世界频道发言每日次数
121	1	3	25	25	1	0	世界频道发言每日次数
121	1	4	30	30	1	0	世界频道发言每日次数
121	1	5	35	35	1	0	世界频道发言每日次数
121	1	6	40	40	1	0	世界频道发言每日次数
121	1	7	45	45	1	0	世界频道发言每日次数
121	1	8	50	50	1	0	世界频道发言每日次数
121	1	9	55	55	1	0	世界频道发言每日次数
121	1	10	60	60	1	0	世界频道发言每日次数
121	1	11	65	65	1	0	世界频道发言每日次数
121	1	12	70	70	1	0	世界频道发言每日次数
121	1	13	75	75	1	0	世界频道发言每日次数
121	1	14	80	80	1	0	世界频道发言每日次数
121	1	15	85	85	1	0	世界频道发言每日次数
121	1	16	90	90	1	0	世界频道发言每日次数
121	1	17	95	95	1	0	世界频道发言每日次数
121	1	18	100	100	1	0	世界频道发言每日次数
121	1	19	105	105	1	0	世界频道发言每日次数
121	1	20	110	110	1	0	世界频道发言每日次数
122	1	0	999999	0	1	0	世界频道道具增加的发言次数（世界频道这个是特殊的，本身次数+喇叭次数）
123	1	0	1	1	1	0	摇钱树免费摇1次
124	1	0	20	20	1	0	VIP0摇钱树付费可以摇20次
124	1	1	30	30	1	0	VIP1摇钱树付费可以摇30次
124	1	2	40	40	1	0	VIP2摇钱树付费可以摇40次
124	1	3	50	50	1	0	VIP3摇钱树付费可以摇50次
124	1	4	70	70	1	0	VIP4摇钱树付费可以摇70次
124	1	5	80	80	1	0	VIP5摇钱树付费可以摇80次
124	1	6	100	100	1	0	VIP6摇钱树付费可以摇100次
124	1	7	110	110	1	0	VIP7摇钱树付费可以摇110次
124	1	8	120	120	1	0	VIP8摇钱树付费可以摇120次
124	1	9	140	140	1	0	VIP9摇钱树付费可以摇140次
124	1	10	150	150	1	0	VIP10摇钱树付费可以摇150次
124	1	11	160	160	1	0	VIP11摇钱树付费可以摇160次
124	1	12	180	180	1	0	VIP12摇钱树付费可以摇180次
124	1	13	190	190	1	0	VIP13摇钱树付费可以摇190次
124	1	14	200	200	1	0	VIP14摇钱树付费可以摇200次
124	1	15	250	250	1	0	VIP15摇钱树付费可以摇250次
124	1	16	260	260	1	0	VIP11摇钱树付费可以摇260次
124	1	17	270	270	1	0	VIP11摇钱树付费可以摇270次
124	1	18	280	280	1	0	VIP11摇钱树付费可以摇280次
124	1	19	290	290	1	0	VIP11摇钱树付费可以摇290次
124	1	20	300	300	1	0	VIP11摇钱树付费可以摇300次
125	1	0	1	1	1	0	帮派宝库的宝箱开1次
126	1	0	1	0	1	0	商城-十次招募令，1生1次
127	1	0	1	0	0	0	归墟61级后必掉一次三阶紫武
128	1	0	1	1	1	0	每日只能使用一个修炼丹
129	1	0	5	5	1	0	天地异变材料提交次数
130	1	0	5	0	1	0	藏宝图保底5片灵宝碎片
131	1	0	10	0	1	0	离线竞技场10次挑战
132	1	0	1	1	1	0	神魔古墓每日可参与一次
133	1	0	0	0	1	0	每日只能使用2次竞技丹（增加挑战次数）
133	1	1	0	0	1	0	每日只能使用2次竞技丹（增加挑战次数）
133	1	2	2	2	1	0	每日只能使用2次竞技丹（增加挑战次数）
133	1	3	2	2	1	0	每日只能使用2次竞技丹（增加挑战次数）
133	1	4	2	2	1	0	每日只能使用2次竞技丹（增加挑战次数）
133	1	5	2	2	1	0	每日只能使用2次竞技丹（增加挑战次数）
133	1	6	2	2	1	0	每日只能使用2次竞技丹（增加挑战次数）
133	1	7	2	2	1	0	每日只能使用2次竞技丹（增加挑战次数）
133	1	8	2	2	1	0	每日只能使用2次竞技丹（增加挑战次数）
133	1	9	3	3	1	0	每日只能使用3次竞技丹（增加挑战次数）
133	1	10	3	3	1	0	每日只能使用3次竞技丹（增加挑战次数）
133	1	11	3	3	1	0	每日只能使用3次竞技丹（增加挑战次数）
133	1	12	4	4	1	0	每日只能使用4次竞技丹（增加挑战次数）
133	1	13	4	4	1	0	每日只能使用4次竞技丹（增加挑战次数）
133	1	14	4	4	1	0	每日只能使用4次竞技丹（增加挑战次数）
133	1	15	5	5	1	0	每日只能使用5次竞技丹（增加挑战次数）
133	1	16	5	5	1	0	每日只能使用5次竞技丹（增加挑战次数）
133	1	17	8	8	1	0	每日只能使用8次竞技丹（增加挑战次数）
133	1	18	8	8	1	0	每日只能使用8次竞技丹（增加挑战次数）
133	1	19	8	8	1	0	每日只能使用8次竞技丹（增加挑战次数）
133	1	20	8	8	1	0	每日只能使用8次竞技丹（增加挑战次数）
134	1	0	1	1	1	0	聚宝盆1元每日1次
135	1	0	1	1	1	0	聚宝盆3元每日1次
136	1	0	1	1	1	0	聚宝盆8元每日1次
137	1	0	1	1	1	0	聚宝盆12元每日1次
138	1	0	5	5	1	0	神魔古墓每日可复活5次
139	1	0	4	4	1	0	归墟助战礼包只能领取4次
140	1	0	4	4	1	0	秘境助战礼包只能领取4次
141	1	0	4	4	1	0	鬼王陵助战礼包只能领取4次
142	1	0	2	0	1	0	帮派任务保底-蛟龙麟
143	1	0	2	0	1	0	帮派任务保底-金蚕丝
144	1	0	2	0	1	0	帮派任务保底-夫诸皮
145	1	0	2	0	1	0	帮派任务保底-旋龟甲
146	1	0	2	0	1	0	帮派任务保底-紫金矿
147	1	0	2	0	1	0	帮派任务保底-赤金矿
148	1	0	2	0	1	0	帮派任务保底-青金矿
149	1	0	2	0	1	0	帮派任务保底-白金矿
150	1	0	5	0	1	0	帮派任务保底-砖瓦
151	1	0	2	2	1	0	每人可召唤2次帮派神兽（帮派功能没做）
152	1	0	1	1	1	0	帮派宝库计数
153	1	0	0	0	1	0	竞技场绑元购买次数
153	1	1	0	0	1	0	竞技场绑元购买次数
153	1	2	2	2	1	0	竞技场绑元购买次数
153	1	3	2	2	1	0	竞技场绑元购买次数
153	1	4	2	2	1	0	竞技场绑元购买次数
153	1	5	2	2	1	0	竞技场绑元购买次数
153	1	6	2	2	1	0	竞技场绑元购买次数
153	1	7	2	2	1	0	竞技场绑元购买次数
153	1	8	2	2	1	0	竞技场绑元购买次数
153	1	9	3	3	1	0	竞技场绑元购买次数
153	1	10	3	3	1	0	竞技场绑元购买次数
153	1	11	3	3	1	0	竞技场绑元购买次数
153	1	12	4	4	1	0	竞技场绑元购买次数
153	1	13	4	4	1	0	竞技场绑元购买次数
153	1	14	4	4	1	0	竞技场绑元购买次数
153	1	15	5	5	1	0	竞技场绑元购买次数
153	1	16	5	5	1	0	竞技场绑元购买次数
153	1	17	8	8	1	0	竞技场绑元购买次数
153	1	18	8	8	1	0	竞技场绑元购买次数
153	1	19	8	8	1	0	竞技场绑元购买次数
153	1	20	8	8	1	0	竞技场绑元购买次数
154	1	0	50	50	1	0	主播频道每日发言次数限制
155	1	0	1	1	1	0	支线-天降元宝3-单人日常
156	1	0	1	1	1	0	支线-天降元宝1-一条龙
157	1	0	1	1	1	0	支线-天降元宝2-帮派日常
158	1	0	0	0	1	0	离线找回-封魔塔打通第一关（活动去掉，离线保留）
159	1	0	36	36	1	0	灵宠大暴走每日掉落灵宠币
160	1	0	12	12	1	0	灵宠大暴走每日掉落高级灵宠币
161	1	0	20	20	1	0	灵宠大暴走每日掉落培养丹
162	1	0	1	1	1	0	灵宠大暴走每日掉落夫诸皮
163	1	0	1	1	1	0	灵宠大暴走每日掉落旋龟甲
164	1	0	4	4	1	0	帮派宣言次数限制
165	1	0	5	5	1	0	重阳节每日桂花糕掉落限制（元旦、5环任务复用，情人节商店招募令复用）
166	1	0	10	0	1	0	重阳节礼盒1购买限制
167	1	0	3	0	1	0	重阳节礼盒2购买限制
168	1	0	1	0	1	0	重阳节礼盒3购买限制
169	1	0	1	0	1	0	重阳节礼盒4购买限制
170	1	0	3	0	1	0	重阳节礼盒5购买限制
171	1	0	1	0	1	0	脱单节结婚次数，终身一次
172	1	0	5	5	1	0	双十一夫妻副本，篝火奖励好人卡，5次
173	1	0	1	0	1	0	脱单节，戒指折扣
174	1	0	5	5	1	0	立冬节饺子馅掉落次数
175	1	0	1	0	1	0	立冬节礼包1购买次数
176	1	0	5	0	1	0	立冬节礼包2购买次数
177	1	0	3	0	1	0	立冬节礼包3购买次数
178	1	0	3	0	1	0	立冬节礼包4购买次数
179	1	0	6	0	1	0	立冬节礼盒一购买次数
180	1	0	2	0	1	0	立冬节礼盒二购买次数
181	1	0	2	0	1	0	立冬节礼盒三购买次数
182	1	0	1	0	1	0	立冬节礼盒四购买次数
183	1	0	3	0	1	0	立冬节礼盒五购买次数
184	1	0	5	5	1	0	特惠商城饺子皮每日购买次数
185	1	0	5	5	1	0	特惠商城饺子馅每日购买次数
186	1	0	1	0	1	0	双十一婚戒打折
187	1	0	1	0	1	0	改名免费一次
188	1	0	10	2	1	0	每日打造次数限制
189	1	0	6	6	1	0	地宫钥匙使用次数
190	1	0	24	8	1	0	剑池打卡牌每天保底次数
191	1	0	1	1	1	0	点券夺宝机会获取-6元每日1次
192	1	0	1	1	1	0	点券夺宝机会获取-30元每日1次
193	1	0	1	0	1	0	魅力榜礼包3
194	1	0	6	0	1	0	双十一礼盒一，终身一次
195	1	0	4	0	1	0	双十一礼盒二，终身一次
196	1	0	3	0	1	0	双十一礼盒三，终身一次
197	1	0	1	0	1	0	双十一礼盒四，终身一次
198	1	0	3	0	1	0	双十一礼盒五，终身一次
199	1	0	15	10	1	0	阵营频道发言每日次数（本身次数，与世界频道不一样）
199	1	1	15	15	1	0	阵营频道发言每日次数
199	1	2	20	20	1	0	阵营频道发言每日次数
199	1	3	25	25	1	0	阵营频道发言每日次数
199	1	4	30	30	1	0	阵营频道发言每日次数
199	1	5	35	35	1	0	阵营频道发言每日次数
199	1	6	40	40	1	0	阵营频道发言每日次数
199	1	7	45	45	1	0	阵营频道发言每日次数
199	1	8	50	50	1	0	阵营频道发言每日次数
199	1	9	55	55	1	0	阵营频道发言每日次数
199	1	10	60	60	1	0	阵营频道发言每日次数
199	1	11	65	65	1	0	阵营频道发言每日次数
199	1	12	70	70	1	0	阵营频道发言每日次数
199	1	13	75	75	1	0	阵营频道发言每日次数
199	1	14	80	80	1	0	阵营频道发言每日次数
199	1	15	85	85	1	0	阵营频道发言每日次数
199	1	16	90	90	1	0	阵营频道发言每日次数
199	1	17	95	95	1	0	阵营频道发言每日次数
199	1	18	100	100	1	0	阵营频道发言每日次数
199	1	19	105	105	1	0	阵营频道发言每日次数
199	1	20	110	110	1	0	阵营频道发言每日次数
200	1	0	5	5	1	0	小雪节篝火掉落
201	1	0	5	5	1	0	元宝商店，低级灵卷，2101级以上购买次数
202	1	0	6	6	1	0	元宝商店，中级灵卷，5161级以上购买次数
203	1	0	5	5	1	0	魔符商店每日可以手动刷新5次
204	1	0	10	0	1	0	小雪礼盒・一
205	1	0	3	0	1	0	小雪礼盒・二
206	1	0	1	0	1	0	小雪礼盒・三
207	1	0	1	0	1	0	小雪礼盒・四
208	1	0	3	0	1	0	小雪礼盒・五
209	1	0	5	5	1	0	双12，篝火掉落雪球
210	1	0	6	0	1	0	双12，狂欢礼盒一
211	1	0	2	0	1	0	双12，狂欢礼盒二
212	1	0	1	0	1	0	双12，狂欢礼盒三
213	1	0	2	0	1	0	双12，狂欢礼盒四
214	1	0	2	0	1	0	双12，狂欢礼盒五
215	1	0	1	1	1	0	圣诞节，祝福字，归墟用(元旦、劳动节复用)、七夕节双修复用
216	1	0	1	1	1	0	圣诞节，祝福字，秘境用(元旦、劳动节复用)、七夕商城复用
217	1	0	1	1	1	0	圣诞节，祝福字，鬼王陵用(元旦、劳动节复用)，七夕节复用
218	1	0	5	5	1	0	圣诞节，祝福字，宝岛篝火用
219	1	0	2	2	1	0	圣诞节，祝福字，剑池任务1、4环
220	1	0	1	1	1	0	圣诞节，祝福字，醉仙酿用（情人节婚戒购买复用）
221	1	0	10	10	1	0	帮派兑换-[制造]女娲石
222	1	0	10	10	1	0	帮派兑换-[制造]女娲石
223	1	0	1	1	1	0	活动，圣诞泡澡
224	1	0	10	10	1	0	活动，祝福字1购买次数
225	1	0	10	10	1	0	活动，祝福字2购买次数
226	1	0	5	0	1	0	元旦，商城礼盒一次数
227	1	0	2	0	1	0	元旦，商城礼盒二次数
228	1	0	1	0	1	0	元旦，商城礼盒三次数
229	1	0	2	0	1	0	元旦，商城礼盒四次数
230	1	0	2	0	1	0	元旦，商城礼盒五次数
231	1	0	1	0	1	0	活动基金购买次数
232	1	0	3	3	1	0	元旦，孔明灯每日奖励次数
233	1	0	999	999	1	0	购买周卡、月卡计数
234	1	0	1	0	1	0	师徒-醉仙酿
235	1	0	1	0	1	0	师徒-剑池任务
236	1	0	1	0	1	0	师徒-长生碑
237	1	0	1	0	1	0	师徒-巨兽
238	1	0	1	0	1	0	师徒-夺旗
239	1	0	1	0	1	0	师徒-秘境
240	1	0	1	0	1	0	师徒-归墟
241	1	0	1	0	1	0	师徒-鬼王陵
242	1	0	1	0	1	0	师徒-帮任
243	1	0	1	0	1	0	师徒-观碑
244	1	0	1	0	1	0	师徒-帮派宝库
245	1	0	1	0	1	0	师徒-装备强化
246	1	0	1	0	1	0	师徒-装备重铸
247	1	0	1	0	1	0	师徒-宠物培养
248	1	0	1	0	1	0	师徒-宠物突破
249	1	0	1	0	1	0	师徒-装备精炼
250	1	0	1	0	1	0	师徒-宝石升级
251	1	0	1	0	1	0	师徒-购买聚宝盆
252	1	0	1	0	1	0	师徒-购买周卡
253	1	0	5	5	1	0	情人节送花前5次有奖励
254	1	0	1	1	1	0	帮派兑换-帮派宝石盒
255	1	0	1	1	1	0	帮派兑换-帮派宝石盒
256	1	0	1	1	1	0	帮派兑换-帮派宝石盒
257	1	0	20	20	1	0	帮派兑换-陨铁
258	1	0	20	20	1	0	帮派兑换-[灵兽]培养丹
259	1	0	1	0	1	0	基金购买-成长基金
260	1	0	1	0	1	0	基金购买-登录基金
261	1	0	5	5	1	0	IOS小额充值次数限制-6元
262	1	0	5	5	1	0	IOS小额充值次数限制-30元
263	1	0	6	6	1	0	奇遇任务-每天6次
264	1	0	225	225	1	0	地宫打宝前30分钟225只怪保底
265	1	0	1	1	1	0	地宫钥匙每天保底1把
266	1	0	3	3	1	0	地宫钥匙每天后续产3把
267	1	0	3	3	1	0	占坑
268	1	0	2	2	1	0	占坑
269	1	0	1	1	1	0	占坑
270	1	0	2	2	1	0	占坑
271	1	0	2	2	1	0	占坑
272	1	0	1	1	1	0	港澳台官网包，点券夺宝100元宝-暂不给奖励，次数填1
273	1	0	1	1	1	0	港澳台官网包，点券夺宝200元宝-暂不给奖励，次数填1
274	1	0	1	1	1	0	港澳台官网包，点券夺宝机会获取-300元宝每日1次
275	1	0	1	1	1	0	港澳台官网包，点券夺宝机会获取-400元宝每日1次
276	1	0	1	1	1	0	港澳台官网包，点券夺宝机会获取-600元宝每日1次
277	1	0	1	1	1	0	港澳台官网包，点券夺宝机会获取-700元宝每日1次
278	1	0	1	0	1	0	魅力榜礼包4
279	1	0	3	3	1	0	每天购买天地灵气3次
280	1	0	1	1	1	0	越南专用-最低档，点券夺宝100元宝-暂不给奖励，次数填1
281	1	0	12	12	1	0	力量陨石/上古力量陨石/神赐力量陨石
282	1	0	12	12	1	0	守护陨石/上古守护陨石/神赐守护陨石
283	1	0	12	12	1	0	生命陨石上古生命陨石/神赐生命陨石
284	1	0	12	12	1	0	诡秘陨石/上古诡秘陨石/神赐诡秘陨石
285	1	0	100	100	1	0	紫星魂
286	1	0	100	100	1	0	紫星魂/橙星魂
287	1	0	100	100	1	0	橙星魂/红星魂
288	1	0	2	0	1	0	限时礼包，，六，4~15天，礼包4
289	1	0	2	0	1	0	限时礼包，，七，4~15天，礼包1
290	1	0	2	0	1	0	限时礼包，，七，4~15天，礼包2
291	1	0	1	0	1	0	限时礼包，，七，4~15天，礼包3
292	1	0	4	0	1	0	限时礼包，，八，4~15天，礼包1
293	1	0	1	0	1	0	限时礼包，，八，4~15天，礼包2
294	1	0	1	0	1	0	限时礼包，，八，4~15天，礼包3
295	1	0	0	0	1	0	世界频道发言每日次数（云峰、游戏猫）
295	1	1	15	15	1	0	世界频道发言每日次数（云峰、游戏猫）
295	1	2	20	20	1	0	世界频道发言每日次数（云峰、游戏猫）
295	1	3	25	25	1	0	世界频道发言每日次数（云峰、游戏猫）
295	1	4	30	30	1	0	世界频道发言每日次数（云峰、游戏猫）
295	1	5	999	999	1	0	世界频道发言每日次数（云峰、游戏猫）
295	1	6	999	999	1	0	世界频道发言每日次数（云峰、游戏猫）
295	1	7	999	999	1	0	世界频道发言每日次数（云峰、游戏猫）
295	1	8	999	999	1	0	世界频道发言每日次数（云峰、游戏猫）
295	1	9	999	999	1	0	世界频道发言每日次数（云峰、游戏猫）
295	1	10	999	999	1	0	世界频道发言每日次数（云峰、游戏猫）
295	1	11	999	999	1	0	世界频道发言每日次数（云峰、游戏猫）
295	1	12	999	999	1	0	世界频道发言每日次数（云峰、游戏猫）
295	1	13	999	999	1	0	世界频道发言每日次数（云峰、游戏猫）
295	1	14	999	999	1	0	世界频道发言每日次数（云峰、游戏猫）
295	1	15	999	999	1	0	世界频道发言每日次数（云峰、游戏猫）
295	1	16	999	999	1	0	世界频道发言每日次数（云峰、游戏猫）
295	1	17	999	999	1	0	世界频道发言每日次数（云峰、游戏猫）
295	1	18	999	999	1	0	世界频道发言每日次数（云峰、游戏猫）
295	1	19	999	999	1	0	世界频道发言每日次数（云峰、游戏猫）
295	1	20	999	999	1	0	世界频道发言每日次数（云峰、游戏猫）
296	1	0	0	0	1	0	阵营频道发言每日次数（云峰、游戏猫）
296	1	1	15	15	1	0	阵营频道发言每日次数（云峰、游戏猫）
296	1	2	20	20	1	0	阵营频道发言每日次数（云峰、游戏猫）
296	1	3	25	25	1	0	阵营频道发言每日次数（云峰、游戏猫）
296	1	4	30	30	1	0	阵营频道发言每日次数（云峰、游戏猫）
296	1	5	999	999	1	0	阵营频道发言每日次数（云峰、游戏猫）
296	1	6	999	999	1	0	阵营频道发言每日次数（云峰、游戏猫）
296	1	7	999	999	1	0	阵营频道发言每日次数（云峰、游戏猫）
296	1	8	999	999	1	0	阵营频道发言每日次数（云峰、游戏猫）
296	1	9	999	999	1	0	阵营频道发言每日次数（云峰、游戏猫）
296	1	10	999	999	1	0	阵营频道发言每日次数（云峰、游戏猫）
296	1	11	999	999	1	0	阵营频道发言每日次数（云峰、游戏猫）
296	1	12	999	999	1	0	阵营频道发言每日次数（云峰、游戏猫）
296	1	13	999	999	1	0	阵营频道发言每日次数（云峰、游戏猫）
296	1	14	999	999	1	0	阵营频道发言每日次数（云峰、游戏猫）
296	1	15	999	999	1	0	阵营频道发言每日次数（云峰、游戏猫）
296	1	16	999	999	1	0	阵营频道发言每日次数（云峰、游戏猫）
296	1	17	999	999	1	0	阵营频道发言每日次数（云峰、游戏猫）
296	1	18	999	999	1	0	阵营频道发言每日次数（云峰、游戏猫）
296	1	19	999	999	1	0	阵营频道发言每日次数（云峰、游戏猫）
296	1	20	999	999	1	0	阵营频道发言每日次数（云峰、游戏猫）
297	1	0	1	1	1	0	每日18元礼包购买次数
298	1	0	1	1	1	0	25元摇宝
299	1	0	1	1	1	0	50元摇宝
300	1	0	160	160	1	0	幸运抽奖次数
301	1	0	20	20	1	0	商城购买-绑元限量-普通强化石
302	1	0	15	15	1	0	商城购买-绑元限量-精粹强化石
303	1	0	10	10	1	0	商城购买-绑元限量-稀有强化石
304	1	0	3	3	1	0	商城购买-绑元限量-上古强化石
305	1	0	2	2	1	0	商城购买-绑元限量-神赐强化石
306	1	0	100	100	1	0	商城购买-绑元限量-灵宠培养丹
307	1	0	5	5	1	0	商城购买-绑元限量-低级灵卷
308	1	0	2	2	1	0	商城购买-绑元限量-中级灵卷
309	1	0	1	1	1	0	商城购买-绑元限量-高级灵卷
310	1	0	100	100	1	0	商城购买-元宝限量-上古解封石
311	1	0	100	100	1	0	商城购买-元宝限量-神赐解封石
312	1	0	1	1	1	0	商城购买-占位
313	1	0	1	1	1	0	商城购买-占位
314	1	0	1	1	1	0	商城购买-占位
315	1	0	1	1	1	0	商城购买-占位
316	1	0	1	1	1	0	商城购买-占位
317	1	0	1	1	1	0	商城购买-占位
318	1	0	1	1	1	0	商城购买-占位
319	1	0	1	1	1	0	商城购买-占位
320	1	0	1	1	1	0	商城只能购买一次高级膜拜丹
321	1	0	3	0	1	0	长生礼包1
322	1	0	1	0	1	0	长生礼包2
323	1	0	2	0	1	0	长生礼包3
324	1	0	1	0	1	0	长生礼包4
325	1	0	3	0	1	0	强化榜礼包1
326	1	0	2	0	1	0	强化榜礼包2
327	1	0	1	0	1	0	强化榜礼包3
328	1	0	1	0	1	0	强化榜礼包4
329	1	0	1	0	1	0	宝石榜礼包1
330	1	0	2	0	1	0	宝石榜礼包2
331	1	0	1	0	1	0	宝石榜礼包3
332	1	0	1	0	1	0	宝石榜礼包4
333	1	0	3	0	1	0	灵宠榜礼包1
334	1	0	2	0	1	0	灵宠榜礼包2
335	1	0	1	0	1	0	灵宠榜礼包3
336	1	0	1	0	1	0	灵宠榜礼包4
337	1	0	1	0	1	0	修为榜礼包1
338	1	0	1	0	1	0	修为榜礼包2
339	1	0	1	0	1	0	修为榜礼包3
340	1	0	1	0	1	0	修为榜礼包4
341	1	0	1	0	1	0	魅力榜礼包1
342	1	0	1	0	1	0	魅力榜礼包2
343	1	0	1	0	1	0	魅力榜礼包3
344	1	0	1	0	1	0	魅力榜礼包4
345	1	0	3	0	1	0	长生礼包1
346	1	0	1	0	1	0	长生礼包2
347	1	0	1	0	1	0	长生礼包3
348	1	0	1	0	1	0	长生礼包4
349	1	0	3	0	1	0	强化榜礼包1
350	1	0	2	0	1	0	强化榜礼包2
351	1	0	1	0	1	0	强化榜礼包3
352	1	0	1	0	1	0	强化榜礼包4
353	1	0	1	0	1	0	宝石榜礼包1
354	1	0	2	0	1	0	宝石榜礼包2
355	1	0	1	0	1	0	宝石榜礼包3
356	1	0	1	0	1	0	宝石榜礼包4
357	1	0	1	0	1	0	宝石榜礼包5
358	1	0	3	0	1	0	灵宠榜礼包1
359	1	0	2	0	1	0	灵宠榜礼包2
360	1	0	1	0	1	0	灵宠榜礼包3
361	1	0	1	0	1	0	灵宠榜礼包4
362	1	0	1	0	1	0	灵宠榜礼包5
363	1	0	1	0	1	0	修为榜礼包1
364	1	0	1	0	1	0	修为榜礼包2
365	1	0	1	0	1	0	修为榜礼包3
366	1	0	1	0	1	0	修为榜礼包4
367	1	0	1	0	1	0	魅力榜礼包1
368	1	0	1	0	1	0	魅力榜礼包2
369	1	0	1	0	1	0	VIP礼包购买限制-V0
370	1	0	1	0	1	0	VIP礼包购买限制-V11
371	1	0	1	0	1	0	VIP礼包购买限制-V12
372	1	0	1	0	1	0	VIP礼包购买限制-V13
373	1	0	1	0	1	0	VIP礼包购买限制-V14
374	1	0	1	0	1	0	VIP礼包购买限制-V15
375	1	0	10	10	1	0	港澳台开服活动--仙露琼浆，宝岛每日10次
376	1	0	35	35	1	0	藏品店主题物购买----康乃馨
377	1	0	2	2	1	0	藏品店，魂灵宝碎片，每日2次
378	1	0	3	0	1	0	修仙榜---宝石榜，科技一
379	1	0	3	0	1	0	修仙榜---修为，科技一
380	1	0	1	0	1	0	VIP礼包购买限制-V1
381	1	0	1	0	1	0	VIP礼包购买限制-V2
382	1	0	1	0	1	0	VIP礼包购买限制-V3
383	1	0	1	0	1	0	VIP礼包购买限制-V4
384	1	0	1	0	1	0	VIP礼包购买限制-V5
385	1	0	1	0	1	0	VIP礼包购买限制-V6
386	1	0	1	0	1	0	VIP礼包购买限制-V7
387	1	0	1	0	1	0	VIP礼包购买限制-V8
388	1	0	1	0	1	0	VIP礼包购买限制-V9
389	1	0	1	0	1	0	VIP礼包购买限制-V10
390	1	0	1	1	1	0	每日1元礼包购买
391	1	0	1	1	1	0	每日3元礼包购买
392	1	0	1	1	1	0	每日6元礼包购买
393	1	0	1	1	1	0	每日1元礼包使用次数限制
394	1	0	1	1	1	0	每日3元礼包使用次数限制
395	1	0	1	1	1	0	每日6元礼包使用次数限制
396	1	0	2	2	1	0	鬼王陵，开服宝箱活动--每日2次
397	1	0	10	10	1	0	清明节祭祖酒---每日掉落10次
398	1	0	1	1	1	0	周卡每日领取次数
399	1	0	1	1	1	0	月卡每日领取次数
400	1	0	4	4	1	0	灵兽大暴走活动次数限制
401	1	0	1	1	1	0	新春祝福奖励次数ID
402	1	0	1	1	1	0	未知次数限制
403	1	0	1	0	1	0	成长礼包-科技2后进免费包---复用
404	1	0	3	0	1	0	成长礼包-技2后进12元包---复用
405	1	0	3	0	1	0	成长礼包-技2后进25元包---复用
406	1	0	1	0	1	0	成长礼包-技2正常免费包
407	1	0	1	0	1	0	成长礼包-技2正常8元包
408	1	0	1	0	1	0	成长礼包-技2正常18元包
409	1	0	1	0	1	0	成长礼包-技2正常30元包
410	1	0	1	0	1	0	成长礼包-技2正常50元包
411	1	0	1	0	1	0	成长礼包-技2正常88元包
412	1	0	1	1	1	0	1级藏宝图每日免费次数
413	1	0	1	1	1	0	答题每日进入次数限制
414	1	0	1200	0	1	0	离线修炼时间（分钟）
415	1	0	1	0	1	0	成长礼包-科技一1------复用
416	1	0	1	0	1	0	成长礼包-科技一2------复用
417	1	0	1	0	1	0	成长礼包-科技一3------复用
418	1	0	1	0	1	0	成长礼包-科技一4------复用
419	1	0	1	0	1	0	成长礼包-科技一5------复用
420	1	0	1	0	1	0	成长礼包-超值礼包1（二次充值礼包）
421	1	0	1	0	1	0	周卡-首次6.5折
422	1	0	1	0	1	0	月卡-首次6.5折
423	1	0	1	1	1	0	夫妻双修副本2进入次数
424	1	0	1	0	1	0	成长礼包-科技3后进免费包
425	1	0	3	0	1	0	成长礼包-技3后进12元包
426	1	0	3	0	1	0	成长礼包-技3后进30元包
427	1	0	1	0	1	0	成长礼包-技3正常免费包
428	1	0	2	0	1	0	成长礼包-技3正常12元包
429	1	0	2	0	1	0	成长礼包-技3正常25元包
430	1	0	1	0	1	0	成长礼包-技3正常68元包
431	1	0	1	0	1	0	成长礼包-技3正常108元包
432	1	0	1	0	1	0	成长礼包-技3正常218元包
433	1	0	1	0	1	0	成长礼包-科技4后进免费包
434	1	0	2	0	1	0	成长礼包-技4后进12元包
435	1	0	2	0	1	0	成长礼包-技4后进30元包
436	1	0	1	0	1	0	成长礼包-技4正常免费包
437	1	0	2	0	1	0	成长礼包-技4正常12元包
438	1	0	2	0	1	0	成长礼包-技4正常25元包
439	1	0	1	0	1	0	成长礼包-技4正常68元包
440	1	0	1	0	1	0	成长礼包-技4正常108元包
441	1	0	1	0	1	0	成长礼包-技4正常218元包
442	1	0	60	60	1	0	夫妻双修副本2篝火次数
443	1	0	1	1	1	0	夫妻双修副本2篝火恩爱值次数
444	1	0	1	0	1	0	VIP礼包购买限制-V16
445	1	0	1	0	1	0	VIP礼包购买限制-V17
446	1	0	1	0	1	0	VIP礼包购买限制-V18
447	1	0	1	0	1	0	VIP礼包购买限制-V19
448	1	0	1	0	1	0	VIP礼包购买限制-V20
449	1	0	1	0	1	0	成长礼包-科技五新手免费包
450	1	0	2	0	1	0	成长礼包-科技五新手12元包
451	1	0	2	0	1	0	成长礼包-科技五新手30元包
452	1	0	1	0	1	0	成长礼包-科技五正常限时福利礼
453	1	0	2	0	1	0	成长礼包-科技五正常12元包
454	1	0	2	0	1	0	成长礼包-科技五正常25元包
455	1	0	1	0	1	0	成长礼包-科技五正常68元包
456	1	0	1	0	1	0	成长礼包-科技五正常108元包
457	1	0	1	0	1	0	成长礼包-科技五正常218元包
458	1	0	1	0	1	0	成长礼包-科技六正常免费包
459	1	0	2	0	1	0	成长礼包-科技六正常12元包
460	1	0	2	0	1	0	成长礼包-科技六正常30元包
461	1	0	1	0	1	0	成长礼包-科技六正常限时福利礼
462	1	0	2	0	1	0	成长礼包-科技六正常12元包
463	1	0	2	0	1	0	成长礼包-科技六正常25元包
464	1	0	1	0	1	0	成长礼包-科技六正常68元包
465	1	0	1	0	1	0	成长礼包-科技六正常218元包
466	1	0	1	0	1	0	成长礼包-科技六正常318元包
467	1	0	1	0	1	0	成长礼包-科技七正常免费包
468	1	0	2	0	1	0	成长礼包-科技七正常12元包
469	1	0	2	0	1	0	成长礼包-科技七正常30元包
470	1	0	1	0	1	0	成长礼包-科技七正常限时福利礼
471	1	0	2	0	1	0	成长礼包-科技七正常12元包
472	1	0	2	0	1	0	成长礼包-科技七正常25元包
473	1	0	1	0	1	0	成长礼包-科技七正常68元包
474	1	0	1	0	1	0	成长礼包-科技七正常218元包
475	1	0	1	0	1	0	成长礼包-科技七正常318元包
476	1	0	1	0	1	0	成长礼包-科技八正常免费包
477	1	0	2	0	1	0	成长礼包-科技八正常12元包
478	1	0	2	0	1	0	成长礼包-科技八正常30元包
479	1	0	1	0	1	0	成长礼包-科技八正常限时福利礼
480	1	0	2	0	1	0	成长礼包-科技八正常12元包
481	1	0	2	0	1	0	成长礼包-科技八正常25元包
482	1	0	1	0	1	0	成长礼包-科技八正常68元包
483	1	0	1	0	1	0	成长礼包-科技八正常218元包
484	1	0	1	0	1	0	成长礼包-科技八正常318元包
485	1	0	5	5	1	0	春节活动-醒狮送福每日5次
486	1	0	8	8	1	0	春节活动-驱逐年兽每日8次
487	1	0	1	1	1	0	修仙榜礼包1
488	1	0	1	1	1	0	修仙榜礼包1
489	1	0	1	1	1	0	修仙榜礼包1
490	1	0	1	1	1	0	修仙榜礼包1
491	1	0	1	1	1	0	修仙榜礼包2
492	1	0	1	1	1	0	修仙榜礼包2
493	1	0	1	1	1	0	修仙榜礼包2
494	1	0	1	1	1	0	修仙榜礼包2
495	1	0	10	10	1	0	元宵活动-灯谜每日10题（母亲节宝岛掉落复用）
496	1	0	1	1	1	0	春节活动礼盒・一（七夕藏品店复用）
497	1	0	1	1	1	0	春节活动礼盒・二（七夕藏品店复用）
498	1	0	1	1	1	0	春节活动礼盒・三（七夕藏品店复用）
499	1	0	1	1	1	0	春节活动礼盒・四（七夕藏品店复用）
500	1	0	1	1	1	0	春节活动礼盒・五（七夕藏品店复用）
501	1	0	1	1	1	0	情人节活动产出称号令牌次数限制
502	1	0	5	5	1	0	活动商店购买醒狮信物每天5次；
503	1	0	100	100	1	0	宝塔抽奖最大次数限制（程序写死）
503	1	1	100	100	1	0	宝塔抽奖最大次数限制（程序写死）
503	1	2	100	100	1	0	宝塔抽奖最大次数限制（程序写死）
503	1	3	100	100	1	0	宝塔抽奖最大次数限制（程序写死）
503	1	4	100	100	1	0	宝塔抽奖最大次数限制（程序写死）
503	1	5	100	100	1	0	宝塔抽奖最大次数限制（程序写死）
503	1	6	150	150	1	0	宝塔抽奖最大次数限制（程序写死）
503	1	7	150	150	1	0	宝塔抽奖最大次数限制（程序写死）
503	1	8	150	150	1	0	宝塔抽奖最大次数限制（程序写死）
503	1	9	200	200	1	0	宝塔抽奖最大次数限制（程序写死）
503	1	10	200	200	1	0	宝塔抽奖最大次数限制（程序写死）
503	1	11	250	250	1	0	宝塔抽奖最大次数限制（程序写死）
503	1	12	250	250	1	0	宝塔抽奖最大次数限制（程序写死）
503	1	13	300	300	1	0	宝塔抽奖最大次数限制（程序写死）
503	1	14	300	300	1	0	宝塔抽奖最大次数限制（程序写死）
503	1	15	300	300	1	0	宝塔抽奖最大次数限制（程序写死）
503	1	16	300	300	1	0	宝塔抽奖最大次数限制（程序写死）
503	1	17	400	400	1	0	宝塔抽奖最大次数限制（程序写死）
503	1	18	400	400	1	0	宝塔抽奖最大次数限制（程序写死）
503	1	19	400	400	1	0	宝塔抽奖最大次数限制（程序写死）
503	1	20	400	400	1	0	宝塔抽奖最大次数限制（程序写死）
504	1	0	1	1	1	0	宝塔抽奖每日免费次数（程序写死）
505	1	0	1	0	1	0	限时礼包，，一，礼包1
506	1	0	4	0	1	0	限时礼包，，一，礼包2
507	1	0	1	0	1	0	限时礼包，，一，礼包3
508	1	0	2	0	1	0	限时礼包，，一，礼包4
509	1	0	3	0	1	0	限时礼包，，一，礼包5
510	1	0	1	0	1	0	限时礼包，，二，后进，前四天，礼包1
511	1	0	3	0	1	0	限时礼包，，二，后进，前四天，礼包2
512	1	0	1	0	1	0	限时礼包，，二，后进，前四天，礼包3
513	1	0	2	0	1	0	限时礼包，，二，后进，前四天，礼包4
514	1	0	1	0	1	0	限时礼包，，二，正常，前四天，礼包1
515	1	0	3	0	1	0	限时礼包，，二，正常，前四天，礼包2
516	1	0	2	0	1	0	限时礼包，，二，正常，前四天，礼包3
517	1	0	2	0	1	0	限时礼包，，二，正常，前四天，礼包4
518	1	0	1	0	1	0	限时礼包，，二，正常，前四天，礼包5
519	1	0	1	0	1	0	限时礼包，，二，后进，后四天，礼包1
520	1	0	3	0	1	0	限时礼包，，二，后进，后四天，礼包2
521	1	0	2	0	1	0	限时礼包，，二，后进，后四天，礼包3
522	1	0	3	0	1	0	限时礼包，，二，后进，后四天，礼包4
523	1	0	1	0	1	0	限时礼包，，二，正常，后四天，礼包1
524	1	0	2	0	1	0	限时礼包，，二，正常，后四天，礼包2
525	1	0	3	0	1	0	限时礼包，，二，正常，后四天，礼包3
526	1	0	2	0	1	0	限时礼包，，二，正常，后四天，礼包4
527	1	0	2	0	1	0	限时礼包，，二，正常，后四天，礼包5
528	1	0	1	0	1	0	限时礼包，，三，后进，第1个四天，礼包1
529	1	0	1	0	1	0	限时礼包，，三，后进，第1个四天，礼包2
530	1	0	2	0	1	0	限时礼包，，三，后进，第1个四天，礼包3
531	1	0	2	0	1	0	限时礼包，，三，后进，第1个四天，礼包4
532	1	0	1	0	1	0	限时礼包，，三，正常，第1个四天，礼包1
533	1	0	2	0	1	0	限时礼包，，三，正常，第1个四天，礼包2
534	1	0	3	0	1	0	限时礼包，，三，正常，第1个四天，礼包3
535	1	0	2	0	1	0	限时礼包，，三，正常，第1个四天，礼包4
536	1	0	2	0	1	0	限时礼包，，三，正常，第1个四天，礼包5
537	1	0	2	0	1	0	限时礼包，，三，正常，第1个四天，礼包6
538	1	0	1	0	1	0	限时礼包，，三，后进，第2个四天，礼包1
539	1	0	3	0	1	0	限时礼包，，三，后进，第2个四天，礼包2
540	1	0	3	0	1	0	限时礼包，，三，后进，第2个四天，礼包3
541	1	0	1	0	1	0	限时礼包，，三，正常，第2个四天，礼包1
542	1	0	1	0	1	0	限时礼包，，三，正常，第2个四天，礼包2
543	1	0	2	0	1	0	限时礼包，，三，正常，第2个四天，礼包3
544	1	0	2	0	1	0	限时礼包，，三，正常，第2个四天，礼包4
545	1	0	1	0	1	0	限时礼包，，三，正常，第2个四天，礼包5
546	1	0	1	0	1	0	限时礼包，，三，后进，第3个四天，礼包1
547	1	0	4	0	1	0	限时礼包，，三，后进，第3个四天，礼包2
548	1	0	3	0	1	0	限时礼包，，三，后进，第3个四天，礼包3
549	1	0	2	0	1	0	限时礼包，，三，后进，第3个四天，礼包4
550	1	0	2	0	1	0	限时礼包，，三，后进，第3个四天，礼包5
551	1	0	1	0	1	0	限时礼包，，三，正常，第3个四天，礼包1
552	1	0	3	0	1	0	限时礼包，，三，正常，第3个四天，礼包2
553	1	0	2	0	1	0	限时礼包，，三，正常，第3个四天，礼包3
554	1	0	3	0	1	0	限时礼包，，三，正常，第3个四天，礼包4
555	1	0	1	0	1	0	限时礼包，，三，正常，第3个四天，礼包5
556	1	0	2	0	1	0	限时礼包，，三，正常，第3个四天，礼包6
557	1	0	2	0	1	0	限时礼包，，三，正常，第3个四天，礼包7
558	1	0	1	0	1	0	限时礼包，，三，后进，后3天，礼包1
559	1	0	3	0	1	0	限时礼包，，三，后进，后3天，礼包2
560	1	0	3	0	1	0	限时礼包，，三，后进，后3天，礼包3
561	1	0	1	0	1	0	限时礼包，，三，后进，后3天，礼包4
562	1	0	1	0	1	0	限时礼包，，三，正常，后3天，礼包1
563	1	0	3	0	1	0	限时礼包，，三，正常，后3天，礼包2
564	1	0	3	0	1	0	限时礼包，，三，正常，后3天，礼包3
565	1	0	2	0	1	0	限时礼包，，三，正常，后3天，礼包4
566	1	0	2	0	1	0	限时礼包，，三，正常，后3天，礼包5
567	1	0	1	0	1	0	限时礼包，，四，后进，前3天，礼包1
568	1	0	1	0	1	0	限时礼包，，四，后进，前3天，礼包2
569	1	0	1	0	1	0	限时礼包，，四，后进，前3天，礼包3
570	1	0	1	0	1	0	限时礼包，，四，后进，前3天，礼包4
571	1	0	1	0	1	0	限时礼包，，四，后进，前3天，礼包5
572	1	0	2	0	1	0	限时礼包，，四，后进，前3天，礼包6
573	1	0	1	0	1	0	限时礼包，，四，正常，前3天，礼包1
574	1	0	1	0	1	0	限时礼包，，四，正常，前3天，礼包2
575	1	0	2	0	1	0	限时礼包，，四，正常，前3天，礼包3
576	1	0	2	0	1	0	限时礼包，，四，正常，前3天，礼包4
577	1	0	2	0	1	0	限时礼包，，四，正常，前3天，礼包5
578	1	0	2	0	1	0	限时礼包，，四，正常，前3天，礼包6
579	1	0	1	0	1	0	限时礼包，，四，正常，前3天，礼包7
580	1	0	2	0	1	0	限时礼包，，四，正常，前3天，礼包8
581	1	0	3	3	1	0	打宝-天地元气每天3个
582	1	0	3	0	1	0	修仙榜---宝石，科技二
583	1	0	3	0	1	0	修仙榜---修为，科技二
584	1	0	1	1	1	0	每日惊喜礼包
585	1	0	1	1	1	0	周末礼包
586	1	0	1	1	1	0	活动礼包
587	1	0	3	0	1	0	限时礼包，，四，4~6天，礼包1
588	1	0	3	0	1	0	限时礼包，，四，4~6天，礼包2
589	1	0	2	0	1	0	限时礼包，，四，4~6天，礼包3
590	1	0	2	0	1	0	限时礼包，，四，4~6天，礼包4
591	1	0	3	0	1	0	限时礼包，，四，7~15天，礼包1
592	1	0	2	0	1	0	限时礼包，，四，7~15天，礼包2
593	1	0	2	0	1	0	限时礼包，，四，7~15天，礼包3
594	1	0	4	0	1	0	限时礼包，，五，4~15天，礼包1
595	1	0	2	0	1	0	限时礼包，，五，4~15天，礼包2
596	1	0	1	0	1	0	限时礼包，，五，4~15天，礼包3
597	1	0	3	0	1	0	限时礼包，，六，4~15天，礼包1
598	1	0	1	0	1	0	限时礼包，，六，4~15天，礼包2
599	1	0	1	0	1	0	限时礼包，，六，4~15天，礼包3
600	1	0	3	3	1	0	每周只能参加三次上古遗迹(经验）
600	1	1	3	3	1	0	每周只能参加三次上古遗迹(经验）
600	1	2	3	3	1	0	每周只能参加三次上古遗迹(经验）
600	1	3	3	3	1	0	每周只能参加三次上古遗迹(经验）
600	1	4	3	3	1	0	每周只能参加三次上古遗迹(经验）
600	1	5	5	5	1	0	每周只能参加五次上古遗迹(经验）
600	1	6	5	5	1	0	每周只能参加五次上古遗迹(经验）
600	1	7	5	5	1	0	每周只能参加五次上古遗迹(经验）
600	1	8	5	5	1	0	每周只能参加五次上古遗迹(经验）
600	1	9	5	5	1	0	每周只能参加五次上古遗迹(经验）
600	1	10	5	5	1	0	每周只能参加五次上古遗迹(经验）
600	1	11	5	5	1	0	每周只能参加五次上古遗迹(经验）
600	1	12	5	5	1	0	每周只能参加五次上古遗迹(经验）
600	1	13	5	5	1	0	每周只能参加五次上古遗迹(经验）
600	1	14	5	5	1	0	每周只能参加五次上古遗迹(经验）
600	1	15	5	5	1	0	每周只能参加五次上古遗迹(经验）
600	1	16	5	5	1	0	每周只能参加五次上古遗迹(经验）
600	1	17	5	5	1	0	每周只能参加五次上古遗迹(经验）
600	1	18	5	5	1	0	每周只能参加五次上古遗迹(经验）
600	1	19	5	5	1	0	每周只能参加五次上古遗迹(经验）
600	1	20	5	5	1	0	每周只能参加五次上古遗迹(经验）
601	1	0	2	2	1	0	每周只能参加2次学院宝库
602	1	0	3	3	1	0	每周只能参加三次上古遗迹（财富）
602	1	1	3	3	1	0	每周只能参加三次上古遗迹（财富）
602	1	2	3	3	1	0	每周只能参加三次上古遗迹（财富）
602	1	3	3	3	1	0	每周只能参加三次上古遗迹（财富）
602	1	4	3	3	1	0	每周只能参加三次上古遗迹（财富）
602	1	5	5	5	1	0	每周只能参加五次上古遗迹（财富）
602	1	6	5	5	1	0	每周只能参加五次上古遗迹（财富）
602	1	7	5	5	1	0	每周只能参加五次上古遗迹（财富）
602	1	8	5	5	1	0	每周只能参加五次上古遗迹（财富）
602	1	9	5	5	1	0	每周只能参加五次上古遗迹（财富）
602	1	10	5	5	1	0	每周只能参加五次上古遗迹（财富）
602	1	11	5	5	1	0	每周只能参加五次上古遗迹（财富）
602	1	12	5	5	1	0	每周只能参加五次上古遗迹（财富）
602	1	13	5	5	1	0	每周只能参加五次上古遗迹（财富）
602	1	14	5	5	1	0	每周只能参加五次上古遗迹（财富）
602	1	15	5	5	1	0	每周只能参加五次上古遗迹（财富）
602	1	16	5	5	1	0	每周只能参加五次上古遗迹（财富）
602	1	17	5	5	1	0	每周只能参加五次上古遗迹（财富）
602	1	18	5	5	1	0	每周只能参加五次上古遗迹（财富）
602	1	19	5	5	1	0	每周只能参加五次上古遗迹（财富）
602	1	20	5	5	1	0	每周只能参加五次上古遗迹（财富）
603	1	0	3	3	1	0	每周只能参加三次上古遗迹（灵元）
604	1	0	80	80	1	0	每周可获得入帮被祝福奖励次数
605	1	0	40	40	1	0	每周可获得入帮被绑元祝福奖励次数
606	1	0	7	7	1	0	商城周限量
607	1	0	100	100	1	0	商城周限量
608	1	0	75	75	1	0	商城周限量
609	1	0	40	40	1	0	商城周限量
610	1	0	12	12	1	0	商城周限量
611	1	0	3	3	1	0	商城周限量
612	1	0	50	50	1	0	商城周限量
613	1	0	30	30	1	0	商城周限量
614	1	0	20	20	1	0	商城周限量
615	1	0	600	600	1	0	商城周限量
616	1	0	20	20	1	0	商城周限量
617	1	0	5	5	1	0	商城周限量
618	1	0	2	2	1	0	商城周限量
619	1	0	5	5	1	0	商城周限量
620	1	0	2	2	1	0	商城周限量
621	1	0	99	99	1	0	每周参加攻城战计数
622	1	0	99	99	1	0	每周领取工资计数
623	1	0	50	50	1	0	每周购买50普通强化石
624	1	0	20	20	1	0	每周购买20精粹强化石
625	1	0	100	100	1	0	每周购买100培养丹
626	1	0	27	27	1	0	每周购买27次技能书
627	1	0	5	5	1	0	每周购买5次陨石
628	1	0	30	30	1	0	情义商店每周购买30次低级信物
629	1	0	20	20	1	0	情义商店每周购买20次中级信物
630	1	0	10	10	1	0	情义商店每周购买10次高级信物
631	1	0	15	15	1	0	情义商店每周购买15次低级兽决
632	1	0	1	1	1	0	情义商店每周购买1个龙魂（7天）
633	1	0	4	0	1	0	世界科技一购买50%的师门折扣礼包，二阶紫装任选4件
634	1	0	10	0	1	0	购买50%的师门折扣礼包，上世界科技紫装任选10件
635	1	0	6	0	1	0	世界科技一购买普通出师的折扣礼包，二阶紫装任选6件
636	1	0	3	0	1	0	购买出师的师门折扣礼包，本世界科技橙装任选 or 本世界科技紫装任选，共3件
637	1	0	3	3	1	0	无用
638	1	0	3	3	1	0	情人节活动礼盒・一
639	1	0	2	2	1	0	情人节活动礼盒・二
640	1	0	1	1	1	0	情人节活动礼盒・三
641	1	0	2	2	1	0	情人节活动礼盒・四
642	1	0	2	2	1	0	情人节活动礼盒・五
643	1	0	5	5	1	0	每周限购5个
644	1	0	5	5	1	0	每周限购5个
645	1	0	5	5	1	0	每周限购5个
646	1	0	3	3	1	0	师徒副本，每周奖励3次（师父奖励）
647	1	0	3	3	1	0	师徒副本，每周奖励3次（出师弟子奖励）
648	1	0	3	3	1	0	师徒副本，每周奖励3次（记名弟子奖励）
649	1	0	12	12	1	0	师父提交材料奖励
650	1	0	12	12	1	0	徒弟提交材料奖励
651	1	0	12	12	1	0	师父副本最大掉落
652	1	0	12	12	1	0	徒弟副本最大掉落
653	1	0	12	12	1	0	徒弟副本经验奖励
654	1	0	6	6	1	0	徒弟副本雕琢掉落
655	1	0	15	15	1	0	神・血魔气息/神・上古血魔气息/神・神赐血魔气息
656	1	0	15	15	1	0	神・梦魇气息/神・上古梦魇气息/神・神赐梦魇气息
657	1	0	15	15	1	0	神・蚩尤祝福/神・上古蚩尤祝福/神・神赐蚩尤祝福
658	1	0	15	15	1	0	神・黄帝祝福/神・上古黄帝祝福/神・神赐黄帝祝福
659	1	0	15	15	1	0	神・上古战神气息/神・神赐战神气息
660	1	0	15	15	1	0	神・上古水神气息/神・神赐水神气息
661	1	0	15	15	1	0	神・上古后羿气息/神・神赐后羿祝福
662	1	0	15	15	1	0	神・上古刑天祝福/神・神赐刑天祝福
663	1	5	1	1	1	0	每月大r邮件-泰国
664	1	0	2	2	1	0	无用
665	1	0	3	3	1	0	无用
666	1	0	4	4	1	0	无用
667	1	0	4	4	1	0	无用
668	1	0	4	4	1	0	无用
669	1	0	2	2	1	0	幸运铜币礼包-元宝，限量折扣
670	1	0	2	2	1	0	幸运铜币礼包-元宝，限量折扣
671	1	0	3	3	1	0	幸运铜币礼包-元宝，限量折扣
672	1	0	3	3	1	0	幸运铜币礼包-元宝，限量折扣
673	1	0	4	4	1	0	幸运铜币礼包-元宝，限量折扣
674	1	0	4	4	1	0	幸运铜币礼包-元宝，限量折扣
677	1	0	1	0	1	0	彩云档次1
678	1	0	1	0	1	0	彩云档次2
679	1	0	1	0	1	0	彩云档次3
680	1	0	3	3	1	0	通用1活动礼盒・一
681	1	0	2	2	1	0	通用1活动礼盒・二
682	1	0	1	1	1	0	通用1活动礼盒・三
683	1	0	2	2	1	0	通用1活动礼盒・四
684	1	0	2	2	1	0	通用1活动礼盒・五
685	1	0	3	3	1	0	通用2活动礼盒・一
686	1	0	2	2	1	0	通用2活动礼盒・二
687	1	0	1	1	1	0	通用2活动礼盒・三
688	1	0	2	2	1	0	通用2活动礼盒・四
689	1	0	2	2	1	0	通用2活动礼盒・五
690	1	0	3	3	1	0	通用3活动礼盒・一
691	1	0	2	2	1	0	通用3活动礼盒・二
692	1	0	1	1	1	0	通用3活动礼盒・三
693	1	0	2	2	1	0	通用3活动礼盒・四
694	1	0	2	2	1	0	通用3活动礼盒・五
695	1	0	1	1	1	0	修仙榜――长生礼包5
698	1	0	1	1	1	0	每月礼包的每月使用限制
700	1	0	3	3	1	0	婚礼贺词奖励次数
701	1	0	10	10	1	0	婚礼采喜糖次数
702	1	0	30	30	1	0	婚礼新人收贺礼奖励次数-经验
703	1	0	30	30	1	0	婚礼新人收贺礼奖励次数-绑元
704	1	0	1	1	1	0	婚礼贺礼每人每场只能送1次
750	1	0	1	1	1	0	[信物]笑天――藏品店活动币购买限制
751	1	0	1	1	1	0	[信物]西海龙女――藏品店活动币购买限制
752	1	0	1	1	1	0	[信物]暴走兔――藏品店活动币购买限制
753	1	0	1	1	1	0	[信物]万古尸王――藏品店活动币购买限制
754	1	0	5	5	1	0	[信物]笑天――藏品店元宝
755	1	0	5	5	1	0	[信物]西海龙女――――藏品店元宝
756	1	0	5	5	1	0	[信物]暴走兔――――藏品店元宝
757	1	0	5	5	1	0	[信物]万古尸王――――藏品店元宝
758	1	0	3	3	1	0	光复节，特惠商店光复礼包
759	1	0	1	1	1	0	七夕，踏浪掉落爱意绵绵
951	1	0	3	3	1	0	活动礼盒・一――模板4
952	1	0	2	2	1	0	活动礼盒・二――模板4
953	1	0	1	1	1	0	活动礼盒・三――模板4
954	1	0	2	2	1	0	活动礼盒・五――模板4
1000	1	0	1	1	1	0	每个帮派每日只能开一次关碑大会
1001	1	0	1	1	1	0	每个帮派每日只能开一次宝库
1002	1	0	2	2	1	0	每个帮派每日只能召唤2次神兽
1100	1	0	2	2	1	0	每个帮派每周只能开2次帮派宝库
1150	1	0	20	20	1	0	打宝前20次感受--绿，暂时没用
1151	1	0	10	10	1	0	打宝前10次感受--蓝，暂时没用
