主类型（等级1，境界2，道藏3，道藏数量4，穿装备11，强化12，精炼13，宝石14，附加属性数15，完美属性数16，宝石数17，技能21，法器数22，血脉数23，等级武学数量24，伙伴数31，伙伴境界32，74宝石雕琢）	有效标志	副类型	流水ID（主、副类型都相同时，通过这个来区分）	条件参数1	条件参数2	条件参数3	触发成就1	触发成就2	触发成就3	触发成就4	触发成就5
1	1	0	1	1	0	0	2141	2142	2143	2144	2145
1	1	0	2	1	0	0	2146	2147	2202	2203	2204
1	1	0	3	1	0	0	2205	2206	2207	2208	0
1	1	0	4	40	0	0	2150	0	0	0	0
1	1	0	5	1061	0	0	724	2414	0	0	0
1	1	0	6	2081	0	0	726	2415	0	0	0
1	1	0	7	3101	0	0	2416	0	0	0	0
1	1	0	8	4121	0	0	2417	0	0	0	0
1	1	0	9	5141	0	0	2418	0	0	0	0
1	1	0	10	20	0	0	2351	0	0	0	0
1	1	0	11	50	0	0	2352	2519	0	0	0
1	1	0	12	30	0	0	2353	0	0	0	0
1	1	0	13	60	0	0	2354	1832	2543	0	0
1	1	0	14	70	0	0	2355	0	0	0	0
1	1	0	15	80	0	0	2356	0	0	0	0
1	1	0	16	1080	0	0	1833	0	0	0	0
1	1	0	17	2100	0	0	1834	0	0	0	0
1	1	0	18	3120	0	0	1835	0	0	0	0
1	1	0	19	4141	0	0	1836	0	0	0	0
1	1	0	20	5160	0	0	1837	0	0	0	0
1	1	0	21	1064	0	0	762	0	0	0	0
1	1	0	22	1067	0	0	763	0	0	0	0
1	1	0	23	1070	0	0	764	0	0	0	0
1	1	0	24	1074	0	0	765	0	0	0	0
1	1	0	25	1077	0	0	766	0	0	0	0
1	1	0	26	2080	0	0	767	0	0	0	0
1	1	0	27	26	0	0	769	0	0	0	0
1	1	0	28	65	0	0	2543	0	0	0	0
1	1	0	29	1080	0	0	2642	0	0	0	0
1	1	0	30	1084	0	0	2643	0	0	0	0
1	1	0	31	1087	0	0	2644	0	0	0	0
1	1	0	32	1090	0	0	2645	0	0	0	0
1	1	0	33	1094	0	0	2646	0	0	0	0
1	1	0	34	1097	0	0	2647	0	0	0	0
1	1	0	35	1100	0	0	2648	0	0	0	0
1	1	0	36	2084	0	0	2649	0	0	0	0
1	1	0	37	2087	0	0	2650	0	0	0	0
1	1	0	38	2090	0	0	2651	0	0	0	0
1	1	0	39	2094	0	0	2652	0	0	0	0
1	1	0	40	2097	0	0	2653	0	0	0	0
1	1	0	41	2100	0	0	2654	0	0	0	0
1	1	0	42	2104	0	0	2655	0	0	0	0
1	1	0	43	2107	0	0	2656	0	0	0	0
1	1	0	44	2110	0	0	2657	0	0	0	0
1	1	0	45	2114	0	0	2658	0	0	0	0
1	1	0	46	2117	0	0	2659	0	0	0	0
1	1	0	47	2120	0	0	2660	0	0	0	0
1	1	0	48	3104	0	0	2661	0	0	0	0
1	1	0	49	3107	0	0	2662	0	0	0	0
1	1	0	50	3110	0	0	2663	0	0	0	0
1	1	0	51	3114	0	0	2664	0	0	0	0
1	1	0	52	3117	0	0	2665	0	0	0	0
1	1	0	53	3120	0	0	2666	0	0	0	0
1	1	0	54	3124	0	0	2667	0	0	0	0
1	1	0	55	3127	0	0	2668	0	0	0	0
1	1	0	56	3130	0	0	2669	0	0	0	0
1	1	0	57	3134	0	0	2670	0	0	0	0
1	1	0	58	3137	0	0	2671	0	0	0	0
1	1	0	59	3140	0	0	2672	0	0	0	0
1	1	0	60	4124	0	0	2673	0	0	0	0
1	1	0	61	4127	0	0	2674	0	0	0	0
1	1	0	62	4130	0	0	2675	0	0	0	0
1	1	0	63	4134	0	0	2676	0	0	0	0
1	1	0	64	4137	0	0	2677	0	0	0	0
1	1	0	65	4140	0	0	2678	0	0	0	0
1	1	0	66	4144	0	0	2679	0	0	0	0
1	1	0	67	4147	0	0	2680	0	0	0	0
1	1	0	68	4150	0	0	2681	0	0	0	0
1	1	0	69	4154	0	0	2682	0	0	0	0
1	1	0	70	4157	0	0	2683	0	0	0	0
1	1	0	71	4160	0	0	2684	0	0	0	0
1	1	0	72	5144	0	0	2685	0	0	0	0
1	1	0	73	5147	0	0	2686	0	0	0	0
1	1	0	74	5150	0	0	2687	0	0	0	0
1	1	0	75	5154	0	0	2688	0	0	0	0
1	1	0	76	5157	0	0	2689	0	0	0	0
1	1	0	77	5160	0	0	2690	0	0	0	0
1	1	0	78	5164	0	0	2691	0	0	0	0
1	1	0	79	5167	0	0	2692	0	0	0	0
1	1	0	80	5170	0	0	2693	0	0	0	0
1	1	0	81	5174	0	0	2694	0	0	0	0
1	1	0	82	5177	0	0	2695	0	0	0	0
1	1	0	83	5180	0	0	2696	0	0	0	0
1	1	0	84	2	0	0	2555	0	0	0	0
2	1	0	1	1	0	0	771	0	0	0	0
2	1	0	2	2	0	0	772	2148	0	0	0
2	1	0	3	3	0	0	773	2536	0	0	0
2	1	0	4	4	0	0	774	2546	0	0	0
2	1	0	5	5	0	0	775	0	0	0	0
2	1	0	6	6	0	0	776	0	0	0	0
2	1	0	7	7	0	0	777	0	0	0	0
2	1	0	8	8	0	0	778	0	0	0	0
2	1	0	9	9	0	0	779	0	0	0	0
2	1	0	10	10	0	0	780	0	0	0	0
2	1	0	11	11	0	0	781	0	0	0	0
2	1	0	12	12	0	0	782	0	0	0	0
2	1	0	13	13	0	0	783	0	0	0	0
2	1	0	14	14	0	0	784	0	0	0	0
2	1	0	15	15	0	0	785	0	0	0	0
2	1	0	16	16	0	0	786	0	0	0	0
2	1	0	17	17	0	0	787	0	0	0	0
2	1	0	18	18	0	0	788	0	0	0	0
2	1	0	19	19	0	0	789	0	0	0	0
2	1	0	20	20	0	0	790	0	0	0	0
2	1	0	21	21	0	0	791	0	0	0	0
2	1	0	22	22	0	0	792	0	0	0	0
2	1	0	23	23	0	0	793	0	0	0	0
2	1	0	24	24	0	0	794	0	0	0	0
2	1	0	25	25	0	0	795	0	0	0	0
2	1	0	26	26	0	0	796	0	0	0	0
2	1	0	27	27	0	0	797	0	0	0	0
2	1	0	28	28	0	0	798	0	0	0	0
2	1	0	29	1	0	0	1001	0	0	0	0
2	1	0	30	2	0	0	1002	0	0	0	0
2	1	0	31	3	0	0	1003	0	0	0	0
2	1	0	32	4	0	0	1004	0	0	0	0
2	1	0	33	5	0	0	1005	0	0	0	0
2	1	0	34	6	0	0	1006	0	0	0	0
2	1	0	35	7	0	0	1007	0	0	0	0
2	1	0	36	8	0	0	1008	0	0	0	0
2	1	0	37	9	0	0	1009	0	0	0	0
2	1	0	38	10	0	0	1010	0	0	0	0
2	1	0	39	11	0	0	1011	0	0	0	0
2	1	0	40	12	0	0	1012	0	0	0	0
2	1	0	41	13	0	0	1013	0	0	0	0
2	1	0	42	14	0	0	1014	0	0	0	0
2	1	0	43	15	0	0	1015	0	0	0	0
2	1	0	44	16	0	0	1016	0	0	0	0
3	1	201	1	1	0	0	736	2419	2420	0	0
3	1	101	1	1	0	0	737	2419	2420	0	0
3	1	301	1	1	0	0	2419	2420	0	0	0
3	1	401	1	1	0	0	2419	2420	0	0	0
3	1	501	1	1	0	0	2419	2420	0	0	0
3	1	601	1	1	0	0	2419	2420	0	0	0
5	1	0	1	5	0	0	2430	0	0	0	0
5	1	0	2	20	0	0	2431	0	0	0	0
5	1	0	3	50	0	0	2432	0	0	0	0
11	1	1100110	1	2	0	0	2641	0	0	0	0
11	1	2100110	1	2	0	0	2641	0	0	0	0
11	1	3100110	1	2	0	0	2641	0	0	0	0
11	1	4100110	1	2	0	0	2641	0	0	0	0
11	1	1100110	2	3	0	0	1701	2641	0	0	0
11	1	2100110	2	3	0	0	1701	2641	0	0	0
11	1	3100110	2	3	0	0	1701	2641	0	0	0
11	1	4100110	2	3	0	0	1701	2641	0	0	0
11	1	11100110	1	3	0	0	1702	0	0	0	0
11	1	12100110	1	3	0	0	1702	0	0	0	0
11	1	13100110	1	3	0	0	1702	0	0	0	0
11	1	14100110	1	3	0	0	1702	0	0	0	0
11	1	21100110	1	3	0	0	1704	0	0	0	0
11	1	22100110	1	3	0	0	1704	0	0	0	0
11	1	23100110	1	3	0	0	1704	0	0	0	0
11	1	24100110	1	3	0	0	1704	0	0	0	0
11	1	31100110	1	3	0	0	1703	0	0	0	0
11	1	32100110	1	3	0	0	1703	0	0	0	0
11	1	33100110	1	3	0	0	1703	0	0	0	0
11	1	34100110	1	3	0	0	1703	0	0	0	0
11	1	41100110	1	3	0	0	1707	0	0	0	0
11	1	42100110	1	3	0	0	1707	0	0	0	0
11	1	43100110	1	3	0	0	1707	0	0	0	0
11	1	44100110	1	3	0	0	1707	0	0	0	0
11	1	51100110	1	3	0	0	1711	0	0	0	0
11	1	52100110	1	3	0	0	1711	0	0	0	0
11	1	53100110	1	3	0	0	1711	0	0	0	0
11	1	54100110	1	3	0	0	1711	0	0	0	0
11	1	61100110	1	3	0	0	1712	0	0	0	0
11	1	62100110	1	3	0	0	1712	0	0	0	0
11	1	63100110	1	3	0	0	1712	0	0	0	0
11	1	64100110	1	3	0	0	1712	0	0	0	0
11	1	71100110	1	3	0	0	1706	0	0	0	0
11	1	72100110	1	3	0	0	1706	0	0	0	0
11	1	73100110	1	3	0	0	1706	0	0	0	0
11	1	74100110	1	3	0	0	1706	0	0	0	0
11	1	81100110	1	3	0	0	1705	0	0	0	0
11	1	82100110	1	3	0	0	1705	0	0	0	0
11	1	83100110	1	3	0	0	1705	0	0	0	0
11	1	84100110	1	3	0	0	1705	0	0	0	0
11	1	91100110	1	3	0	0	1708	0	0	0	0
11	1	92100110	1	3	0	0	1708	0	0	0	0
11	1	93100110	1	3	0	0	1708	0	0	0	0
11	1	94100110	1	3	0	0	1708	0	0	0	0
11	1	51100120	1	0	0	0	2634	0	0	0	0
11	1	52100120	1	0	0	0	2634	0	0	0	0
11	1	53100120	1	0	0	0	2634	0	0	0	0
11	1	54100120	1	0	0	0	2634	0	0	0	0
11	1	61100120	1	0	0	0	2635	0	0	0	0
11	1	62100120	1	0	0	0	2635	0	0	0	0
11	1	63100120	1	0	0	0	2635	0	0	0	0
11	1	64100120	1	0	0	0	2635	0	0	0	0
11	1	51100130	1	0	0	0	2634	0	0	0	0
11	1	52100130	1	0	0	0	2634	0	0	0	0
11	1	53100130	1	0	0	0	2634	0	0	0	0
11	1	54100130	1	0	0	0	2634	0	0	0	0
11	1	61100130	1	0	0	0	2635	0	0	0	0
11	1	62100130	1	0	0	0	2635	0	0	0	0
11	1	63100130	1	0	0	0	2635	0	0	0	0
11	1	64100130	1	0	0	0	2635	0	0	0	0
11	1	51100140	1	0	0	0	2634	0	0	0	0
11	1	52100140	1	0	0	0	2634	0	0	0	0
11	1	53100140	1	0	0	0	2634	0	0	0	0
11	1	54100140	1	0	0	0	2634	0	0	0	0
11	1	61100140	1	0	0	0	2635	0	0	0	0
11	1	62100140	1	0	0	0	2635	0	0	0	0
11	1	63100140	1	0	0	0	2635	0	0	0	0
11	1	64100140	1	0	0	0	2635	0	0	0	0
11	1	51100150	1	0	0	0	2634	0	0	0	0
11	1	52100150	1	0	0	0	2634	0	0	0	0
11	1	53100150	1	0	0	0	2634	0	0	0	0
11	1	54100150	1	0	0	0	2634	0	0	0	0
11	1	61100150	1	0	0	0	2635	0	0	0	0
11	1	62100150	1	0	0	0	2635	0	0	0	0
11	1	63100150	1	0	0	0	2635	0	0	0	0
11	1	64100150	1	0	0	0	2635	0	0	0	0
11	1	1100120	1	0	0	0	2606	0	0	0	0
11	1	2100120	1	0	0	0	2606	0	0	0	0
11	1	3100120	1	0	0	0	2606	0	0	0	0
11	1	4100120	1	0	0	0	2606	0	0	0	0
11	1	1100120	2	2	0	0	2641	0	0	0	0
11	1	2100120	2	2	0	0	2641	0	0	0	0
11	1	3100120	2	2	0	0	2641	0	0	0	0
11	1	4100120	2	2	0	0	2641	0	0	0	0
11	1	1100120	3	3	0	0	1717	0	2606	2641	0
11	1	2100120	3	3	0	0	1717	0	2606	2641	0
11	1	3100120	3	3	0	0	1717	0	2606	2641	0
11	1	4100120	3	3	0	0	1717	0	2606	2641	0
11	1	1100120	4	6	0	0	2606	0	0	0	0
11	1	2100120	4	6	0	0	2606	0	0	0	0
11	1	3100120	4	6	0	0	2606	0	0	0	0
11	1	4100120	4	6	0	0	2606	0	0	0	0
11	1	1100130	1	4	0	0	2513	2633	0	0	0
11	1	2100130	1	4	0	0	2513	2633	0	0	0
11	1	3100130	1	4	0	0	2513	2633	0	0	0
11	1	4100130	1	4	0	0	2513	2633	0	0	0
11	1	1100140	1	4	0	0	2513	2633	0	0	0
11	1	2100140	1	4	0	0	2513	2633	0	0	0
11	1	3100140	1	4	0	0	2513	2633	0	0	0
11	1	4100140	1	4	0	0	2513	2633	0	0	0
11	1	1100150	1	4	0	0	2513	2633	0	0	0
11	1	2100150	1	4	0	0	2513	2633	0	0	0
11	1	3100150	1	4	0	0	2513	2633	0	0	0
11	1	4100150	1	4	0	0	2513	2633	0	0	0
11	1	1101120	1	0	0	0	803	728	2001	0	0
11	1	2101120	1	0	0	0	803	728	2001	0	0
11	1	3101120	1	0	0	0	803	728	2001	0	0
11	1	4101120	1	0	0	0	803	728	2001	0	0
11	1	1101130	1	0	0	0	2516	0	0	0	0
11	1	2101130	1	0	0	0	2516	0	0	0	0
11	1	3101130	1	0	0	0	2516	0	0	0	0
11	1	4101130	1	0	0	0	2516	0	0	0	0
11	1	11100120	1	3	0	0	711	0	0	0	0
11	1	12100120	1	3	0	0	711	0	0	0	0
11	1	13100120	1	3	0	0	711	0	0	0	0
11	1	14100120	1	3	0	0	711	0	0	0	0
11	1	11100120	2	3	0	0	1718	0	0	0	0
11	1	12100120	2	3	0	0	1718	0	0	0	0
11	1	13100120	2	3	0	0	1718	0	0	0	0
11	1	14100120	2	3	0	0	1718	0	0	0	0
11	1	11101120	1	0	0	0	804	733	2002	0	0
11	1	12101120	1	0	0	0	804	733	2002	0	0
11	1	13101120	1	0	0	0	804	733	2002	0	0
11	1	14101120	1	0	0	0	804	733	2002	0	0
11	1	21100120	1	3	0	0	1720	0	0	0	0
11	1	22100120	1	3	0	0	1720	0	0	0	0
11	1	23100120	1	3	0	0	1720	0	0	0	0
11	1	24100120	1	3	0	0	1720	0	0	0	0
11	1	21101120	1	0	0	0	806	2003	715	0	0
11	1	22101120	1	0	0	0	806	2003	715	0	0
11	1	23101120	1	0	0	0	806	2003	715	0	0
11	1	24101120	1	0	0	0	806	2003	715	0	0
11	1	31100120	1	3	0	0	1719	0	0	0	0
11	1	32100120	1	3	0	0	1719	0	0	0	0
11	1	33100120	1	3	0	0	1719	0	0	0	0
11	1	34100120	1	3	0	0	1719	0	0	0	0
11	1	31101120	1	0	0	0	805	2004	708	0	0
11	1	32101120	1	0	0	0	805	2004	708	0	0
11	1	33101120	1	0	0	0	805	2004	708	0	0
11	1	34101120	1	0	0	0	805	2004	708	0	0
11	1	41100120	1	0	0	0	1713	0	0	0	0
11	1	42100120	1	0	0	0	1713	0	0	0	0
11	1	43100120	1	0	0	0	1713	0	0	0	0
11	1	44100120	1	0	0	0	1713	0	0	0	0
11	1	41100130	1	0	0	0	1713	0	0	0	0
11	1	42100130	1	0	0	0	1713	0	0	0	0
11	1	43100130	1	0	0	0	1713	0	0	0	0
11	1	44100130	1	0	0	0	1713	0	0	0	0
11	1	41101120	1	0	0	0	746	2005	0	0	0
11	1	42101120	1	0	0	0	746	2005	0	0	0
11	1	43101120	1	0	0	0	746	2005	0	0	0
11	1	44101120	1	0	0	0	746	2005	0	0	0
11	1	51100120	2	0	0	0	807	2608	0	0	0
11	1	51100130	2	0	0	0	807	2608	0	0	0
11	1	52100120	2	0	0	0	807	2608	0	0	0
11	1	52100130	2	0	0	0	807	2608	0	0	0
11	1	53100120	2	0	0	0	807	2608	0	0	0
11	1	53100130	2	0	0	0	807	2608	0	0	0
11	1	54100120	2	0	0	0	807	2608	0	0	0
11	1	54100130	2	0	0	0	807	2608	0	0	0
11	1	51100120	3	0	0	0	2608	0	0	0	0
11	1	51100130	3	0	0	0	2608	0	0	0	0
11	1	52100120	3	0	0	0	2608	0	0	0	0
11	1	52100130	3	0	0	0	2608	0	0	0	0
11	1	53100120	3	0	0	0	2608	0	0	0	0
11	1	53100130	3	0	0	0	2608	0	0	0	0
11	1	54100120	3	0	0	0	2608	0	0	0	0
11	1	54100130	3	0	0	0	2608	0	0	0	0
11	1	51100120	4	0	0	0	2608	0	0	0	0
11	1	51100130	4	0	0	0	2608	0	0	0	0
11	1	52100120	4	0	0	0	2608	0	0	0	0
11	1	52100130	4	0	0	0	2608	0	0	0	0
11	1	53100120	4	0	0	0	2608	0	0	0	0
11	1	53100130	4	0	0	0	2608	0	0	0	0
11	1	54100120	4	0	0	0	2608	0	0	0	0
11	1	54100130	4	0	0	0	2608	0	0	0	0
11	1	51101120	1	0	0	0	2006	0	0	0	0
11	1	52101120	1	0	0	0	2006	0	0	0	0
11	1	53101120	1	0	0	0	2006	0	0	0	0
11	1	54101120	1	0	0	0	2006	0	0	0	0
11	1	61100120	2	0	0	0	809	2609	0	0	0
11	1	62100120	2	0	0	0	809	2609	0	0	0
11	1	63100120	2	0	0	0	809	2609	0	0	0
11	1	64100120	2	0	0	0	809	2609	0	0	0
11	1	64100120	3	3	0	0	2609	0	0	0	0
11	1	64100120	4	3	0	0	2609	0	0	0	0
11	1	64100120	5	3	0	0	2609	0	0	0	0
11	1	64100120	6	3	0	0	2609	0	0	0	0
11	1	64100120	7	6	0	0	2609	0	0	0	0
11	1	64100120	8	6	0	0	2609	0	0	0	0
11	1	64100120	9	6	0	0	2609	0	0	0	0
11	1	64100120	10	6	0	0	2609	0	0	0	0
11	1	61101120	1	0	0	0	746	2007	0	0	0
11	1	62101120	1	0	0	0	746	2007	0	0	0
11	1	63101120	1	0	0	0	746	2007	0	0	0
11	1	64101120	1	0	0	0	746	2007	0	0	0
11	1	71100120	1	3	0	0	1716	0	0	0	0
11	1	72100120	1	3	0	0	1716	0	0	0	0
11	1	73100120	1	3	0	0	1716	0	0	0	0
11	1	74100120	1	3	0	0	1716	0	0	0	0
11	1	71101120	1	0	0	0	746	2008	0	0	0
11	1	72101120	1	0	0	0	746	2008	0	0	0
11	1	73101120	1	0	0	0	746	2008	0	0	0
11	1	74101120	1	0	0	0	746	2008	0	0	0
11	1	81100120	1	3	0	0	1715	0	0	0	0
11	1	82100120	1	3	0	0	1715	0	0	0	0
11	1	83100120	1	3	0	0	1715	0	0	0	0
11	1	84100120	1	3	0	0	1715	0	0	0	0
11	1	81101120	1	0	0	0	746	2009	0	0	0
11	1	82101120	1	0	0	0	746	2009	0	0	0
11	1	83101120	1	0	0	0	746	2009	0	0	0
11	1	84101120	1	0	0	0	746	2009	0	0	0
11	1	91100120	1	0	0	0	1714	0	0	0	0
11	1	92100120	1	0	0	0	1714	0	0	0	0
11	1	93100120	1	0	0	0	1714	0	0	0	0
11	1	94100120	1	0	0	0	1714	0	0	0	0
11	1	91100130	1	0	0	0	1714	0	0	0	0
11	1	92100130	1	0	0	0	1714	0	0	0	0
11	1	93100130	1	0	0	0	1714	0	0	0	0
11	1	94100130	1	0	0	0	1714	0	0	0	0
11	1	91101120	1	0	0	0	746	2010	0	0	0
11	1	92101120	1	0	0	0	746	2010	0	0	0
11	1	93101120	1	0	0	0	746	2010	0	0	0
11	1	94101120	1	0	0	0	746	2010	0	0	0
11	1	1101130	2	0	0	0	748	810	2011	0	0
11	1	2101130	2	0	0	0	748	810	2011	0	0
11	1	3101130	2	0	0	0	748	810	2011	0	0
11	1	4101130	2	0	0	0	748	810	2011	0	0
11	1	1101140	1	0	0	0	748	810	2011	0	0
11	1	2101140	1	0	0	0	748	810	2011	0	0
11	1	3101140	1	0	0	0	748	810	2011	0	0
11	1	4101140	1	0	0	0	748	810	2011	0	0
11	1	1101150	1	0	0	0	748	810	2011	0	0
11	1	2101150	1	0	0	0	748	810	2011	0	0
11	1	3101150	1	0	0	0	748	810	2011	0	0
11	1	4101150	1	0	0	0	748	810	2011	0	0
11	1	11101130	1	0	0	0	723	813	2012	0	0
11	1	12101130	1	0	0	0	723	813	2012	0	0
11	1	13101130	1	0	0	0	723	813	2012	0	0
11	1	14101130	1	0	0	0	723	813	2012	0	0
11	1	11101140	1	0	0	0	723	813	2012	0	0
11	1	12101140	1	0	0	0	723	813	2012	0	0
11	1	13101140	1	0	0	0	723	813	2012	0	0
11	1	14101140	1	0	0	0	723	813	2012	0	0
11	1	11101150	1	0	0	0	723	813	2012	0	0
11	1	12101150	1	0	0	0	723	813	2012	0	0
11	1	13101150	1	0	0	0	723	813	2012	0	0
11	1	14101150	1	0	0	0	723	813	2012	0	0
11	1	21101130	1	0	0	0	727	825	2013	0	0
11	1	22101130	1	0	0	0	727	825	2013	0	0
11	1	23101130	1	0	0	0	727	825	2013	0	0
11	1	24101130	1	0	0	0	727	825	2013	0	0
11	1	21101140	1	0	0	0	727	825	2013	0	0
11	1	22101140	1	0	0	0	727	825	2013	0	0
11	1	23101140	1	0	0	0	727	825	2013	0	0
11	1	24101140	1	0	0	0	727	825	2013	0	0
11	1	21101150	1	0	0	0	727	825	2013	0	0
11	1	22101150	1	0	0	0	727	825	2013	0	0
11	1	23101150	1	0	0	0	727	825	2013	0	0
11	1	24101150	1	0	0	0	727	825	2013	0	0
11	1	31101130	1	0	0	0	725	821	2014	0	0
11	1	32101130	1	0	0	0	725	821	2014	0	0
11	1	33101130	1	0	0	0	725	821	2014	0	0
11	1	34101130	1	0	0	0	725	821	2014	0	0
11	1	31101140	1	0	0	0	725	821	2014	0	0
11	1	32101140	1	0	0	0	725	821	2014	0	0
11	1	33101140	1	0	0	0	725	821	2014	0	0
11	1	34101140	1	0	0	0	725	821	2014	0	0
11	1	31101150	1	0	0	0	725	821	2014	0	0
11	1	32101150	1	0	0	0	725	821	2014	0	0
11	1	33101150	1	0	0	0	725	821	2014	0	0
11	1	34101150	1	0	0	0	725	821	2014	0	0
11	1	41100130	2	0	0	0	758	0	0	0	0
11	1	42100130	2	0	0	0	758	0	0	0	0
11	1	43100130	2	0	0	0	758	0	0	0	0
11	1	44100130	2	0	0	0	758	0	0	0	0
11	1	41100130	3	3	0	0	827	0	0	0	0
11	1	42100130	3	3	0	0	827	0	0	0	0
11	1	43100130	3	3	0	0	827	0	0	0	0
11	1	44100130	3	3	0	0	827	0	0	0	0
11	1	41101130	1	0	0	0	2015	0	0	0	0
11	1	42101130	1	0	0	0	2015	0	0	0	0
11	1	43101130	1	0	0	0	2015	0	0	0	0
11	1	44101130	1	0	0	0	2015	0	0	0	0
11	1	51100130	5	0	0	0	2608	0	0	0	0
11	1	52100130	5	0	0	0	2608	0	0	0	0
11	1	53100130	5	0	0	0	2608	0	0	0	0
11	1	54100130	5	0	0	0	2608	0	0	0	0
11	1	51100130	6	3	0	0	820	2608	0	0	0
11	1	52100130	6	3	0	0	820	2608	0	0	0
11	1	53100130	6	3	0	0	820	2608	0	0	0
11	1	54100130	6	3	0	0	820	2608	0	0	0
11	1	51100130	7	6	0	0	820	2608	0	0	0
11	1	52100130	7	6	0	0	820	2608	0	0	0
11	1	53100130	7	6	0	0	820	2608	0	0	0
11	1	54100130	7	6	0	0	820	2608	0	0	0
11	1	51101130	1	0	0	0	2016	0	0	0	0
11	1	52101130	1	0	0	0	2016	0	0	0	0
11	1	53101130	1	0	0	0	2016	0	0	0	0
11	1	54101130	1	0	0	0	2016	0	0	0	0
11	1	61100130	2	0	0	0	2609	0	0	0	0
11	1	62100130	2	0	0	0	2609	0	0	0	0
11	1	63100130	2	0	0	0	2609	0	0	0	0
11	1	64100130	2	0	0	0	2609	0	0	0	0
11	1	61100130	3	3	0	0	826	2609	0	0	0
11	1	62100130	3	3	0	0	826	2609	0	0	0
11	1	63100130	3	3	0	0	826	2609	0	0	0
11	1	64100130	3	3	0	0	826	2609	0	0	0
11	1	61100130	4	3	0	0	826	2609	0	0	0
11	1	62100130	4	3	0	0	826	2609	0	0	0
11	1	63100130	4	3	0	0	826	2609	0	0	0
11	1	64100130	4	3	0	0	826	2609	0	0	0
11	1	61101130	1	0	0	0	2017	0	0	0	0
11	1	62101130	1	0	0	0	2017	0	0	0	0
11	1	63101130	1	0	0	0	2017	0	0	0	0
11	1	64101130	1	0	0	0	2017	0	0	0	0
11	1	71100130	1	0	0	0	757	0	0	0	0
11	1	71100130	2	3	0	0	823	0	0	0	0
11	1	72100130	1	0	0	0	757	0	0	0	0
11	1	72100130	2	3	0	0	823	0	0	0	0
11	1	73100130	1	0	0	0	757	0	0	0	0
11	1	73100130	2	3	0	0	823	0	0	0	0
11	1	74100130	1	0	0	0	757	0	0	0	0
11	1	74100130	2	3	0	0	823	0	0	0	0
11	1	71101130	1	0	0	0	2018	0	0	0	0
11	1	72101130	1	0	0	0	2018	0	0	0	0
11	1	73101130	1	0	0	0	2018	0	0	0	0
11	1	74101130	1	0	0	0	2018	0	0	0	0
11	1	81100130	1	0	0	0	756	0	0	0	0
11	1	81100130	2	3	0	0	822	0	0	0	0
11	1	82100130	1	0	0	0	756	0	0	0	0
11	1	82100130	2	3	0	0	822	0	0	0	0
11	1	83100130	1	0	0	0	756	0	0	0	0
11	1	83100130	2	3	0	0	822	0	0	0	0
11	1	84100130	1	0	0	0	756	0	0	0	0
11	1	84100130	2	3	0	0	822	0	0	0	0
11	1	81101130	1	0	0	0	2019	0	0	0	0
11	1	82101130	1	0	0	0	2019	0	0	0	0
11	1	83101130	1	0	0	0	2019	0	0	0	0
11	1	84101130	1	0	0	0	2019	0	0	0	0
11	1	91100130	2	0	0	0	759	0	0	0	0
11	1	91100130	3	3	0	0	828	0	0	0	0
11	1	92100130	2	0	0	0	759	0	0	0	0
11	1	92100130	3	3	0	0	828	0	0	0	0
11	1	93100130	2	0	0	0	759	0	0	0	0
11	1	93100130	3	3	0	0	828	0	0	0	0
11	1	94100130	2	0	0	0	759	0	0	0	0
11	1	94100130	3	3	0	0	828	0	0	0	0
11	1	91101130	1	0	0	0	2020	0	0	0	0
11	1	92101130	1	0	0	0	2020	0	0	0	0
11	1	93101130	1	0	0	0	2020	0	0	0	0
11	1	94101130	1	0	0	0	2020	0	0	0	0
11	1	1101140	2	0	0	0	836	730	2021	0	0
11	1	2101140	2	0	0	0	836	730	2021	0	0
11	1	3101140	2	0	0	0	836	730	2021	0	0
11	1	4101140	2	0	0	0	836	730	2021	0	0
11	1	11101140	2	0	0	0	837	2022	0	0	0
11	1	12101140	2	0	0	0	837	2022	0	0	0
11	1	13101140	2	0	0	0	837	2022	0	0	0
11	1	14101140	2	0	0	0	837	2022	0	0	0
11	1	21101140	2	0	0	0	843	2023	0	0	0
11	1	22101140	2	0	0	0	843	2023	0	0	0
11	1	23101140	2	0	0	0	843	2023	0	0	0
11	1	24101140	2	0	0	0	843	2023	0	0	0
11	1	31101140	2	0	0	0	842	2024	0	0	0
11	1	32101140	2	0	0	0	842	2024	0	0	0
11	1	33101140	2	0	0	0	842	2024	0	0	0
11	1	34101140	2	0	0	0	842	2024	0	0	0
11	1	41100140	1	3	0	0	844	0	0	0	0
11	1	42100140	1	3	0	0	844	0	0	0	0
11	1	43100140	1	3	0	0	844	0	0	0	0
11	1	44100140	1	3	0	0	844	0	0	0	0
11	1	41101140	1	0	0	0	2025	0	0	0	0
11	1	42101140	1	0	0	0	2025	0	0	0	0
11	1	43101140	1	0	0	0	2025	0	0	0	0
11	1	44101140	1	0	0	0	2025	0	0	0	0
11	1	51100140	2	3	0	0	839	0	0	0	0
11	1	52100140	2	3	0	0	839	0	0	0	0
11	1	53100140	2	3	0	0	839	0	0	0	0
11	1	54100140	2	3	0	0	839	0	0	0	0
11	1	51101140	1	0	0	0	2026	0	0	0	0
11	1	52101140	1	0	0	0	2026	0	0	0	0
11	1	53101140	1	0	0	0	2026	0	0	0	0
11	1	54101140	1	0	0	0	2026	0	0	0	0
11	1	61100140	2	3	0	0	845	0	0	0	0
11	1	62100140	2	3	0	0	845	0	0	0	0
11	1	63100140	2	3	0	0	845	0	0	0	0
11	1	64100140	2	3	0	0	845	0	0	0	0
11	1	61101140	1	0	0	0	2027	0	0	0	0
11	1	62101140	1	0	0	0	2027	0	0	0	0
11	1	63101140	1	0	0	0	2027	0	0	0	0
11	1	64101140	1	0	0	0	2027	0	0	0	0
11	1	71100140	1	3	0	0	840	0	0	0	0
11	1	72100140	1	3	0	0	840	0	0	0	0
11	1	73100140	1	3	0	0	840	0	0	0	0
11	1	74100140	1	3	0	0	840	0	0	0	0
11	1	71101140	1	0	0	0	2028	0	0	0	0
11	1	72101140	1	0	0	0	2028	0	0	0	0
11	1	73101140	1	0	0	0	2028	0	0	0	0
11	1	74101140	1	0	0	0	2028	0	0	0	0
11	1	81100140	1	3	0	0	838	0	0	0	0
11	1	82100140	1	3	0	0	838	0	0	0	0
11	1	83100140	1	3	0	0	838	0	0	0	0
11	1	84100140	1	3	0	0	838	0	0	0	0
11	1	81101140	1	0	0	0	2029	0	0	0	0
11	1	82101140	1	0	0	0	2029	0	0	0	0
11	1	83101140	1	0	0	0	2029	0	0	0	0
11	1	84101140	1	0	0	0	2029	0	0	0	0
11	1	91100140	1	3	0	0	848	0	0	0	0
11	1	92100140	1	3	0	0	848	0	0	0	0
11	1	93100140	1	3	0	0	848	0	0	0	0
11	1	94100140	1	3	0	0	848	0	0	0	0
11	1	91101140	1	0	0	0	2030	0	0	0	0
11	1	92101140	1	0	0	0	2030	0	0	0	0
11	1	93101140	1	0	0	0	2030	0	0	0	0
11	1	94101140	1	0	0	0	2030	0	0	0	0
11	1	1101150	2	0	0	0	854	2031	0	0	0
11	1	2101150	2	0	0	0	854	2031	0	0	0
11	1	3101150	2	0	0	0	854	2031	0	0	0
11	1	4101150	2	0	0	0	854	2031	0	0	0
11	1	11101150	2	0	0	0	855	2032	0	0	0
11	1	12101150	2	0	0	0	855	2032	0	0	0
11	1	13101150	2	0	0	0	855	2032	0	0	0
11	1	14101150	2	0	0	0	855	2032	0	0	0
11	1	21101150	2	0	0	0	861	2033	0	0	0
11	1	22101150	2	0	0	0	861	2033	0	0	0
11	1	23101150	2	0	0	0	861	2033	0	0	0
11	1	24101150	2	0	0	0	861	2033	0	0	0
11	1	31101150	2	0	0	0	860	2034	0	0	0
11	1	32101150	2	0	0	0	860	2034	0	0	0
11	1	33101150	2	0	0	0	860	2034	0	0	0
11	1	34101150	2	0	0	0	860	2034	0	0	0
11	1	41100150	1	3	0	0	862	0	0	0	0
11	1	42100150	1	3	0	0	862	0	0	0	0
11	1	43100150	1	3	0	0	862	0	0	0	0
11	1	44100150	1	3	0	0	862	0	0	0	0
11	1	41101150	1	0	0	0	2035	0	0	0	0
11	1	42101150	1	0	0	0	2035	0	0	0	0
11	1	43101150	1	0	0	0	2035	0	0	0	0
11	1	44101150	1	0	0	0	2035	0	0	0	0
11	1	51100150	2	3	0	0	857	0	0	0	0
11	1	52100150	2	3	0	0	857	0	0	0	0
11	1	53100150	2	3	0	0	857	0	0	0	0
11	1	54100150	2	3	0	0	857	0	0	0	0
11	1	51101150	1	0	0	0	2036	0	0	0	0
11	1	52101150	1	0	0	0	2036	0	0	0	0
11	1	53101150	1	0	0	0	2036	0	0	0	0
11	1	54101150	1	0	0	0	2036	0	0	0	0
11	1	61100150	2	3	0	0	863	0	0	0	0
11	1	62100150	2	3	0	0	863	0	0	0	0
11	1	63100150	2	3	0	0	863	0	0	0	0
11	1	64100150	2	3	0	0	863	0	0	0	0
11	1	61101150	1	0	0	0	2037	0	0	0	0
11	1	62101150	1	0	0	0	2037	0	0	0	0
11	1	63101150	1	0	0	0	2037	0	0	0	0
11	1	64101150	1	0	0	0	2037	0	0	0	0
11	1	71100150	1	3	0	0	858	0	0	0	0
11	1	72100150	1	3	0	0	858	0	0	0	0
11	1	73100150	1	3	0	0	858	0	0	0	0
11	1	74100150	1	3	0	0	858	0	0	0	0
11	1	71101150	1	0	0	0	2038	0	0	0	0
11	1	72101150	1	0	0	0	2038	0	0	0	0
11	1	73101150	1	0	0	0	2038	0	0	0	0
11	1	74101150	1	0	0	0	2038	0	0	0	0
11	1	81100150	1	3	0	0	856	0	0	0	0
11	1	82100150	1	3	0	0	856	0	0	0	0
11	1	83100150	1	3	0	0	856	0	0	0	0
11	1	84100150	1	3	0	0	856	0	0	0	0
11	1	81101150	1	0	0	0	2039	0	0	0	0
11	1	82101150	1	0	0	0	2039	0	0	0	0
11	1	83101150	1	0	0	0	2039	0	0	0	0
11	1	84101150	1	0	0	0	2039	0	0	0	0
11	1	91101150	1	3	0	0	866	2040	0	0	0
11	1	92101150	1	3	0	0	866	2040	0	0	0
11	1	93101150	1	3	0	0	866	2040	0	0	0
11	1	94101150	1	3	0	0	866	2040	0	0	0
11	1	1101160	1	0	0	0	872	2041	0	0	0
11	1	2101160	1	0	0	0	872	2041	0	0	0
11	1	3101160	1	0	0	0	872	2041	0	0	0
11	1	4101160	1	0	0	0	872	2041	0	0	0
11	1	11101160	1	0	0	0	2042	0	0	0	0
11	1	12101160	1	0	0	0	2042	0	0	0	0
11	1	13101160	1	0	0	0	2042	0	0	0	0
11	1	14101160	1	0	0	0	2042	0	0	0	0
11	1	21101160	1	0	0	0	2043	0	0	0	0
11	1	22101160	1	0	0	0	2043	0	0	0	0
11	1	23101160	1	0	0	0	2043	0	0	0	0
11	1	24101160	1	0	0	0	2043	0	0	0	0
11	1	31101160	1	0	0	0	2044	0	0	0	0
11	1	32101160	1	0	0	0	2044	0	0	0	0
11	1	33101160	1	0	0	0	2044	0	0	0	0
11	1	34101160	1	0	0	0	2044	0	0	0	0
11	1	41101160	1	0	0	0	2045	0	0	0	0
11	1	42101160	1	0	0	0	2045	0	0	0	0
11	1	43101160	1	0	0	0	2045	0	0	0	0
11	1	44101160	1	0	0	0	2045	0	0	0	0
11	1	51101160	1	0	0	0	2046	0	0	0	0
11	1	52101160	1	0	0	0	2046	0	0	0	0
11	1	53101160	1	0	0	0	2046	0	0	0	0
11	1	54101160	1	0	0	0	2046	0	0	0	0
11	1	61101160	1	0	0	0	2047	0	0	0	0
11	1	62101160	1	0	0	0	2047	0	0	0	0
11	1	63101160	1	0	0	0	2047	0	0	0	0
11	1	64101160	1	0	0	0	2047	0	0	0	0
11	1	71101160	1	0	0	0	2048	0	0	0	0
11	1	72101160	1	0	0	0	2048	0	0	0	0
11	1	73101160	1	0	0	0	2048	0	0	0	0
11	1	74101160	1	0	0	0	2048	0	0	0	0
11	1	81101160	1	0	0	0	2049	0	0	0	0
11	1	82101160	1	0	0	0	2049	0	0	0	0
11	1	83101160	1	0	0	0	2049	0	0	0	0
11	1	84101160	1	0	0	0	2049	0	0	0	0
11	1	91101160	1	0	0	0	2050	0	0	0	0
11	1	92101160	1	0	0	0	2050	0	0	0	0
11	1	93101160	1	0	0	0	2050	0	0	0	0
11	1	94101160	1	0	0	0	2050	0	0	0	0
11	1	1101170	1	0	0	0	2051	0	0	0	0
11	1	2101170	1	0	0	0	2051	0	0	0	0
11	1	3101170	1	0	0	0	2051	0	0	0	0
11	1	4101170	1	0	0	0	2051	0	0	0	0
11	1	11101170	1	0	0	0	2052	0	0	0	0
11	1	12101170	1	0	0	0	2052	0	0	0	0
11	1	13101170	1	0	0	0	2052	0	0	0	0
11	1	14101170	1	0	0	0	2052	0	0	0	0
11	1	21101170	1	0	0	0	2053	0	0	0	0
11	1	22101170	1	0	0	0	2053	0	0	0	0
11	1	23101170	1	0	0	0	2053	0	0	0	0
11	1	24101170	1	0	0	0	2053	0	0	0	0
11	1	31101170	1	0	0	0	2054	0	0	0	0
11	1	32101170	1	0	0	0	2054	0	0	0	0
11	1	33101170	1	0	0	0	2054	0	0	0	0
11	1	34101170	1	0	0	0	2054	0	0	0	0
11	1	41101170	1	0	0	0	2055	0	0	0	0
11	1	42101170	1	0	0	0	2055	0	0	0	0
11	1	43101170	1	0	0	0	2055	0	0	0	0
11	1	44101170	1	0	0	0	2055	0	0	0	0
11	1	51101170	1	0	0	0	2056	0	0	0	0
11	1	52101170	1	0	0	0	2056	0	0	0	0
11	1	53101170	1	0	0	0	2056	0	0	0	0
11	1	54101170	1	0	0	0	2056	0	0	0	0
11	1	61101170	1	0	0	0	2057	0	0	0	0
11	1	62101170	1	0	0	0	2057	0	0	0	0
11	1	63101170	1	0	0	0	2057	0	0	0	0
11	1	64101170	1	0	0	0	2057	0	0	0	0
11	1	71101170	1	0	0	0	2058	0	0	0	0
11	1	72101170	1	0	0	0	2058	0	0	0	0
11	1	73101170	1	0	0	0	2058	0	0	0	0
11	1	74101170	1	0	0	0	2058	0	0	0	0
11	1	81101170	1	0	0	0	2059	0	0	0	0
11	1	82101170	1	0	0	0	2059	0	0	0	0
11	1	83101170	1	0	0	0	2059	0	0	0	0
11	1	84101170	1	0	0	0	2059	0	0	0	0
11	1	91101170	1	0	0	0	2060	0	0	0	0
11	1	92101170	1	0	0	0	2060	0	0	0	0
11	1	93101170	1	0	0	0	2060	0	0	0	0
11	1	94101170	1	0	0	0	2060	0	0	0	0
11	1	1101180	1	0	0	0	2061	0	0	0	0
11	1	2101180	1	0	0	0	2061	0	0	0	0
11	1	3101180	1	0	0	0	2061	0	0	0	0
11	1	4101180	1	0	0	0	2061	0	0	0	0
11	1	11101180	1	0	0	0	2062	0	0	0	0
11	1	12101180	1	0	0	0	2062	0	0	0	0
11	1	13101180	1	0	0	0	2062	0	0	0	0
11	1	14101180	1	0	0	0	2062	0	0	0	0
11	1	21101180	1	0	0	0	2063	0	0	0	0
11	1	22101180	1	0	0	0	2063	0	0	0	0
11	1	23101180	1	0	0	0	2063	0	0	0	0
11	1	24101180	1	0	0	0	2063	0	0	0	0
11	1	31101180	1	0	0	0	2064	0	0	0	0
11	1	32101180	1	0	0	0	2064	0	0	0	0
11	1	33101180	1	0	0	0	2064	0	0	0	0
11	1	34101180	1	0	0	0	2064	0	0	0	0
11	1	41101180	1	0	0	0	2065	0	0	0	0
11	1	42101180	1	0	0	0	2065	0	0	0	0
11	1	43101180	1	0	0	0	2065	0	0	0	0
11	1	44101180	1	0	0	0	2065	0	0	0	0
11	1	51101180	1	0	0	0	2066	0	0	0	0
11	1	52101180	1	0	0	0	2066	0	0	0	0
11	1	53101180	1	0	0	0	2066	0	0	0	0
11	1	54101180	1	0	0	0	2066	0	0	0	0
11	1	61101180	1	0	0	0	2067	0	0	0	0
11	1	62101180	1	0	0	0	2067	0	0	0	0
11	1	63101180	1	0	0	0	2067	0	0	0	0
11	1	64101180	1	0	0	0	2067	0	0	0	0
11	1	71101180	1	0	0	0	2068	0	0	0	0
11	1	72101180	1	0	0	0	2068	0	0	0	0
11	1	73101180	1	0	0	0	2068	0	0	0	0
11	1	74101180	1	0	0	0	2068	0	0	0	0
11	1	81101180	1	0	0	0	2069	0	0	0	0
11	1	82101180	1	0	0	0	2069	0	0	0	0
11	1	83101180	1	0	0	0	2069	0	0	0	0
11	1	84101180	1	0	0	0	2069	0	0	0	0
11	1	91101180	1	0	0	0	2070	0	0	0	0
11	1	92101180	1	0	0	0	2070	0	0	0	0
11	1	93101180	1	0	0	0	2070	0	0	0	0
11	1	94101180	1	0	0	0	2070	0	0	0	0
11	1	101100120	1	0	0	0	2071	718	2154	0	0
11	1	102100120	1	0	0	0	2071	718	2154	0	0
11	1	103100120	1	0	0	0	2071	718	2154	0	0
11	1	104100120	1	0	0	0	2071	718	2154	0	0
11	1	101100130	1	0	0	0	2072	2071	2444	718	2154
11	1	102100130	1	0	0	0	2072	2071	2444	718	2154
11	1	103100130	1	0	0	0	2072	2071	2444	718	2154
11	1	104100130	1	0	0	0	2072	2071	2444	718	2154
11	1	101100140	1	0	0	0	2073	2071	718	2154	0
11	1	102100140	1	0	0	0	2073	2071	718	2154	0
11	1	103100140	1	0	0	0	2073	2071	718	2154	0
11	1	104100140	1	0	0	0	2073	2071	718	2154	0
11	1	101100150	1	0	0	0	2074	2071	718	2154	0
11	1	102100150	1	0	0	0	2074	2071	718	2154	0
11	1	103100150	1	0	0	0	2074	2071	718	2154	0
11	1	104100150	1	0	0	0	2074	2071	718	2154	0
11	1	101100160	1	0	0	0	2075	2071	718	2154	0
11	1	102100160	1	0	0	0	2075	2071	718	2154	0
11	1	103100160	1	0	0	0	2075	2071	718	2154	0
11	1	104100160	1	0	0	0	2075	2071	718	2154	0
11	1	101101120	1	0	0	0	2081	0	0	0	0
11	1	102101120	1	0	0	0	2081	0	0	0	0
11	1	103101120	1	0	0	0	2081	0	0	0	0
11	1	104101120	1	0	0	0	2081	0	0	0	0
11	1	101101130	1	0	0	0	2082	0	0	0	0
11	1	102101130	1	0	0	0	2082	0	0	0	0
11	1	103101130	1	0	0	0	2082	0	0	0	0
11	1	104101130	1	0	0	0	2082	0	0	0	0
11	1	101101140	1	0	0	0	2083	0	0	0	0
11	1	102101140	1	0	0	0	2083	0	0	0	0
11	1	103101140	1	0	0	0	2083	0	0	0	0
11	1	104101140	1	0	0	0	2083	0	0	0	0
11	1	101101150	1	0	0	0	2084	0	0	0	0
11	1	102101150	1	0	0	0	2084	0	0	0	0
11	1	103101150	1	0	0	0	2084	0	0	0	0
11	1	104101150	1	0	0	0	2084	0	0	0	0
11	1	101101160	1	0	0	0	2085	0	0	0	0
11	1	102101160	1	0	0	0	2085	0	0	0	0
11	1	103101160	1	0	0	0	2085	0	0	0	0
11	1	104101160	1	0	0	0	2085	0	0	0	0
11	1	111100120	1	0	0	0	2076	0	0	0	0
11	1	112100120	1	0	0	0	2076	0	0	0	0
11	1	113100120	1	0	0	0	2076	0	0	0	0
11	1	114100120	1	0	0	0	2076	0	0	0	0
11	1	111100130	1	0	0	0	2077	0	0	0	0
11	1	112100130	1	0	0	0	2077	0	0	0	0
11	1	113100130	1	0	0	0	2077	0	0	0	0
11	1	114100130	1	0	0	0	2077	0	0	0	0
11	1	111100140	1	0	0	0	2078	0	0	0	0
11	1	112100140	1	0	0	0	2078	0	0	0	0
11	1	113100140	1	0	0	0	2078	0	0	0	0
11	1	114100140	1	0	0	0	2078	0	0	0	0
11	1	111100150	1	0	0	0	2079	0	0	0	0
11	1	112100150	1	0	0	0	2079	0	0	0	0
11	1	113100150	1	0	0	0	2079	0	0	0	0
11	1	114100150	1	0	0	0	2079	0	0	0	0
11	1	111100160	1	0	0	0	2080	0	0	0	0
11	1	112100160	1	0	0	0	2080	0	0	0	0
11	1	113100160	1	0	0	0	2080	0	0	0	0
11	1	114100160	1	0	0	0	2080	0	0	0	0
11	1	111101120	1	0	0	0	2086	0	0	0	0
11	1	112101120	1	0	0	0	2086	0	0	0	0
11	1	113101120	1	0	0	0	2086	0	0	0	0
11	1	114101120	1	0	0	0	2086	0	0	0	0
11	1	111101130	1	0	0	0	2087	0	0	0	0
11	1	112101130	1	0	0	0	2087	0	0	0	0
11	1	113101130	1	0	0	0	2087	0	0	0	0
11	1	114101130	1	0	0	0	2087	0	0	0	0
11	1	111101140	1	0	0	0	2088	0	0	0	0
11	1	112101140	1	0	0	0	2088	0	0	0	0
11	1	113101140	1	0	0	0	2088	0	0	0	0
11	1	114101140	1	0	0	0	2088	0	0	0	0
11	1	111101150	1	0	0	0	2089	0	0	0	0
11	1	112101150	1	0	0	0	2089	0	0	0	0
11	1	113101150	1	0	0	0	2089	0	0	0	0
11	1	114101150	1	0	0	0	2089	0	0	0	0
11	1	111101160	1	0	0	0	2090	0	0	0	0
11	1	112101160	1	0	0	0	2090	0	0	0	0
11	1	113101160	1	0	0	0	2090	0	0	0	0
11	1	114101160	1	0	0	0	2090	0	0	0	0
11	1	1101190	1	0	0	0	2091	0	0	0	0
11	1	2101190	1	0	0	0	2091	0	0	0	0
11	1	3101190	1	0	0	0	2091	0	0	0	0
11	1	4101190	1	0	0	0	2091	0	0	0	0
11	1	11101190	1	0	0	0	2092	0	0	0	0
11	1	12101190	1	0	0	0	2092	0	0	0	0
11	1	13101190	1	0	0	0	2092	0	0	0	0
11	1	14101190	1	0	0	0	2092	0	0	0	0
11	1	21101190	1	0	0	0	2093	0	0	0	0
11	1	22101190	1	0	0	0	2093	0	0	0	0
11	1	23101190	1	0	0	0	2093	0	0	0	0
11	1	24101190	1	0	0	0	2093	0	0	0	0
11	1	31101190	1	0	0	0	2094	0	0	0	0
11	1	32101190	1	0	0	0	2094	0	0	0	0
11	1	33101190	1	0	0	0	2094	0	0	0	0
11	1	34101190	1	0	0	0	2094	0	0	0	0
11	1	41101190	1	0	0	0	2095	0	0	0	0
11	1	42101190	1	0	0	0	2095	0	0	0	0
11	1	43101190	1	0	0	0	2095	0	0	0	0
11	1	44101190	1	0	0	0	2095	0	0	0	0
11	1	51101190	1	0	0	0	2096	0	0	0	0
11	1	52101190	1	0	0	0	2096	0	0	0	0
11	1	53101190	1	0	0	0	2096	0	0	0	0
11	1	54101190	1	0	0	0	2096	0	0	0	0
11	1	61101190	1	0	0	0	2097	0	0	0	0
11	1	62101190	1	0	0	0	2097	0	0	0	0
11	1	63101190	1	0	0	0	2097	0	0	0	0
11	1	64101190	1	0	0	0	2097	0	0	0	0
11	1	71101190	1	0	0	0	2098	0	0	0	0
11	1	72101190	1	0	0	0	2098	0	0	0	0
11	1	73101190	1	0	0	0	2098	0	0	0	0
11	1	74101190	1	0	0	0	2098	0	0	0	0
11	1	81101190	1	0	0	0	2099	0	0	0	0
11	1	82101190	1	0	0	0	2099	0	0	0	0
11	1	83101190	1	0	0	0	2099	0	0	0	0
11	1	84101190	1	0	0	0	2099	0	0	0	0
11	1	91101190	1	0	0	0	2100	0	0	0	0
11	1	92101190	1	0	0	0	2100	0	0	0	0
11	1	93101190	1	0	0	0	2100	0	0	0	0
11	1	94101190	1	0	0	0	2100	0	0	0	0
11	1	1102130	1	0	0	0	1944	0	0	0	0
11	1	11102130	1	0	0	0	1944	0	0	0	0
11	1	21102130	1	0	0	0	1944	0	0	0	0
11	1	31102130	1	0	0	0	1944	0	0	0	0
11	1	41102130	1	0	0	0	1944	0	0	0	0
11	1	51102130	1	0	0	0	1944	0	0	0	0
11	1	61102130	1	0	0	0	1944	0	0	0	0
11	1	71102130	1	0	0	0	1944	0	0	0	0
11	1	81102130	1	0	0	0	1944	0	0	0	0
11	1	91102130	1	0	0	0	1944	0	0	0	0
11	1	2102130	1	0	0	0	1944	0	0	0	0
11	1	12102130	1	0	0	0	1944	0	0	0	0
11	1	22102130	1	0	0	0	1944	0	0	0	0
11	1	32102130	1	0	0	0	1944	0	0	0	0
11	1	42102130	1	0	0	0	1944	0	0	0	0
11	1	52102130	1	0	0	0	1944	0	0	0	0
11	1	62102130	1	0	0	0	1944	0	0	0	0
11	1	72102130	1	0	0	0	1944	0	0	0	0
11	1	82102130	1	0	0	0	1944	0	0	0	0
11	1	92102130	1	0	0	0	1944	0	0	0	0
11	1	3102130	1	0	0	0	1944	0	0	0	0
11	1	13102130	1	0	0	0	1944	0	0	0	0
11	1	23102130	1	0	0	0	1944	0	0	0	0
11	1	33102130	1	0	0	0	1944	0	0	0	0
11	1	43102130	1	0	0	0	1944	0	0	0	0
11	1	53102130	1	0	0	0	1944	0	0	0	0
11	1	63102130	1	0	0	0	1944	0	0	0	0
11	1	73102130	1	0	0	0	1944	0	0	0	0
11	1	83102130	1	0	0	0	1944	0	0	0	0
11	1	93102130	1	0	0	0	1944	0	0	0	0
11	1	4102130	1	0	0	0	1944	0	0	0	0
11	1	14102130	1	0	0	0	1944	0	0	0	0
11	1	24102130	1	0	0	0	1944	0	0	0	0
11	1	34102130	1	0	0	0	1944	0	0	0	0
11	1	44102130	1	0	0	0	1944	0	0	0	0
11	1	54102130	1	0	0	0	1944	0	0	0	0
11	1	64102130	1	0	0	0	1944	0	0	0	0
11	1	74102130	1	0	0	0	1944	0	0	0	0
11	1	84102130	1	0	0	0	1944	0	0	0	0
11	1	94102130	1	0	0	0	1944	0	0	0	0
11	1	1102140	1	0	0	0	1944	0	0	0	0
11	1	11102140	1	0	0	0	1944	0	0	0	0
11	1	21102140	1	0	0	0	1944	0	0	0	0
11	1	31102140	1	0	0	0	1944	0	0	0	0
11	1	41102140	1	0	0	0	1944	0	0	0	0
11	1	51102140	1	0	0	0	1944	0	0	0	0
11	1	61102140	1	0	0	0	1944	0	0	0	0
11	1	71102140	1	0	0	0	1944	0	0	0	0
11	1	81102140	1	0	0	0	1944	0	0	0	0
11	1	91102140	1	0	0	0	1944	0	0	0	0
11	1	2102140	1	0	0	0	1944	0	0	0	0
11	1	12102140	1	0	0	0	1944	0	0	0	0
11	1	22102140	1	0	0	0	1944	0	0	0	0
11	1	32102140	1	0	0	0	1944	0	0	0	0
11	1	42102140	1	0	0	0	1944	0	0	0	0
11	1	52102140	1	0	0	0	1944	0	0	0	0
11	1	62102140	1	0	0	0	1944	0	0	0	0
11	1	72102140	1	0	0	0	1944	0	0	0	0
11	1	82102140	1	0	0	0	1944	0	0	0	0
11	1	92102140	1	0	0	0	1944	0	0	0	0
11	1	3102140	1	0	0	0	1944	0	0	0	0
11	1	13102140	1	0	0	0	1944	0	0	0	0
11	1	23102140	1	0	0	0	1944	0	0	0	0
11	1	33102140	1	0	0	0	1944	0	0	0	0
11	1	43102140	1	0	0	0	1944	0	0	0	0
11	1	53102140	1	0	0	0	1944	0	0	0	0
11	1	63102140	1	0	0	0	1944	0	0	0	0
11	1	73102140	1	0	0	0	1944	0	0	0	0
11	1	83102140	1	0	0	0	1944	0	0	0	0
11	1	93102140	1	0	0	0	1944	0	0	0	0
11	1	4102140	1	0	0	0	1944	0	0	0	0
11	1	14102140	1	0	0	0	1944	0	0	0	0
11	1	24102140	1	0	0	0	1944	0	0	0	0
11	1	34102140	1	0	0	0	1944	0	0	0	0
11	1	44102140	1	0	0	0	1944	0	0	0	0
11	1	54102140	1	0	0	0	1944	0	0	0	0
11	1	64102140	1	0	0	0	1944	0	0	0	0
11	1	74102140	1	0	0	0	1944	0	0	0	0
11	1	84102140	1	0	0	0	1944	0	0	0	0
11	1	94102140	1	0	0	0	1944	0	0	0	0
12	1	0	1	2	0	0	701	0	0	0	0
12	1	0	2	5	0	0	2631	0	0	0	0
12	1	10	1	10	0	0	2445	0	0	0	0
12	1	10	2	15	0	0	2446	0	0	0	0
13	1	4	1	2	4	0	1709	0	0	0	0
13	1	9	1	2	4	0	1710	0	0	0	0
16	1	0	1	1	1	0	1848	2619	0	0	0
16	1	1	1	1	1	0	1849	2619	0	0	0
16	1	2	1	1	1	0	1850	2619	0	0	0
16	1	3	1	1	1	0	1851	2619	0	0	0
16	1	4	1	1	1	0	1852	2619	0	0	0
16	1	5	1	1	1	0	1853	2619	0	0	0
16	1	6	1	1	1	0	1854	2619	0	0	0
16	1	9	1	1	1	0	1855	2619	0	0	0
16	1	8	1	1	1	0	1721	2619	0	0	0
16	1	7	1	1	1	0	1722	2619	0	0	0
16	1	0	2	1	2	0	1723	1838	2619	2623	2627
16	1	1	2	1	2	0	1724	1839	2619	2623	2627
16	1	3	2	1	2	0	1725	1840	2619	2623	2627
16	1	2	2	1	2	0	1726	1841	2619	2623	2627
16	1	8	2	1	2	0	1727	1842	2619	2623	2627
16	1	7	2	1	2	0	1728	1843	2619	2623	2627
16	1	4	2	1	2	0	1729	1844	2619	2623	2627
16	1	9	2	1	2	0	1730	1845	2619	2623	2627
16	1	5	2	1	2	0	1731	1846	2619	2623	2627
16	1	6	2	1	2	0	1732	1847	2619	2623	2627
16	1	0	3	1	3	0	1733	2619	2623	2627	0
16	1	1	3	1	3	0	1734	2619	2623	2627	0
16	1	3	3	1	3	0	1735	2619	2623	2627	0
16	1	2	3	1	3	0	1736	2619	2623	2627	0
16	1	8	3	1	3	0	1737	2619	2623	2627	0
16	1	7	3	1	3	0	1738	2619	2623	2627	0
16	1	4	3	1	3	0	1739	2619	2623	2627	0
16	1	9	3	1	3	0	1740	2619	2623	2627	0
16	1	5	3	1	3	0	1741	2619	2623	2627	0
16	1	6	3	1	3	0	1742	2619	2623	2627	0
16	1	0	4	1	4	0	1743	0	0	0	0
16	1	1	4	1	4	0	1744	0	0	0	0
16	1	3	4	1	4	0	1745	0	0	0	0
16	1	2	4	1	4	0	1746	0	0	0	0
16	1	8	4	1	4	0	1747	0	0	0	0
16	1	7	4	1	4	0	1748	0	0	0	0
16	1	4	4	1	4	0	1749	0	0	0	0
16	1	9	4	1	4	0	1750	0	0	0	0
16	1	5	4	1	4	0	1751	0	0	0	0
16	1	6	4	1	4	0	1752	0	0	0	0
16	1	0	5	1	5	0	1753	0	0	0	0
16	1	1	5	1	5	0	1754	0	0	0	0
16	1	3	5	1	5	0	1755	0	0	0	0
16	1	2	5	1	5	0	1756	0	0	0	0
16	1	8	5	1	5	0	1757	0	0	0	0
16	1	7	5	1	5	0	1758	0	0	0	0
16	1	4	5	1	5	0	1759	0	0	0	0
16	1	9	5	1	5	0	1760	0	0	0	0
16	1	5	5	1	5	0	1761	0	0	0	0
16	1	6	5	1	5	0	1762	0	0	0	0
16	1	0	6	1	6	0	1860	0	0	0	0
16	1	1	6	1	6	0	1861	0	0	0	0
16	1	3	6	1	6	0	1862	0	0	0	0
16	1	2	6	1	6	0	1863	0	0	0	0
16	1	8	6	1	6	0	1864	0	0	0	0
16	1	7	6	1	6	0	1865	0	0	0	0
16	1	4	6	1	6	0	1866	0	0	0	0
16	1	9	6	1	6	0	1867	0	0	0	0
16	1	5	6	1	6	0	1868	0	0	0	0
16	1	6	6	1	6	0	1869	0	0	0	0
16	1	0	7	1	7	0	1870	0	0	0	0
16	1	1	7	1	7	0	1871	0	0	0	0
16	1	3	7	1	7	0	1872	0	0	0	0
16	1	2	7	1	7	0	1873	0	0	0	0
16	1	8	7	1	7	0	1874	0	0	0	0
16	1	7	7	1	7	0	1875	0	0	0	0
16	1	4	7	1	7	0	1876	0	0	0	0
16	1	9	7	1	7	0	1877	0	0	0	0
16	1	5	7	1	7	0	1878	0	0	0	0
16	1	6	7	1	7	0	1879	0	0	0	0
16	1	0	8	2	2	0	1880	0	0	0	0
16	1	1	8	2	2	0	1881	0	0	0	0
16	1	3	8	2	2	0	1882	0	0	0	0
16	1	2	8	2	2	0	1883	0	0	0	0
16	1	8	8	2	2	0	1884	0	0	0	0
16	1	7	8	2	2	0	1885	0	0	0	0
16	1	4	8	2	2	0	1886	0	0	0	0
16	1	9	8	2	2	0	1887	0	0	0	0
16	1	5	8	2	2	0	1888	0	0	0	0
16	1	6	8	2	2	0	1889	0	0	0	0
16	1	0	9	2	3	0	1890	0	0	0	0
16	1	1	9	2	3	0	1891	0	0	0	0
16	1	3	9	2	3	0	1892	0	0	0	0
16	1	2	9	2	3	0	1893	0	0	0	0
16	1	8	9	2	3	0	1894	0	0	0	0
16	1	7	9	2	3	0	1895	0	0	0	0
16	1	4	9	2	3	0	1896	0	0	0	0
16	1	9	9	2	3	0	1897	0	0	0	0
16	1	5	9	2	3	0	1898	0	0	0	0
16	1	6	9	2	3	0	1899	0	0	0	0
16	1	0	10	2	4	0	1900	0	0	0	0
16	1	1	10	2	4	0	1901	0	0	0	0
16	1	3	10	2	4	0	1902	0	0	0	0
16	1	2	10	2	4	0	1903	0	0	0	0
16	1	8	10	2	4	0	1904	0	0	0	0
16	1	7	10	2	4	0	1905	0	0	0	0
16	1	4	10	2	4	0	1906	0	0	0	0
16	1	9	10	2	4	0	1907	0	0	0	0
16	1	5	10	2	4	0	1908	0	0	0	0
16	1	6	10	2	4	0	1909	0	0	0	0
16	1	0	11	2	5	0	1910	0	0	0	0
16	1	1	11	2	5	0	1911	0	0	0	0
16	1	3	11	2	5	0	1912	0	0	0	0
16	1	2	11	2	5	0	1913	0	0	0	0
16	1	8	11	2	5	0	1914	0	0	0	0
16	1	7	11	2	5	0	1915	0	0	0	0
16	1	4	11	2	5	0	1916	0	0	0	0
16	1	9	11	2	5	0	1917	0	0	0	0
16	1	5	11	2	5	0	1918	0	0	0	0
16	1	6	11	2	5	0	1919	0	0	0	0
16	1	0	12	2	6	0	1920	0	0	0	0
16	1	1	12	2	6	0	1921	0	0	0	0
16	1	3	12	2	6	0	1922	0	0	0	0
16	1	2	12	2	6	0	1923	0	0	0	0
16	1	8	12	2	6	0	1924	0	0	0	0
16	1	7	12	2	6	0	1925	0	0	0	0
16	1	4	12	2	6	0	1926	0	0	0	0
16	1	9	12	2	6	0	1927	0	0	0	0
16	1	5	12	2	6	0	1928	0	0	0	0
16	1	6	12	2	6	0	1929	0	0	0	0
16	1	0	13	2	7	0	1930	0	0	0	0
16	1	1	13	2	7	0	1931	0	0	0	0
16	1	3	13	2	7	0	1932	0	0	0	0
16	1	2	13	2	7	0	1933	0	0	0	0
16	1	8	13	2	7	0	1934	0	0	0	0
16	1	7	13	2	7	0	1935	0	0	0	0
16	1	4	13	2	7	0	1936	0	0	0	0
16	1	9	13	2	7	0	1937	0	0	0	0
16	1	5	13	2	7	0	1938	0	0	0	0
16	1	6	13	2	7	0	1939	0	0	0	0
63	1	23	1	310251642	0	0	1940	0	0	0	0
63	1	23	2	310251643	0	0	1940	0	0	0	0
63	1	23	3	310251644	0	0	1940	0	0	0	0
63	1	23	4	310251645	0	0	1940	0	0	0	0
63	1	23	5	310251646	0	0	1940	0	0	0	0
63	1	23	6	310251647	0	0	1940	0	0	0	0
63	1	23	7	310251648	0	0	1940	0	0	0	0
63	1	23	8	310251649	0	0	1940	0	0	0	0
63	1	23	9	310251658	0	0	1941	0	0	0	0
63	1	23	10	310251659	0	0	1941	0	0	0	0
63	1	23	11	310251660	0	0	1941	0	0	0	0
63	1	23	12	310251661	0	0	1941	0	0	0	0
63	1	23	13	310251662	0	0	1941	0	0	0	0
63	1	23	14	310251663	0	0	1941	0	0	0	0
63	1	23	15	310251664	0	0	1941	0	0	0	0
63	1	23	16	310251665	0	0	1941	0	0	0	0
63	1	23	17	310251666	0	0	1942	0	0	0	0
63	1	23	18	310251667	0	0	1942	0	0	0	0
63	1	23	19	310251668	0	0	1942	0	0	0	0
63	1	23	20	310251669	0	0	1942	0	0	0	0
63	1	23	21	310251670	0	0	1942	0	0	0	0
63	1	23	22	310251671	0	0	1942	0	0	0	0
63	1	23	23	310251672	0	0	1942	0	0	0	0
63	1	23	24	310251673	0	0	1942	0	0	0	0
17	1	1	1	1	1	3	734	0	0	0	0
17	1	2	1	1	1	3	734	0	0	0	0
17	1	3	1	1	1	3	734	0	0	0	0
17	1	0	1	8	2	3	2545	0	0	0	0
17	1	0	2	5	1	3	1401	0	0	0	0
17	1	1	2	5	1	3	1402	0	0	0	0
17	1	2	2	6	1	3	1403	0	0	0	0
17	1	3	2	8	1	3	1404	0	0	0	0
17	1	0	3	5	2	3	1405	0	0	0	0
17	1	1	3	10	2	3	1406	0	0	0	0
17	1	2	3	10	2	3	1407	0	0	0	0
17	1	3	3	10	2	3	1408	0	0	0	0
17	1	0	4	5	3	3	1409	0	0	0	0
17	1	1	4	10	3	3	1410	0	0	0	0
17	1	0	5	10	4	3	1411	0	0	0	0
17	1	0	6	5	5	3	1412	0	0	0	0
17	1	0	7	5	6	3	1413	0	0	0	0
17	1	0	8	5	8	3	1414	0	0	0	0
17	1	0	9	5	3	4	1415	0	0	0	0
17	1	1	5	8	3	4	1416	0	0	0	0
17	1	3	4	10	3	4	1417	0	0	0	0
17	1	0	10	5	4	4	1418	0	0	0	0
17	1	0	11	10	4	4	1419	0	0	0	0
17	1	1	6	10	4	4	1420	0	0	0	0
17	1	3	5	10	4	4	1421	0	0	0	0
17	1	0	12	5	5	4	1422	0	0	0	0
17	1	0	13	10	5	4	1423	0	0	0	0
17	1	1	7	10	5	4	1424	0	0	0	0
17	1	3	6	10	5	4	1425	0	0	0	0
17	1	0	14	5	6	4	1426	0	0	0	0
17	1	0	15	10	6	4	1427	0	0	0	0
17	1	1	8	10	6	4	1428	0	0	0	0
17	1	3	7	10	6	4	1429	0	0	0	0
17	1	0	16	5	6	4	1430	0	0	0	0
17	1	0	17	10	6	4	1431	0	0	0	0
17	1	1	9	10	7	4	1432	0	0	0	0
17	1	3	8	10	7	4	1433	0	0	0	0
17	1	0	18	5	8	4	1434	0	0	0	0
17	1	0	19	10	8	4	1435	0	0	0	0
17	1	1	10	10	8	4	1436	0	0	0	0
17	1	3	9	10	8	4	1437	0	0	0	0
17	1	0	20	10	4	5	1438	0	0	0	0
17	1	0	21	10	5	5	1439	0	0	0	0
17	1	0	22	2	4	3	2168	0	0	0	0
17	1	0	23	4	4	3	2169	0	0	0	0
17	1	0	24	6	4	3	2170	0	0	0	0
17	1	0	25	2	5	3	2171	0	0	0	0
17	1	0	26	3	5	3	2172	0	0	0	0
17	1	0	27	4	5	3	2173	0	0	0	0
17	1	3	10	2	4	3	2174	0	0	0	0
17	1	0	28	2	6	3	2175	0	0	0	0
17	1	3	11	2	5	3	2176	0	0	0	0
17	1	3	12	4	5	3	2177	0	0	0	0
18	1	0	1	2	5	0	2632	0	0	0	0
18	1	0	2	5	5	0	2618	2528	0	0	0
18	1	0	3	8	5	0	2520	0	0	0	0
18	1	0	4	10	5	0	739	2630	0	0	0
18	1	0	5	2	10	0	2622	0	0	0	0
18	1	0	6	5	10	0	2626	0	0	0	0
18	1	0	7	10	10	0	951	0	0	0	0
18	1	0	8	10	15	0	952	0	0	0	0
18	1	0	9	10	20	0	953	0	0	0	0
18	1	0	10	10	25	0	954	0	0	0	0
18	1	0	11	10	30	0	957	0	0	0	0
18	1	0	12	8	35	0	962	0	0	0	0
18	1	0	13	8	40	0	963	0	0	0	0
18	1	0	14	10	45	0	968	0	0	0	0
18	1	0	15	10	50	0	969	0	0	0	0
18	1	0	16	10	55	0	974	0	0	0	0
18	1	0	17	10	60	0	975	0	0	0	0
18	1	0	18	10	65	0	980	0	0	0	0
18	1	0	19	10	70	0	981	0	0	0	0
18	1	0	20	10	75	0	986	0	0	0	0
18	1	0	21	10	80	0	987	0	0	0	0
18	1	0	22	10	85	0	992	0	0	0	0
18	1	0	23	2	15	0	2158	0	0	0	0
18	1	0	24	4	15	0	2159	0	0	0	0
18	1	0	25	8	15	0	2160	0	0	0	0
18	1	0	26	2	20	0	2162	0	0	0	0
18	1	0	27	4	20	0	2163	0	0	0	0
18	1	0	28	6	20	0	2164	0	0	0	0
18	1	0	29	8	20	0	2165	0	0	0	0
18	1	0	30	2	25	0	2167	0	0	0	0
21	1	1011	1	2	0	0	709	0	0	0	0
21	1	2021	1	2	0	0	709	0	0	0	0
21	1	3021	1	2	0	0	709	0	0	0	0
21	1	4031	1	2	0	0	709	0	0	0	0
22	1	0	1	1	1	2	1111	0	0	0	0
22	1	0	2	1	2	2	1112	0	0	0	0
22	1	0	3	4	1	2	1115	0	0	0	0
22	1	0	4	1	5	2	1122	0	0	0	0
22	1	0	5	1	1	3	1125	0	0	0	0
22	1	0	6	1	2	3	1126	0	0	0	0
22	1	0	7	1	5	3	1135	0	0	0	0
22	1	0	8	3	1	3	1136	0	0	0	0
22	1	0	9	4	1	3	1137	0	0	0	0
22	1	0	10	6	1	3	1143	0	0	0	0
22	1	0	11	8	1	3	1144	0	0	0	0
22	1	0	12	2	5	3	1145	0	0	0	0
22	1	0	13	1	1	4	1146	0	0	0	0
22	1	0	14	8	5	3	1147	0	0	0	0
22	1	0	15	2	10	4	1148	0	0	0	0
22	1	0	16	2	5	6	1149	0	0	0	0
22	1	0	17	1	5	4	1150	0	0	0	0
22	1	0	18	3	1	4	1151	0	0	0	0
22	1	0	19	4	1	4	1152	0	0	0	0
22	1	0	20	2	5	4	1153	0	0	0	0
22	1	0	21	5	1	4	1154	0	0	0	0
22	1	0	22	7	1	4	1155	0	0	0	0
22	1	0	23	8	1	4	1156	0	0	0	0
22	1	0	24	3	5	4	1157	0	0	0	0
22	1	0	25	8	5	4	1158	0	0	0	0
22	1	0	26	12	1	4	1159	0	0	0	0
22	1	0	27	1	1	2	710	0	0	0	0
22	1	0	28	1	2	2	743	0	0	0	0
22	1	0	29	2	1	2	2543	0	0	0	0
22	1	0	30	3	1	2	2628	0	0	0	0
22	1	0	31	2	5	6	1149	0	0	0	0
24	1	0	1	4	2	0	1101	2421	0	0	0
24	1	0	2	2	5	0	1102	0	0	0	0
24	1	0	3	4	7	0	1103	0	0	0	0
24	1	0	4	2	10	0	1104	0	0	0	0
24	1	0	5	4	10	0	2422	0	0	0	0
24	1	0	6	4	12	0	1105	0	0	0	0
24	1	0	7	2	15	0	1106	0	0	0	0
24	1	0	8	4	15	0	2423	2157	0	0	0
24	1	0	9	4	17	0	1113	0	0	0	0
24	1	0	10	2	20	0	1114	0	0	0	0
24	1	0	11	4	14	0	2424	0	0	0	0
24	1	0	12	4	22	0	1116	0	0	0	0
24	1	0	13	2	25	0	1117	0	0	0	0
24	1	0	14	4	27	0	1123	0	0	0	0
24	1	0	15	2	30	0	1124	0	0	0	0
24	1	0	16	4	32	0	1127	0	0	0	0
24	1	0	17	2	35	0	1128	0	0	0	0
24	1	0	18	4	37	0	1133	0	0	0	0
24	1	0	19	2	40	0	1134	0	0	0	0
24	1	0	20	4	42	0	1138	0	0	0	0
24	1	0	21	4	44	0	1139	0	0	0	0
24	1	0	22	4	45	0	1140	0	0	0	0
24	1	0	23	4	47	0	1141	0	0	0	0
24	1	0	24	4	50	0	1142	0	0	0	0
24	1	0	25	4	14	0	2544	0	0	0	0
31	1	0	1	1	1	0	712	0	0	0	0
31	1	0	2	1	1	0	713	0	0	0	0
31	1	0	3	3	1	2	1251	0	0	0	0
31	1	0	4	3	1	3	1252	0	0	0	0
31	1	0	5	1	1	4	1253	2433	2179	0	0
31	1	0	6	2	1	4	1256	2184	2543	0	0
31	1	0	7	3	1	4	1262	0	0	0	0
31	1	0	8	4	1	4	1263	2185	0	0	0
31	1	0	9	5	1	4	1264	0	0	0	0
31	1	0	10	2	1	5	1266	0	0	0	0
31	1	0	11	3	1	5	1270	0	0	0	0
31	1	0	12	4	1	5	1274	0	0	0	0
31	1	0	13	6	1	4	1277	0	0	0	0
31	1	0	14	7	1	4	1278	0	0	0	0
31	1	0	15	5	1	5	1280	0	0	0	0
31	1	0	16	4	1	4	2434	0	0	0	0
31	1	0	17	7	1	4	2435	0	0	0	0
31	1	0	18	1	1	5	1265	2436	0	0	0
31	1	0	19	2	1	5	1266	0	0	0	0
31	1	0	20	6	1	5	1284	0	0	0	0
31	1	0	21	7	1	5	1288	0	0	0	0
31	1	0	22	1	1	3	2152	0	0	0	0
31	1	0	23	4	1	3	2178	0	0	0	0
31	1	0	24	3	1	0	1254	0	0	0	0
31	1	0	25	2	1	0	753	0	0	0	0
31	1	0	26	5	1	0	754	0	0	0	0
31	1	0	27	4	1	2	2533	0	0	0	0
32	1	731000001	1	20	0	0	2437	0	0	0	0
32	1	731000002	1	20	0	0	2437	0	0	0	0
32	1	731000003	1	20	0	0	2437	0	0	0	0
32	1	731000004	1	20	0	0	2437	0	0	0	0
32	1	741000001	1	20	0	0	2437	0	0	0	0
32	1	741000002	1	20	0	0	2437	0	0	0	0
32	1	741000003	1	20	0	0	2437	0	0	0	0
32	1	741000004	1	20	0	0	2437	0	0	0	0
32	1	741000005	1	20	0	0	2437	0	0	0	0
32	1	741000006	1	20	0	0	2437	0	0	0	0
32	1	751000001	1	20	0	0	2437	0	0	0	0
32	1	751000002	1	20	0	0	2437	0	0	0	0
32	1	751000003	1	20	0	0	2437	0	0	0	0
32	1	751000004	1	20	0	0	2437	0	0	0	0
32	1	751000005	1	20	0	0	2437	0	0	0	0
32	1	751000006	1	20	0	0	2437	0	0	0	0
32	1	751000007	1	20	0	0	2437	0	0	0	0
32	1	761000001	1	20	0	0	2437	0	0	0	0
32	1	761000002	1	20	0	0	2437	0	0	0	0
32	1	761000003	1	20	0	0	2437	0	0	0	0
32	1	761000004	1	20	0	0	2437	0	0	0	0
32	1	761000005	1	20	0	0	2437	0	0	0	0
32	1	742000001	1	20	0	0	2438	0	0	0	0
32	1	742000002	1	20	0	0	2438	0	0	0	0
32	1	742000003	1	20	0	0	2438	0	0	0	0
32	1	742000004	1	20	0	0	2438	0	0	0	0
32	1	742000005	1	20	0	0	2438	0	0	0	0
32	1	742000006	1	20	0	0	2438	0	0	0	0
32	1	752000001	1	20	0	0	2438	0	0	0	0
32	1	752000002	1	20	0	0	2438	0	0	0	0
32	1	752000003	1	20	0	0	2438	0	0	0	0
32	1	752000004	1	20	0	0	2438	0	0	0	0
32	1	752000005	1	20	0	0	2438	0	0	0	0
32	1	752000006	1	20	0	0	2438	0	0	0	0
32	1	752000007	1	20	0	0	2438	0	0	0	0
32	1	762000001	1	20	0	0	2438	0	0	0	0
32	1	762000002	1	20	0	0	2438	0	0	0	0
32	1	762000003	1	20	0	0	2438	0	0	0	0
32	1	762000004	1	20	0	0	2438	0	0	0	0
32	1	762000005	1	20	0	0	2438	0	0	0	0
32	1	763000001	1	20	0	0	2439	0	0	0	0
32	1	763000002	1	20	0	0	2439	0	0	0	0
32	1	763000003	1	20	0	0	2439	0	0	0	0
32	1	763000004	1	20	0	0	2439	0	0	0	0
32	1	763000005	1	20	0	0	2439	0	0	0	0
32	1	760000001	1	1	0	0	2701	0	0	0	0
32	1	760000002	1	1	0	0	2702	0	0	0	0
32	1	760000003	1	1	0	0	2703	0	0	0	0
32	1	760000004	1	1	0	0	2704	0	0	0	0
32	1	760000005	1	1	0	0	2705	0	0	0	0
32	1	760000006	1	1	0	0	2706	0	0	0	0
32	1	760000007	1	1	0	0	2707	0	0	0	0
32	1	760000008	1	1	0	0	2708	0	0	0	0
32	1	760000009	1	1	0	0	2709	0	0	0	0
32	1	760000010	1	1	0	0	2710	0	0	0	0
32	1	760000011	1	1	0	0	2711	0	0	0	0
32	1	760000012	1	1	0	0	2711	0	0	0	0
32	1	760000013	1	1	0	0	2711	0	0	0	0
32	1	760000014	1	1	0	0	2711	0	0	0	0
32	1	760000015	1	1	0	0	2711	0	0	0	0
32	1	760000016	1	1	0	0	2711	0	0	0	0
32	1	760000017	1	1	0	0	2711	0	0	0	0
32	1	760000018	1	1	0	0	2711	0	0	0	0
32	1	760000019	1	1	0	0	2711	0	0	0	0
32	1	760000020	1	1	0	0	2711	0	0	0	0
32	1	740000001	1	1	0	0	2731	0	0	0	0
32	1	740000002	1	1	0	0	2732	0	0	0	0
32	1	740000003	1	1	0	0	2733	0	0	0	0
32	1	740000004	1	1	0	0	2734	0	0	0	0
32	1	740000005	1	1	0	0	2735	0	0	0	0
32	1	740000006	1	1	0	0	2736	0	0	0	0
32	1	740000007	1	1	0	0	2737	0	0	0	0
32	1	740000008	1	1	0	0	2738	0	0	0	0
32	1	740000009	1	1	0	0	2739	0	0	0	0
32	1	740000010	1	1	0	0	2740	0	0	0	0
32	1	740000011	1	1	0	0	2741	0	0	0	0
32	1	740000012	1	1	0	0	2741	0	0	0	0
32	1	740000013	1	1	0	0	2741	0	0	0	0
32	1	740000014	1	1	0	0	2741	0	0	0	0
32	1	740000015	1	1	0	0	2741	0	0	0	0
32	1	740000021	1	1	0	0	2742	0	0	0	0
32	1	740000022	1	1	0	0	2742	0	0	0	0
32	1	740000023	1	1	0	0	2742	0	0	0	0
32	1	740000024	1	1	0	0	2742	0	0	0	0
32	1	740000025	1	1	0	0	2742	0	0	0	0
32	1	730000001	1	1	0	0	2766	0	0	0	0
32	1	730000002	1	1	0	0	2767	0	0	0	0
32	1	730000003	1	1	0	0	2768	0	0	0	0
32	1	730000004	1	1	0	0	2769	0	0	0	0
32	1	730000005	1	1	0	0	2770	0	0	0	0
32	1	730000006	1	1	0	0	2771	0	0	0	0
32	1	730000007	1	1	0	0	2772	0	0	0	0
32	1	730000008	1	1	0	0	2773	0	0	0	0
32	1	730000009	1	1	0	0	2774	0	0	0	0
32	1	730000010	1	1	0	0	2775	0	0	0	0
32	1	730000011	1	1	0	0	2776	0	0	0	0
32	1	730000012	1	1	0	0	2777	0	0	0	0
32	1	730000013	1	1	0	0	2778	0	0	0	0
32	1	730000014	1	1	0	0	2779	0	0	0	0
32	1	730000015	1	1	0	0	2780	0	0	0	0
32	1	720000001	1	1	0	0	2786	0	0	0	0
32	1	720000002	1	1	0	0	2787	0	0	0	0
32	1	720000003	1	1	0	0	2788	0	0	0	0
32	1	720000004	1	1	0	0	2789	0	0	0	0
32	1	720000005	1	1	0	0	2790	0	0	0	0
32	1	720000006	1	1	0	0	2791	0	0	0	0
32	1	710000001	1	1	0	0	2796	0	0	0	0
32	1	710000002	1	1	0	0	2797	0	0	0	0
32	1	710000003	1	1	0	0	2798	0	0	0	0
32	1	710000004	1	1	0	0	2799	0	0	0	0
35	1	0	1	1	0	0	2538	0	0	0	0
35	1	0	2	2	0	0	721	0	0	0	0
35	1	0	3	3	0	0	2180	0	0	0	0
35	1	0	4	4	0	0	729	2187	0	0	0
41	1	500103102	1	0	2	0	1563	0	0	0	0
41	1	500103102	2	0	5	0	1564	0	0	0	0
41	1	500103103	1	0	2	0	1563	0	0	0	0
41	1	500103103	2	0	5	0	1564	0	0	0	0
41	1	500103202	1	0	2	0	1563	0	0	0	0
41	1	500103202	2	0	5	0	1564	0	0	0	0
41	1	500103203	1	0	2	0	1563	0	0	0	0
41	1	500103203	2	0	5	0	1564	0	0	0	0
41	1	500114201	1	0	0	0	1604	0	0	0	0
41	1	500114202	1	0	0	0	1604	0	0	0	0
41	1	500114203	1	0	0	0	1604	0	0	0	0
41	1	500114204	1	0	0	0	1604	0	0	0	0
41	1	500114205	1	0	0	0	1604	0	0	0	0
41	1	500114206	1	0	0	0	1604	0	0	0	0
41	1	500114207	1	0	0	0	1604	0	0	0	0
41	1	500114208	1	0	0	0	1604	0	0	0	0
41	1	500114209	1	0	0	0	1604	0	0	0	0
41	1	500114210	1	0	0	0	1604	0	0	0	0
41	1	500114211	1	0	0	0	1604	0	0	0	0
41	1	500114212	1	0	0	0	1604	0	0	0	0
41	1	500114213	1	0	0	0	1604	0	0	0	0
44	1	0	1	1	0	3	2447	0	0	0	0
44	1	0	2	3	0	3	740	0	0	0	0
44	1	0	3	5	0	3	1562	0	0	0	0
42	1	0	1	4	2	3	1565	0	0	0	0
42	1	0	2	6	2	3	1567	0	0	0	0
43	1	0	1	4	7	3	1568	0	0	0	0
78	1	0	1	1	2	3	1569	0	0	0	0
43	1	0	2	5	7	4	1570	0	0	0	0
78	1	0	2	2	2	4	1571	0	0	0	0
44	1	0	4	7	0	3	1574	0	0	0	0
42	1	0	3	4	7	3	1575	0	0	0	0
44	1	0	5	8	0	3	1576	0	0	0	0
42	1	0	4	8	2	3	1578	0	0	0	0
42	1	0	5	4	3	3	1580	0	0	0	0
42	1	0	6	8	7	3	1581	0	0	0	0
43	1	0	3	6	7	6	1582	0	0	0	0
78	1	0	3	3	2	6	1583	0	0	0	0
42	1	0	7	3	4	3	1584	0	0	0	0
42	1	0	8	5	6	4	1585	0	0	0	0
42	1	0	9	6	3	3	1588	0	0	0	0
44	1	0	6	2	0	4	1586	0	0	0	0
44	1	0	7	3	0	4	1587	0	0	0	0
42	1	0	10	3	2	4	1589	0	0	0	0
42	1	0	11	3	7	4	1590	0	0	0	0
44	1	0	8	5	0	4	1592	0	0	0	0
42	1	0	12	6	2	4	1594	0	0	0	0
42	1	0	13	3	4	6	1595	0	0	0	0
42	1	0	14	5	6	6	1596	0	0	0	0
42	1	0	15	9	2	4	1601	0	0	0	0
42	1	0	16	8	7	4	1602	0	0	0	0
42	1	0	17	1	0	4	1604	0	0	0	0
42	1	0	18	9	3	4	1606	0	0	0	0
44	1	0	9	12	0	4	1608	0	0	0	0
42	1	0	19	12	3	4	1615	0	0	0	0
42	1	0	20	12	7	4	1616	0	0	0	0
42	1	0	21	1	2	3	720	0	0	0	0
44	1	0	10	8	0	3	1600	0	0	0	0
43	1	0	4	4	8	3	1577	0	0	0	0
43	1	0	5	2	8	3	1579	0	0	0	0
43	1	0	6	1	7	4	1591	0	0	0	0
43	1	0	7	1	8	4	1593	0	0	0	0
43	1	0	8	4	7	4	1599	0	0	0	0
43	1	0	9	4	8	4	1603	0	0	0	0
43	1	0	10	8	8	4	1605	0	0	0	0
43	1	0	11	6	8	4	1607	0	0	0	0
43	1	0	12	12	8	4	1609	0	0	0	0
43	1	0	13	8	7	4	1614	0	0	0	0
43	1	0	14	1	7	3	1566	0	0	0	0
43	1	0	15	4	7	3	1572	0	0	0	0
43	1	0	16	1	8	3	1573	0	0	0	0
44	1	0	11	3	0	3	1561	0	0	0	0
45	1	103	1	0	0	0	2428	2429	0	0	0
45	1	104	1	0	0	0	2428	2429	0	0	0
45	1	74	1	0	0	0	2607	0	0	0	0
45	1	41	1	0	0	0	2524	0	0	0	0
45	1	601	1	0	0	0	2524	0	0	0	0
45	1	131	1	0	0	0	2629	0	0	0	0
50	1	0	1	110000	0	0	2514	0	0	0	0
50	1	0	2	200000	0	0	2188	0	0	0	0
50	1	0	3	240000	0	0	2189	0	0	0	0
50	1	0	4	280000	0	0	2190	0	0	0	0
50	1	0	5	300000	0	0	2191	0	0	0	0
50	1	0	6	330000	0	0	2192	0	0	0	0
50	1	0	7	360000	0	0	2193	0	0	0	0
50	1	0	8	420000	0	0	2194	0	0	0	0
50	1	0	9	80000	0	0	2540	0	0	0	0
51	1	0	1	2	2	103	812	0	0	0	0
51	1	0	2	4	2	102	814	0	0	0	0
51	1	0	3	4	3	102	829	0	0	0	0
51	1	0	4	2	3	103	830	0	0	0	0
51	1	0	5	2	4	103	847	0	0	0	0
51	1	0	6	4	4	102	849	0	0	0	0
51	1	0	7	2	5	103	865	0	0	0	0
51	1	0	8	4	5	102	867	0	0	0	0
52	1	0	1	1	0	0	702	2357	0	0	0
52	1	0	2	2	0	0	706	2358	2534	0	0
52	1	0	3	3	0	0	716	2359	2541	2161	0
52	1	0	4	4	0	0	2360	2515	2166	0	0
52	1	0	5	5	0	0	2361	0	0	0	0
52	1	0	6	6	0	0	2362	0	0	0	0
52	1	0	7	7	0	0	2363	0	0	0	0
52	1	0	8	8	0	0	2364	0	0	0	0
52	1	0	9	9	0	0	2365	0	0	0	0
52	1	0	10	10	0	0	2366	0	0	0	0
52	1	1	1	1	0	0	705	731	2401	802	2529
52	1	1	2	2	0	0	2402	2519	2149	0	0
52	1	1	3	3	0	0	2403	0	2153	0	0
52	1	1	4	4	0	0	2404	0	0	0	0
52	1	1	5	5	0	0	2405	0	0	0	0
52	1	1	6	6	0	0	2406	0	0	0	0
52	1	1	7	7	0	0	2407	0	0	0	0
52	1	1	8	8	0	0	2408	0	0	0	0
52	1	1	9	9	0	0	2409	0	0	0	0
52	1	1	10	10	0	0	2410	0	0	0	0
52	1	2	1	4	0	0	732	0	0	0	0
52	1	2	12	2	0	0	755	0	0	0	0
52	1	2	3	1	0	0	2391	0	0	0	0
52	1	2	4	2	0	0	2392	0	0	0	0
52	1	2	5	3	0	0	2393	0	0	0	0
52	1	2	6	4	0	0	2394	0	0	0	0
52	1	2	7	5	0	0	2395	0	0	0	0
52	1	2	8	6	0	0	2396	0	0	0	0
52	1	2	9	7	0	0	2397	0	0	0	0
52	1	2	10	8	0	0	2398	0	0	0	0
52	1	2	11	9	0	0	2399	0	0	0	0
52	1	2	12	10	0	0	2400	0	0	0	0
53	1	1006	1	0	0	0	707	0	0	0	0
54	1	0	1	4	3	7	2440	0	0	0	0
54	1	0	2	4	4	7	2441	0	0	0	0
54	1	0	3	4	5	7	2442	0	0	0	0
54	1	0	4	4	6	7	2443	0	0	0	0
54	1	0	5	8	2	7	2156	0	0	0	0
54	1	0	6	6	2	2	2518	0	0	0	0
55	1	0	1	0	0	0	2151	0	0	0	0
56	1	4402	1	0	0	0	2526	2640	0	0	0
56	1	7010	1	0	0	0	2639	2155	0	0	0
59	1	0	1	0	0	0	2602	2620	0	0	0
60	1	0	1	0	0	0	2603	0	0	0	0
61	1	0	1	0	0	0	2614	0	0	0	0
63	1	12	1	400400100	0	0	2612	0	0	0	0
63	1	21	1	400400100	0	0	2612	0	0	0	0
64	1	0	1	0	0	0	2613	0	0	0	0
65	1	0	1	0	0	0	2611	0	0	0	0
66	1	0	1	0	0	0	717	0	0	0	0
66	1	1	1	0	0	0	717	0	0	0	0
67	1	0	1	0	0	0	2615	0	0	0	0
68	1	10	1	2	2	0	2621	0	0	0	0
69	1	0	1	1	1	0	2624	1255	0	0	0
69	1	0	2	2	1	0	2625	0	0	0	0
69	1	0	3	1	2	0	2697	0	0	0	0
69	1	0	4	1	2	0	1261	0	0	0	0
69	1	0	5	1	3	0	1269	0	0	0	0
69	1	0	6	1	4	0	1273	0	0	0	0
69	1	0	7	1	6	0	1279	0	0	0	0
69	1	0	8	1	7	0	1283	0	0	0	0
69	1	0	9	1	8	0	1287	0	0	0	0
69	1	0	10	1	9	0	1289	0	0	0	0
70	1	0	1	200	0	0	2195	0	0	0	0
70	1	0	2	300	0	0	2196	0	0	0	0
70	1	0	3	500	0	0	2197	0	0	0	0
70	1	0	4	1000	0	0	2198	0	0	0	0
70	1	0	5	1500	0	0	2199	0	0	0	0
70	1	0	6	2000	0	0	2200	0	0	0	0
70	1	0	7	4000	0	0	2201	0	0	0	0
71	1	0	1	2	0	0	2181	0	0	0	0
71	1	0	2	3	0	0	2183	0	0	0	0
72	1	0	1	1	3	0	2182	0	0	0	0
72	1	0	2	1	4	0	2186	0	0	0	0
74	1	1	1	1	0	0	1945	0	0	0	0
75	1	0	1	1	1	0	2901	0	0	0	0
75	1	0	2	1	2	0	2902	0	0	0	0
75	1	0	3	1	3	0	2903	0	0	0	0
75	1	0	4	1	4	0	2904	0	0	0	0
75	1	0	5	1	5	0	2905	0	0	0	0
75	1	0	6	1	6	0	2906	1107	0	0	0
75	1	0	7	2	1	0	2907	0	0	0	0
75	1	0	8	2	2	0	2908	0	0	0	0
75	1	0	9	2	3	0	2909	0	0	0	0
75	1	0	10	2	4	0	2910	0	0	0	0
75	1	0	11	2	5	0	2911	0	0	0	0
75	1	0	12	2	6	0	2912	1108	0	0	0
75	1	0	13	3	1	0	2913	0	0	0	0
75	1	0	14	3	2	0	2914	0	0	0	0
75	1	0	15	3	3	0	2915	0	0	0	0
75	1	0	16	3	4	0	2916	0	0	0	0
75	1	0	17	3	5	0	2917	0	0	0	0
75	1	0	18	3	6	0	2918	1109	0	0	0
75	1	0	19	4	1	0	2919	0	0	0	0
75	1	0	20	4	2	0	2920	0	0	0	0
75	1	0	21	4	3	0	2921	0	0	0	0
75	1	0	22	4	4	0	2922	0	0	0	0
75	1	0	23	4	5	0	2923	0	0	0	0
75	1	0	24	4	6	0	2924	1110	0	0	0
75	1	0	25	5	1	0	2925	0	0	0	0
75	1	0	26	5	2	0	2926	0	0	0	0
75	1	0	27	5	3	0	2927	0	0	0	0
75	1	0	28	5	4	0	2928	0	0	0	0
75	1	0	29	5	5	0	2929	0	0	0	0
75	1	0	30	5	6	0	2930	1118	0	0	0
75	1	0	31	6	1	0	2931	0	0	0	0
75	1	0	32	6	2	0	2932	0	0	0	0
75	1	0	33	6	3	0	2933	0	0	0	0
75	1	0	34	6	4	0	2934	0	0	0	0
75	1	0	35	6	5	0	2935	0	0	0	0
75	1	0	36	6	6	0	2936	0	0	0	0
75	1	0	37	7	1	0	2937	0	0	0	0
75	1	0	38	7	2	0	2938	0	0	0	0
75	1	0	39	7	3	0	2939	0	0	0	0
75	1	0	40	7	4	0	2940	0	0	0	0
75	1	0	41	7	5	0	2941	0	0	0	0
75	1	0	42	7	6	0	2942	0	0	0	0
75	1	0	43	8	1	0	2943	0	0	0	0
75	1	0	44	8	2	0	2944	0	0	0	0
75	1	0	45	8	3	0	2945	0	0	0	0
75	1	0	46	8	4	0	2946	0	0	0	0
75	1	0	47	8	5	0	2947	0	0	0	0
75	1	0	48	8	6	0	2948	0	0	0	0
75	1	0	49	9	1	0	2949	0	0	0	0
75	1	0	50	9	2	0	2950	0	0	0	0
75	1	0	51	9	3	0	2951	0	0	0	0
75	1	0	52	9	4	0	2952	0	0	0	0
75	1	0	53	9	5	0	2953	0	0	0	0
75	1	0	54	9	6	0	2954	0	0	0	0
75	1	0	55	10	1	0	2955	0	0	0	0
75	1	0	56	10	2	0	2956	0	0	0	0
75	1	0	57	10	3	0	2957	0	0	0	0
75	1	0	58	10	4	0	2958	0	0	0	0
75	1	0	59	10	5	0	2959	0	0	0	0
75	1	0	60	10	6	0	2960	0	0	0	0
77	1	0	1	6	1	0	1119	0	0	0	0
77	1	0	2	18	1	0	1120	0	0	0	0
77	1	0	3	24	1	0	1121	0	0	0	0
79	1	0	1	1	10	6	1160	0	0	0	0
79	1	0	2	1	1	4	1161	0	0	0	0
